
Allene (CH2CCH2) dissociation cross-sections
Andrew Lincowski
Virtual Planetary Laboratory
University of Washington
Updated 6/11/2020
======================================
1176.5  5.2400e-17
1177.9  5.2400e-17
1179.2  5.2400e-17
1180.6  5.2400e-17
1182.0  5.2400e-17
1183.4  5.2400e-17
1184.8  5.2400e-17
1186.2  5.2400e-17
1187.6  5.2400e-17
1189.1  5.2400e-17
1190.5  5.2400e-17
1191.9  5.2400e-17
1193.3  5.2400e-17
1194.7  5.2400e-17
1196.2  5.2400e-17
1197.6  5.2400e-17
1199.0  5.2400e-17
1200.5  5.2400e-17
1201.9  5.2400e-17
1203.4  5.2400e-17
1204.8  5.2400e-17
1206.3  5.2400e-17
1207.7  5.2400e-17
1209.2  5.2400e-17
1210.7  5.2400e-17
1212.1  5.2400e-17
1213.6  5.2400e-17
1215.1  5.2400e-17
1216.5  5.2400e-17
1218.0  5.2400e-17
1219.5  5.2400e-17
1221.0  5.2400e-17
1222.5  5.2631e-17
1224.0  5.3077e-17
1225.5  5.3200e-17
1227.0  5.3027e-17
1228.5  5.2800e-17
1230.0  5.2275e-17
1231.5  5.1700e-17
1233.0  5.1154e-17
1234.6  5.2189e-17
1236.1  5.2936e-17
1237.6  5.3020e-17
1239.2  5.2814e-17
1240.7  5.2800e-17
1242.2  5.2120e-17
1243.8  5.0833e-17
1245.3  5.1800e-17
1246.9  5.2481e-17
1248.4  5.1709e-17
1250.0  5.3033e-17
1251.6  5.2650e-17
1253.1  4.9733e-17
1254.7  4.9900e-17
1256.3  4.9000e-17
1257.9  4.7357e-17
1259.4  5.1086e-17
1261.0  4.5500e-17
1262.6  4.9100e-17
1264.2  5.2100e-17
1265.8  4.7931e-17
1267.4  4.8757e-17
1269.0  5.1500e-17
1270.6  5.4300e-17
1272.3  4.9267e-17
1273.9  4.9800e-17
1275.5  4.9086e-17
1277.1  4.9600e-17
1278.8  5.1786e-17
1280.4  5.2513e-17
1282.1  5.0060e-17
1283.7  4.9573e-17
1285.3  5.3500e-17
1287.0  5.1380e-17
1288.7  4.8700e-17
1290.3  4.8000e-17
1292.0  4.2350e-17
1293.7  4.4929e-17
1295.3  5.1971e-17
1297.0  4.6400e-17
1298.7  4.5733e-17
1300.4  4.5350e-17
1302.1  3.9945e-17
1303.8  4.1756e-17
1305.5  3.9900e-17
1307.2  3.7800e-17
1308.9  4.4114e-17
1310.6  4.0262e-17
1312.3  4.1525e-17
1314.1  4.0300e-17
1315.8  3.8154e-17
1317.5  3.4086e-17
1319.3  3.5340e-17
1321.0  4.2140e-17
1322.8  3.7486e-17
1324.5  3.5967e-17
1326.3  3.4586e-17
1328.0  3.2920e-17
1329.8  3.1817e-17
1331.6  3.4100e-17
1333.3  4.3711e-17
1335.1  3.8814e-17
1336.9  3.5550e-17
1338.7  3.5041e-17
1340.5  3.5300e-17
1342.3  3.8900e-17
1344.1  4.1140e-17
1345.9  3.9000e-17
1347.7  3.8880e-17
1349.5  4.0071e-17
1351.4  3.9300e-17
1353.2  3.8415e-17
1355.0  3.8062e-17
1356.9  3.8767e-17
1358.7  3.9986e-17
1360.5  3.8610e-17
1362.4  3.7963e-17
1364.3  4.0150e-17
1366.1  3.9250e-17
1368.0  3.9150e-17
1369.9  3.8917e-17
1371.7  3.6520e-17
1373.6  3.7271e-17
1375.5  3.9957e-17
1377.4  3.9100e-17
1379.3  3.4788e-17
1381.2  3.5014e-17
1383.1  3.6236e-17
1385.0  3.6300e-17
1387.0  4.4200e-17
1388.9  4.8571e-17
1390.8  4.5667e-17
1392.8  3.3200e-17
1394.7  4.0900e-17
1396.6  4.2023e-17
1398.6  4.2400e-17
1400.6  4.6600e-17
1402.5  3.7600e-17
1404.5  3.2187e-17
1406.5  3.3133e-17
1408.5  3.4100e-17
1410.4  3.5200e-17
1412.4  3.7875e-17
1414.4  4.1025e-17
1416.4  4.5014e-17
1418.4  4.6300e-17
1420.5  3.7317e-17
1422.5  3.6764e-17
1424.5  4.1520e-17
1426.5  4.8100e-17
1428.6  5.1157e-17
1430.6  3.3500e-17
1432.7  3.4029e-17
1434.7  3.1900e-17
1436.8  3.7886e-17
1438.8  3.8950e-17
1440.9  4.2033e-17
1443.0  4.6050e-17
1445.1  5.2733e-17
1447.2  6.0338e-17
1449.3  6.6200e-17
1451.4  6.0567e-17
1453.5  3.6800e-17
1455.6  3.0800e-17
1457.7  2.9500e-17
1459.9  2.7514e-17
1462.0  2.8077e-17
1464.1  2.5283e-17
1466.3  2.2960e-17
1468.4  2.5000e-17
1470.6  2.2550e-17
1472.8  2.5250e-17
1474.9  2.7646e-17
1477.1  2.8627e-17
1479.3  2.6915e-17
1481.5  2.6300e-17
1483.7  2.3682e-17
1485.9  2.8875e-17
1488.1  2.6617e-17
1490.3  3.1950e-17
1492.5  3.3600e-17
1494.8  3.0978e-17
1497.0  2.6543e-17
1499.3  2.9208e-17
1501.5  2.9025e-17
1503.8  3.1943e-17
1506.0  3.4933e-17
1508.3  3.2770e-17
1510.6  2.9579e-17
1512.9  2.9214e-17
1515.2  3.2800e-17
1517.5  3.3571e-17
1519.8  3.7860e-17
1522.1  3.4110e-17
1524.4  3.7800e-17
1526.7  3.2833e-17
1529.1  2.7100e-17
1531.4  2.5700e-17
1533.7  2.5967e-17
1536.1  2.8850e-17
1538.5  2.8920e-17
1540.8  3.5375e-17
1543.2  4.4867e-17
1545.6  3.8138e-17
1548.0  3.9000e-17
1550.4  2.6275e-17
1552.8  2.4950e-17
1555.2  2.6500e-17
1557.6  2.0100e-17
1560.1  1.7923e-17
1562.5  1.6644e-17
1564.9  1.6032e-17
1567.4  1.6400e-17
1569.9  1.6768e-17
1572.3  1.7286e-17
1574.8  1.7929e-17
1577.3  1.8574e-17
1579.8  1.9149e-17
1582.3  1.9824e-17
1584.8  2.0613e-17
1587.3  2.1500e-17
1589.8  2.2359e-17
1592.4  2.3482e-17
1594.9  2.4650e-17
1597.4  2.6124e-17
1600.0  2.7263e-17
1602.6  2.8075e-17
1605.1  2.9578e-17
1607.7  3.1428e-17
1610.3  3.3020e-17
1612.9  3.5011e-17
1615.5  3.7215e-17
1618.1  3.9024e-17
1620.7  4.0438e-17
1623.4  4.1510e-17
1626.0  4.2572e-17
1628.7  4.3928e-17
1631.3  4.6156e-17
1634.0  5.0870e-17
1636.7  5.2206e-17
1639.3  5.2971e-17
1642.0  5.4200e-17
1644.7  5.6526e-17
1647.4  5.8475e-17
1650.2  5.8539e-17
1652.9  5.8800e-17
1655.6  6.1080e-17
1658.4  6.4850e-17
1661.1  6.8772e-17
1663.9  6.9719e-17
1666.7  6.7664e-17
1669.4  6.4675e-17
1672.2  6.1843e-17
1675.0  6.2163e-17
1677.9  6.7700e-17
1680.7  7.3900e-17
1683.5  7.3744e-17
1686.3  6.8635e-17
1689.2  6.8471e-17
1692.0  6.6533e-17
1694.9  6.5125e-17
1697.8  7.5214e-17
1700.7  8.7533e-17
1703.6  8.9374e-17
1706.5  8.5571e-17
1709.4  7.7400e-17
1712.3  7.7016e-17
1715.3  7.6650e-17
1718.2  8.8018e-17
1721.2  8.8743e-17
1724.1  8.8329e-17
1727.1  8.6993e-17
1730.1  8.3500e-17
1733.1  7.6850e-17
1736.1  6.7700e-17
1739.1  6.1382e-17
1742.2  5.7560e-17
1745.2  5.1289e-17
1748.3  4.6275e-17
1751.3  4.3000e-17
1754.4  4.0011e-17
1757.5  3.7247e-17
1760.6  3.4633e-17
1763.7  3.2588e-17
1766.8  3.0900e-17
1769.9  2.7816e-17
1773.0  2.4300e-17
1776.2  2.1484e-17
1779.4  1.8505e-17
1782.5  1.6179e-17
1785.7  1.4577e-17
1788.9  1.2927e-17
1792.1  1.1540e-17
1795.3  1.0917e-17
1798.6  1.0558e-17
1801.8  1.0326e-17
1805.1  1.0141e-17
1808.3  9.9213e-18
1811.6  9.0917e-18
1814.9  8.7145e-18
1818.2  8.8835e-18
1821.5  9.4267e-18
1824.8  1.0367e-17
1828.2  1.1076e-17
1831.5  1.0900e-17
1834.9  1.0346e-17
1838.2  1.0243e-17
1841.6  1.1112e-17
1845.0  1.1533e-17
1848.4  1.0831e-17
1851.9  9.4900e-18
1855.3  8.4028e-18
1858.7  7.9629e-18
1862.2  8.4985e-18
1865.7  8.0777e-18
1869.2  7.0333e-18
1872.7  5.9392e-18
1876.2  5.0230e-18
1879.7  4.4373e-18
1883.2  4.5373e-18
1886.8  4.5956e-18
1890.4  3.8919e-18
1893.9  3.3148e-18
1897.5  2.8017e-18
1901.1  2.3909e-18
1904.8  2.1906e-18
1908.4  2.1758e-18
1912.0  2.2164e-18
1915.7  1.9192e-18
1919.4  1.6868e-18
1923.1  1.5600e-18
1926.8  1.4948e-18
1930.5  1.4618e-18
1934.2  1.4468e-18
1938.0  1.4215e-18
1941.7  1.3884e-18
1945.5  1.3684e-18
1949.3  1.3478e-18
1953.1  1.3268e-18
1956.9  1.3068e-18
1960.8  1.2804e-18
1964.6  1.2496e-18
1968.5  1.2128e-18
1972.4  1.1644e-18
1976.3  1.1412e-18
1980.2  1.1200e-18
1984.1  1.0989e-18
1988.1  1.0762e-18
1992.0  1.0545e-18
1996.0  1.0316e-18
2000.0  1.0103e-18
2004.0  9.9005e-19
2008.0  9.6943e-19
2012.1  9.4575e-19
2016.1  9.2450e-19
2020.2  9.0436e-19
2024.3  8.8321e-19
2028.4  8.6292e-19
2032.5  8.4205e-19
2036.7  8.2051e-19
2040.8  7.9910e-19
2045.0  7.7910e-19
2049.2  7.5892e-19
2053.4  7.3750e-19
2057.6  7.1705e-19
2061.9  6.9700e-19
2066.1  6.7647e-19
2070.4  6.5558e-19
2074.7  6.3391e-19
2079.0  6.1753e-19
2083.3  6.0186e-19
2087.7  5.7919e-19
2092.1  5.6319e-19
2096.4  5.4581e-19
2100.8  5.2877e-19
2105.3  5.1510e-19
2109.7  4.9883e-19
2114.2  4.8333e-19
2118.6  4.6904e-19
2123.1  4.5478e-19
2127.7  4.4000e-19
2132.2  4.2510e-19
2136.8  4.1018e-19
2141.3  3.9596e-19
2145.9  3.8000e-19
2150.5  3.6585e-19
2155.2  3.5155e-19
2159.8  3.3688e-19
2164.5  3.2220e-19
2169.2  3.0758e-19
2173.9  2.9307e-19
2178.6  2.7979e-19
2183.4  2.6530e-19
2188.2  2.5181e-19
2193.0  2.3967e-19
2197.8  2.2750e-19
2202.6  2.1433e-19
2207.5  2.0069e-19
2212.4  1.9042e-19
2217.3  1.7866e-19
2222.2  1.6742e-19
2227.2  1.5539e-19
2232.1  1.4405e-19
2237.1  1.3476e-19
2242.2  1.2262e-19
2247.2  1.1350e-19
2252.3  1.0459e-19
2257.3  9.5680e-20
2262.4  8.8249e-20
2267.6  8.1527e-20
2272.7  7.5025e-20
2277.9  6.8065e-20
2283.1  6.1029e-20
2288.3  5.4272e-20
2293.6  4.6971e-20
2298.9  4.1600e-20
2304.1  3.8710e-20
2309.5  3.5667e-20
2314.8  3.2455e-20
2320.2  2.9747e-20
2325.6  2.6950e-20
2331.0  2.4557e-20
2336.4  2.2227e-20
2341.9  2.0317e-20
2347.4  1.8314e-20
2352.9  1.6614e-20
2358.5  1.4947e-20
2364.1  1.3557e-20
2369.7  1.2354e-20
2375.3  1.1253e-20
2381.0  1.0263e-20
2386.6  9.3170e-21
2392.3  8.4936e-21
2398.1  7.6624e-21
2403.8  6.8993e-21
2409.6  6.2256e-21
2415.5  5.5710e-21
2421.3  4.9858e-21
2427.2  4.4891e-21
2433.1  4.0143e-21
2439.0  3.5838e-21
2445.0  3.2734e-21
2451.0  2.9418e-21
2457.0  2.6048e-21
2463.1  2.3182e-21
2469.1  2.0586e-21
2475.2  1.8173e-21
2481.4  1.5981e-21
2487.6  1.4501e-21
2493.8  1.2474e-21
2500.0  1.0557e-21
2506.3  9.6562e-22
2512.6  8.7481e-22
2518.9  7.8263e-22
2525.3  6.6356e-22
2531.6  5.7413e-22
2538.1  5.2944e-22
2544.5  5.0789e-22
2551.0  4.7469e-22
2557.5  4.1729e-22
2564.1  3.5900e-22
2570.7  0.0000e+00
2577.3  0.0000e+00
2584.0  0.0000e+00
2590.7  0.0000e+00
2597.4  0.0000e+00
2604.2  0.0000e+00
2611.0  0.0000e+00
2617.8  0.0000e+00
2624.7  0.0000e+00
2631.6  0.0000e+00
2638.5  0.0000e+00
2645.5  0.0000e+00
2652.5  0.0000e+00
2659.6  0.0000e+00
2666.7  0.0000e+00
2673.8  0.0000e+00
2681.0  0.0000e+00
2688.2  0.0000e+00
2695.4  0.0000e+00
2702.7  0.0000e+00
2710.0  0.0000e+00
2717.4  0.0000e+00
2724.8  0.0000e+00
2732.2  0.0000e+00
2739.7  0.0000e+00
2747.3  0.0000e+00
2754.8  0.0000e+00
2762.4  0.0000e+00
2770.1  0.0000e+00
2777.8  0.0000e+00
2785.5  0.0000e+00
2793.3  0.0000e+00
2801.1  0.0000e+00
2809.0  0.0000e+00
2816.9  0.0000e+00
2824.9  0.0000e+00
2832.9  0.0000e+00
2840.9  0.0000e+00
2849.0  0.0000e+00
2857.1  0.0000e+00
2865.3  0.0000e+00
2873.6  0.0000e+00
2881.8  0.0000e+00
2890.2  0.0000e+00
2898.6  0.0000e+00
2907.0  0.0000e+00
2915.5  0.0000e+00
2924.0  0.0000e+00
2932.6  0.0000e+00
2941.2  0.0000e+00
2949.9  0.0000e+00
2958.6  0.0000e+00
2967.4  0.0000e+00
2976.2  0.0000e+00
2985.1  0.0000e+00
2994.0  0.0000e+00
3003.0  0.0000e+00
3012.0  0.0000e+00
3021.1  0.0000e+00
3030.3  0.0000e+00
3039.5  0.0000e+00
3048.8  0.0000e+00
3058.1  0.0000e+00
3067.5  0.0000e+00
3076.9  0.0000e+00
3086.4  0.0000e+00
3096.0  0.0000e+00
3105.6  0.0000e+00
3115.3  0.0000e+00
3125.0  0.0000e+00
3134.8  0.0000e+00
3144.7  0.0000e+00
3154.6  0.0000e+00
3164.6  0.0000e+00
3174.6  0.0000e+00
3184.7  0.0000e+00
3194.9  0.0000e+00
3205.1  0.0000e+00
3215.4  0.0000e+00
3225.8  0.0000e+00
3236.2  0.0000e+00
3246.8  0.0000e+00
3257.3  0.0000e+00
3268.0  0.0000e+00
3278.7  0.0000e+00
3289.5  0.0000e+00
3300.3  0.0000e+00
3311.3  0.0000e+00
3322.3  0.0000e+00
3333.3  0.0000e+00
3344.5  0.0000e+00
3355.7  0.0000e+00
3367.0  0.0000e+00
3378.4  0.0000e+00
3389.8  0.0000e+00
3401.4  0.0000e+00
3413.0  0.0000e+00
3424.7  0.0000e+00
3436.4  0.0000e+00
3448.3  0.0000e+00
3460.2  0.0000e+00
3472.2  0.0000e+00
3484.3  0.0000e+00
3496.5  0.0000e+00
3508.8  0.0000e+00
3521.1  0.0000e+00
3533.6  0.0000e+00
3546.1  0.0000e+00
3558.7  0.0000e+00
3571.4  0.0000e+00
3584.2  0.0000e+00
3597.1  0.0000e+00
3610.1  0.0000e+00
3623.2  0.0000e+00
3636.4  0.0000e+00
3649.6  0.0000e+00
3663.0  0.0000e+00
3676.5  0.0000e+00
3690.0  0.0000e+00
3703.7  0.0000e+00
3717.5  0.0000e+00
3731.3  0.0000e+00
3745.3  0.0000e+00
3759.4  0.0000e+00
3773.6  0.0000e+00
3787.9  0.0000e+00
3802.3  0.0000e+00
3816.8  0.0000e+00
3831.4  0.0000e+00
3846.2  0.0000e+00
3861.0  0.0000e+00
3876.0  0.0000e+00
3891.1  0.0000e+00
3906.2  0.0000e+00
3921.6  0.0000e+00
3937.0  0.0000e+00
3952.6  0.0000e+00
3968.3  0.0000e+00
3984.1  0.0000e+00
4000.0  0.0000e+00
4016.1  0.0000e+00
4032.3  0.0000e+00
4048.6  0.0000e+00
4065.0  0.0000e+00
4081.6  0.0000e+00
4098.4  0.0000e+00
4115.2  0.0000e+00
4132.2  0.0000e+00
4149.4  0.0000e+00
4166.7  0.0000e+00
4184.1  0.0000e+00
4201.7  0.0000e+00
4219.4  0.0000e+00
4237.3  0.0000e+00
4255.3  0.0000e+00
4273.5  0.0000e+00
4291.8  0.0000e+00
4310.3  0.0000e+00
4329.0  0.0000e+00
4347.8  0.0000e+00
4366.8  0.0000e+00
4386.0  0.0000e+00
4405.3  0.0000e+00
4424.8  0.0000e+00
4444.4  0.0000e+00
4464.3  0.0000e+00
4484.3  0.0000e+00
4504.5  0.0000e+00
4524.9  0.0000e+00
4545.5  0.0000e+00
4566.2  0.0000e+00
4587.2  0.0000e+00
4608.3  0.0000e+00
4629.6  0.0000e+00
4651.2  0.0000e+00
4672.9  0.0000e+00
4694.8  0.0000e+00
4717.0  0.0000e+00
4739.3  0.0000e+00
4761.9  0.0000e+00
4784.7  0.0000e+00
4807.7  0.0000e+00
4830.9  0.0000e+00
4854.4  0.0000e+00
4878.0  0.0000e+00
4902.0  0.0000e+00
4926.1  0.0000e+00
4950.5  0.0000e+00
4975.1  0.0000e+00
5000.0  0.0000e+00
5025.1  0.0000e+00
5050.5  0.0000e+00
5076.1  0.0000e+00
5102.0  0.0000e+00
5128.2  0.0000e+00
5154.6  0.0000e+00
5181.3  0.0000e+00
5208.3  0.0000e+00
5235.6  0.0000e+00
5263.2  0.0000e+00
5291.0  0.0000e+00
5319.1  0.0000e+00
5347.6  0.0000e+00
5376.3  0.0000e+00
5405.4  0.0000e+00
5434.8  0.0000e+00
5464.5  0.0000e+00
5494.5  0.0000e+00
5524.9  0.0000e+00
5555.6  0.0000e+00
5586.6  0.0000e+00
5618.0  0.0000e+00
5649.7  0.0000e+00
5681.8  0.0000e+00
5714.3  0.0000e+00
5747.1  0.0000e+00
5780.3  0.0000e+00
5814.0  0.0000e+00
5848.0  0.0000e+00
5882.4  0.0000e+00
5917.2  0.0000e+00
5952.4  0.0000e+00
5988.0  0.0000e+00
6024.1  0.0000e+00
6060.6  0.0000e+00
6097.6  0.0000e+00
6135.0  0.0000e+00
6172.8  0.0000e+00
6211.2  0.0000e+00
6250.0  0.0000e+00
6289.3  0.0000e+00
6329.1  0.0000e+00
6369.4  0.0000e+00
6410.3  0.0000e+00
6451.6  0.0000e+00
6493.5  0.0000e+00
6535.9  0.0000e+00
6578.9  0.0000e+00
6622.5  0.0000e+00
6666.7  0.0000e+00
6711.4  0.0000e+00
6756.8  0.0000e+00
6802.7  0.0000e+00
6849.3  0.0000e+00
6896.6  0.0000e+00
6944.4  0.0000e+00
6993.0  0.0000e+00
7042.3  0.0000e+00
7092.2  0.0000e+00
7142.9  0.0000e+00
7194.2  0.0000e+00
7246.4  0.0000e+00
7299.3  0.0000e+00
7352.9  0.0000e+00
7407.4  0.0000e+00
7462.7  0.0000e+00
7518.8  0.0000e+00
7575.8  0.0000e+00
7633.6  0.0000e+00
7692.3  0.0000e+00
7751.9  0.0000e+00
7812.5  0.0000e+00
7874.0  0.0000e+00
7936.5  0.0000e+00
8000.0  0.0000e+00
8064.5  0.0000e+00
8130.1  0.0000e+00
8196.7  0.0000e+00
8264.5  0.0000e+00
8333.3  0.0000e+00
8403.4  0.0000e+00
8474.6  0.0000e+00
8547.0  0.0000e+00
8620.7  0.0000e+00
8695.7  0.0000e+00
8771.9  0.0000e+00
8849.6  0.0000e+00
8928.6  0.0000e+00
9009.0  0.0000e+00
9090.9  0.0000e+00
9174.3  0.0000e+00
9259.3  0.0000e+00
9345.8  0.0000e+00
9434.0  0.0000e+00
9523.8  0.0000e+00
9615.4  0.0000e+00
9708.7  0.0000e+00
9803.9  0.0000e+00
9901.0  0.0000e+00
