# Al photoionisation cross section
# Alan Heays 2016-12-08
# Reference: mendoza1996
# wavelength: Wavelength (nm)
# photoabsorption: Photoabsorption cross section (cm2)
# photoionisation: Photoionisation cross section (cm2)
# 
# wavelength   photoabsorption   photoionisation
  13.9000000       3.78068e-21       3.78068e-21
  14.0000000       3.84193e-21       3.84193e-21
  14.1000000       3.92404e-21       3.92404e-21
  14.2000000       4.00887e-21       4.00887e-21
  14.3000000       4.09416e-21       4.09416e-21
  14.4000000       4.18018e-21       4.18018e-21
  14.5000000       4.26874e-21       4.26874e-21
  14.6000000       4.35753e-21       4.35753e-21
  14.7000000       4.44721e-21       4.44721e-21
  14.8000000       4.53917e-21       4.53917e-21
  14.9000000       4.63125e-21       4.63125e-21
  15.0000000       4.72457e-21       4.72457e-21
  15.1000000       4.82069e-21       4.82069e-21
  15.2000000       4.91692e-21       4.91692e-21
  15.3000000       5.01416e-21       5.01416e-21
  15.4000000       5.11386e-21       5.11386e-21
  15.5000000       5.21366e-21       5.21366e-21
  15.6000000       5.31444e-21       5.31444e-21
  15.7000000       5.41839e-21       5.41839e-21
  15.8000000       5.52258e-21       5.52258e-21
  15.9000000       5.62733e-21       5.62733e-21
  16.0000000       5.73519e-21       5.73519e-21
  16.1000000       5.84353e-21       5.84353e-21
  16.2000000       5.95207e-21       5.95207e-21
  16.3000000       6.06367e-21       6.06367e-21
  16.4000000       6.17631e-21       6.17631e-21
  16.5000000       6.28895e-21       6.28895e-21
  16.6000000       6.40403e-21       6.40403e-21
  16.7000000       6.52129e-21       6.52129e-21
  16.8000000       6.63855e-21       6.63855e-21
  16.9000000       6.75699e-21       6.75699e-21
  17.0000000       6.87903e-21       6.87903e-21
  17.1000000       7.00132e-21       7.00132e-21
  17.2000000       7.12379e-21       7.12379e-21
  17.3000000       7.24959e-21       7.24959e-21
  17.4000000       7.37664e-21       7.37664e-21
  17.5000000       7.50369e-21       7.50369e-21
  17.6000000       7.63234e-21       7.63234e-21
  17.7000000       7.76435e-21       7.76435e-21
  17.8000000       7.89646e-21       7.89646e-21
  17.9000000       8.02875e-21       8.02875e-21
  18.0000000       8.16494e-21       8.16494e-21
  18.1000000       8.30275e-21       8.30275e-21
  18.2000000       8.44056e-21       8.44056e-21
  18.3000000       8.57942e-21       8.57942e-21
  18.4000000       8.72225e-21       8.72225e-21
  18.5000000       8.86545e-21       8.86545e-21
  18.6000000       9.00866e-21       9.00866e-21
  18.7000000       9.15443e-21       9.15443e-21
  18.8000000       9.30353e-21       9.30353e-21
  18.9000000       9.45264e-21       9.45264e-21
  19.0000000       9.60183e-21       9.60183e-21
  19.1000000       9.75511e-21       9.75511e-21
  19.2000000       9.91064e-21       9.91064e-21
  19.3000000       1.00662e-20       1.00662e-20
  19.4000000       1.02220e-20       1.02220e-20
  19.5000000       1.03814e-20       1.03814e-20
  19.6000000       1.05420e-20       1.05420e-20
  19.7000000       1.07025e-20       1.07025e-20
  19.8000000       1.08639e-20       1.08639e-20
  19.9000000       1.10321e-20       1.10321e-20
  20.0000000       1.12020e-20       1.12020e-20
  20.1000000       1.13719e-20       1.13719e-20
  20.2000000       1.15421e-20       1.15421e-20
  20.3000000       1.17153e-20       1.17153e-20
  20.4000000       1.18892e-20       1.18892e-20
  20.5000000       1.20631e-20       1.20631e-20
  20.6000000       1.22374e-20       1.22374e-20
  20.7000000       1.24178e-20       1.24178e-20
  20.8000000       1.26003e-20       1.26003e-20
  20.9000000       1.27827e-20       1.27827e-20
  21.0000000       1.29653e-20       1.29653e-20
  21.1000000       1.31514e-20       1.31514e-20
  21.2000000       1.33397e-20       1.33397e-20
  21.3000000       1.35280e-20       1.35280e-20
  21.4000000       1.37163e-20       1.37163e-20
  21.5000000       1.39086e-20       1.39086e-20
  21.6000000       1.41069e-20       1.41069e-20
  21.7000000       1.43052e-20       1.43052e-20
  21.8000000       1.45036e-20       1.45036e-20
  21.9000000       1.47031e-20       1.47031e-20
  22.0000000       1.49081e-20       1.49081e-20
  22.1000000       1.51138e-20       1.51138e-20
  22.2000000       1.53196e-20       1.53196e-20
  22.3000000       1.55254e-20       1.55254e-20
  22.4000000       1.57355e-20       1.57355e-20
  22.5000000       1.59483e-20       1.59483e-20
  22.6000000       1.61611e-20       1.61611e-20
  22.7000000       1.63738e-20       1.63738e-20
  22.8000000       1.65887e-20       1.65887e-20
  22.9000000       1.68117e-20       1.68117e-20
  23.0000000       1.70355e-20       1.70355e-20
  23.1000000       1.72593e-20       1.72593e-20
  23.2000000       1.74830e-20       1.74830e-20
  23.3000000       1.77111e-20       1.77111e-20
  23.4000000       1.79432e-20       1.79432e-20
  23.5000000       1.81753e-20       1.81753e-20
  23.6000000       1.84073e-20       1.84073e-20
  23.7000000       1.86398e-20       1.86398e-20
  23.8000000       1.88780e-20       1.88780e-20
  23.9000000       1.91181e-20       1.91181e-20
  24.0000000       1.93581e-20       1.93581e-20
  24.1000000       1.95981e-20       1.95981e-20
  24.2000000       1.98398e-20       1.98398e-20
  24.3000000       2.00902e-20       2.00902e-20
  24.4000000       2.03418e-20       2.03418e-20
  24.5000000       2.05935e-20       2.05935e-20
  24.6000000       2.08451e-20       2.08451e-20
  24.7000000       2.10986e-20       2.10986e-20
  24.8000000       2.13587e-20       2.13587e-20
  24.9000000       2.16194e-20       2.16194e-20
  25.0000000       2.18801e-20       2.18801e-20
  25.1000000       2.21408e-20       2.21408e-20
  25.2000000       2.24037e-20       2.24037e-20
  25.3000000       2.26744e-20       2.26744e-20
  25.4000000       2.29457e-20       2.29457e-20
  25.5000000       2.32170e-20       2.32170e-20
  25.6000000       2.34883e-20       2.34883e-20
  25.7000000       2.37615e-20       2.37615e-20
  25.8000000       2.40436e-20       2.40436e-20
  25.9000000       2.43269e-20       2.43269e-20
  26.0000000       2.46101e-20       2.46101e-20
  26.1000000       2.48933e-20       2.48933e-20
  26.2000000       2.51774e-20       2.51774e-20
  26.3000000       2.54698e-20       2.54698e-20
  26.4000000       2.57644e-20       2.57644e-20
  26.5000000       2.60589e-20       2.60589e-20
  26.6000000       2.63535e-20       2.63535e-20
  26.7000000       2.66481e-20       2.66481e-20
  26.8000000       2.69490e-20       2.69490e-20
  26.9000000       2.72544e-20       2.72544e-20
  27.0000000       2.75599e-20       2.75599e-20
  27.1000000       2.78653e-20       2.78653e-20
  27.2000000       2.81708e-20       2.81708e-20
  27.3000000       2.84795e-20       2.84795e-20
  27.4000000       2.87981e-20       2.87981e-20
  27.5000000       2.91175e-20       2.91175e-20
  27.6000000       2.94368e-20       2.94368e-20
  27.7000000       2.97562e-20       2.97562e-20
  27.8000000       3.00758e-20       3.00758e-20
  27.9000000       3.04038e-20       3.04038e-20
  28.0000000       3.07364e-20       3.07364e-20
  28.1000000       3.10689e-20       3.10689e-20
  28.2000000       3.14015e-20       3.14015e-20
  28.3000000       3.17341e-20       3.17341e-20
  28.4000000       3.20685e-20       3.20685e-20
  28.5000000       3.24124e-20       3.24124e-20
  28.6000000       3.27576e-20       3.27576e-20
  28.7000000       3.31028e-20       3.31028e-20
  28.8000000       3.34480e-20       3.34480e-20
  28.9000000       3.37932e-20       3.37932e-20
  29.0000000       3.41429e-20       3.41429e-20
  29.1000000       3.45015e-20       3.45015e-20
  29.2000000       3.48604e-20       3.48604e-20
  29.3000000       3.52192e-20       3.52192e-20
  29.4000000       3.55781e-20       3.55781e-20
  29.5000000       3.59369e-20       3.59369e-20
  29.6000000       3.63034e-20       3.63034e-20
  29.7000000       3.66786e-20       3.66786e-20
  29.8000000       3.70538e-20       3.70538e-20
  29.9000000       3.74290e-20       3.74290e-20
  30.0000000       3.78042e-20       3.78042e-20
  30.1000000       3.81794e-20       3.81794e-20
  30.2000000       3.85614e-20       3.85614e-20
  30.3000000       3.89505e-20       3.89505e-20
  30.4000000       3.93396e-20       3.93396e-20
  30.5000000       3.97287e-20       3.97287e-20
  30.6000000       4.01178e-20       4.01178e-20
  30.7000000       4.05069e-20       4.05069e-20
  30.8000000       4.09027e-20       4.09027e-20
  30.9000000       4.13082e-20       4.13082e-20
  31.0000000       4.17137e-20       4.17137e-20
  31.1000000       4.21192e-20       4.21192e-20
  31.2000000       4.25248e-20       4.25248e-20
  31.3000000       4.29303e-20       4.29303e-20
  31.4000000       4.33395e-20       4.33395e-20
  31.5000000       4.37600e-20       4.37600e-20
  31.6000000       4.41812e-20       4.41812e-20
  31.7000000       4.46024e-20       4.46024e-20
  31.8000000       4.50236e-20       4.50236e-20
  31.9000000       4.54448e-20       4.54448e-20
  32.0000000       4.58671e-20       4.58671e-20
  32.1000000       4.63023e-20       4.63023e-20
  32.2000000       4.67414e-20       4.67414e-20
  32.3000000       4.71805e-20       4.71805e-20
  32.4000000       4.76196e-20       4.76196e-20
  32.5000000       4.80587e-20       4.80587e-20
  32.6000000       4.84978e-20       4.84978e-20
  32.7000000       4.89441e-20       4.89441e-20
  32.8000000       4.94016e-20       4.94016e-20
  32.9000000       4.98594e-20       4.98594e-20
  33.0000000       5.03171e-20       5.03171e-20
  33.1000000       5.07748e-20       5.07748e-20
  33.2000000       5.12325e-20       5.12325e-20
  33.3000000       5.16909e-20       5.16909e-20
  33.4000000       5.21618e-20       5.21618e-20
  33.5000000       5.26372e-20       5.26372e-20
  33.6000000       5.31126e-20       5.31126e-20
  33.7000000       5.35880e-20       5.35880e-20
  33.8000000       5.40634e-20       5.40634e-20
  33.9000000       5.45388e-20       5.45388e-20
  34.0000000       5.50172e-20       5.50172e-20
  34.1000000       5.55103e-20       5.55103e-20
  34.2000000       5.60053e-20       5.60053e-20
  34.3000000       5.65004e-20       5.65004e-20
  34.4000000       5.69954e-20       5.69954e-20
  34.5000000       5.74905e-20       5.74905e-20
  34.6000000       5.79855e-20       5.79855e-20
  34.7000000       5.84853e-20       5.84853e-20
  34.8000000       5.89996e-20       5.89996e-20
  34.9000000       5.95148e-20       5.95148e-20
  35.0000000       6.00301e-20       6.00301e-20
  35.1000000       6.05454e-20       6.05454e-20
  35.2000000       6.10607e-20       6.10607e-20
  35.3000000       6.15759e-20       6.15759e-20
  35.4000000       6.20962e-20       6.20962e-20
  35.5000000       6.26323e-20       6.26323e-20
  35.6000000       6.31695e-20       6.31695e-20
  35.7000000       6.37067e-20       6.37067e-20
  35.8000000       6.42439e-20       6.42439e-20
  35.9000000       6.47812e-20       6.47812e-20
  36.0000000       6.53184e-20       6.53184e-20
  36.1000000       6.58585e-20       6.58585e-20
  36.2000000       6.64143e-20       6.64143e-20
  36.3000000       6.69725e-20       6.69725e-20
  36.4000000       6.75306e-20       6.75306e-20
  36.5000000       6.80888e-20       6.80888e-20
  36.6000000       6.86469e-20       6.86469e-20
  36.7000000       6.92051e-20       6.92051e-20
  36.8000000       6.97638e-20       6.97638e-20
  36.9000000       7.03380e-20       7.03380e-20
  37.0000000       7.09187e-20       7.09187e-20
  37.1000000       7.14994e-20       7.14994e-20
  37.2000000       7.20802e-20       7.20802e-20
  37.3000000       7.26609e-20       7.26609e-20
  37.4000000       7.32416e-20       7.32416e-20
  37.5000000       7.38223e-20       7.38223e-20
  37.6000000       7.44107e-20       7.44107e-20
  37.7000000       7.50150e-20       7.50150e-20
  37.8000000       7.56197e-20       7.56197e-20
  37.9000000       7.62244e-20       7.62244e-20
  38.0000000       7.68292e-20       7.68292e-20
  38.1000000       7.74339e-20       7.74339e-20
  38.2000000       7.80387e-20       7.80387e-20
  38.3000000       7.86440e-20       7.86440e-20
  38.4000000       7.92662e-20       7.92662e-20
  38.5000000       7.98965e-20       7.98965e-20
  38.6000000       8.05267e-20       8.05267e-20
  38.7000000       8.11570e-20       8.11570e-20
  38.8000000       8.17872e-20       8.17872e-20
  38.9000000       8.24174e-20       8.24174e-20
  39.0000000       8.30477e-20       8.30477e-20
  39.1000000       8.36806e-20       8.36806e-20
  39.2000000       8.43316e-20       8.43316e-20
  39.3000000       8.49861e-20       8.49861e-20
  39.4000000       8.56406e-20       8.56406e-20
  39.5000000       8.62951e-20       8.62951e-20
  39.6000000       8.69497e-20       8.69497e-20
  39.7000000       8.76042e-20       8.76042e-20
  39.8000000       8.82587e-20       8.82587e-20
  39.9000000       8.89177e-20       8.89177e-20
  40.0000000       8.95975e-20       8.95975e-20
  40.1000000       9.02800e-20       9.02800e-20
  40.2000000       9.09624e-20       9.09624e-20
  40.3000000       9.16449e-20       9.16449e-20
  40.4000000       9.23274e-20       9.23274e-20
  40.5000000       9.30098e-20       9.30098e-20
  40.6000000       9.36923e-20       9.36923e-20
  40.7000000       9.43782e-20       9.43782e-20
  40.8000000       9.50840e-20       9.50840e-20
  40.9000000       9.57931e-20       9.57931e-20
  41.0000000       9.65022e-20       9.65022e-20
  41.1000000       9.72113e-20       9.72113e-20
  41.2000000       9.79203e-20       9.79203e-20
  41.3000000       9.86294e-20       9.86294e-20
  41.4000000       9.93385e-20       9.93385e-20
  41.5000000       1.00049e-19       1.00049e-19
  41.6000000       1.00780e-19       1.00780e-19
  41.7000000       1.01519e-19       1.01519e-19
  41.8000000       1.02259e-19       1.02259e-19
  41.9000000       1.02998e-19       1.02998e-19
  42.0000000       1.03737e-19       1.03737e-19
  42.1000000       1.04476e-19       1.04476e-19
  42.2000000       1.05215e-19       1.05215e-19
  42.3000000       1.05954e-19       1.05954e-19
  42.4000000       1.06706e-19       1.06706e-19
  42.5000000       1.07478e-19       1.07478e-19
  42.6000000       1.08249e-19       1.08249e-19
  42.7000000       1.09020e-19       1.09020e-19
  42.8000000       1.09791e-19       1.09791e-19
  42.9000000       1.10563e-19       1.10563e-19
  43.0000000       1.11334e-19       1.11334e-19
  43.1000000       1.12105e-19       1.12105e-19
  43.2000000       1.12878e-19       1.12878e-19
  43.3000000       1.13673e-19       1.13673e-19
  43.4000000       1.14475e-19       1.14475e-19
  43.5000000       1.15277e-19       1.15277e-19
  43.6000000       1.16079e-19       1.16079e-19
  43.7000000       1.16880e-19       1.16880e-19
  43.8000000       1.17682e-19       1.17682e-19
  43.9000000       1.18484e-19       1.18484e-19
  44.0000000       1.19286e-19       1.19286e-19
  44.1000000       1.20093e-19       1.20093e-19
  44.2000000       1.20921e-19       1.20921e-19
  44.3000000       1.21752e-19       1.21752e-19
  44.4000000       1.22583e-19       1.22583e-19
  44.5000000       1.23414e-19       1.23414e-19
  44.6000000       1.24245e-19       1.24245e-19
  44.7000000       1.25076e-19       1.25076e-19
  44.8000000       1.25907e-19       1.25907e-19
  44.9000000       1.26738e-19       1.26738e-19
  45.0000000       1.27578e-19       1.27578e-19
  45.1000000       1.28446e-19       1.28446e-19
  45.2000000       1.29315e-19       1.29315e-19
  45.3000000       1.30185e-19       1.30185e-19
  45.4000000       1.31054e-19       1.31054e-19
  45.5000000       1.31923e-19       1.31923e-19
  45.6000000       1.32793e-19       1.32793e-19
  45.7000000       1.33662e-19       1.33662e-19
  45.8000000       1.34531e-19       1.34531e-19
  45.9000000       1.35406e-19       1.35406e-19
  46.0000000       1.36299e-19       1.36299e-19
  46.1000000       1.37195e-19       1.37195e-19
  46.2000000       1.38090e-19       1.38090e-19
  46.3000000       1.38985e-19       1.38985e-19
  46.4000000       1.39881e-19       1.39881e-19
  46.5000000       1.40776e-19       1.40776e-19
  46.6000000       1.41671e-19       1.41671e-19
  46.7000000       1.42567e-19       1.42567e-19
  46.8000000       1.43465e-19       1.43465e-19
  46.9000000       1.44396e-19       1.44396e-19
  47.0000000       1.45337e-19       1.45337e-19
  47.1000000       1.46278e-19       1.46278e-19
  47.2000000       1.47219e-19       1.47219e-19
  47.3000000       1.48161e-19       1.48161e-19
  47.4000000       1.49102e-19       1.49102e-19
  47.5000000       1.50043e-19       1.50043e-19
  47.6000000       1.50984e-19       1.50984e-19
  47.7000000       1.51925e-19       1.51925e-19
  47.8000000       1.52879e-19       1.52879e-19
  47.9000000       1.53853e-19       1.53853e-19
  48.0000000       1.54828e-19       1.54828e-19
  48.1000000       1.55802e-19       1.55802e-19
  48.2000000       1.56776e-19       1.56776e-19
  48.3000000       1.57750e-19       1.57750e-19
  48.4000000       1.58725e-19       1.58725e-19
  48.5000000       1.59699e-19       1.59699e-19
  48.6000000       1.60673e-19       1.60673e-19
  48.7000000       1.61649e-19       1.61649e-19
  48.8000000       1.62653e-19       1.62653e-19
  48.9000000       1.63669e-19       1.63669e-19
  49.0000000       1.64685e-19       1.64685e-19
  49.1000000       1.65701e-19       1.65701e-19
  49.2000000       1.66717e-19       1.66717e-19
  49.3000000       1.67733e-19       1.67733e-19
  49.4000000       1.68749e-19       1.68749e-19
  49.5000000       1.69764e-19       1.69764e-19
  49.6000000       1.70780e-19       1.70780e-19
  49.7000000       1.71800e-19       1.71800e-19
  49.8000000       1.72857e-19       1.72857e-19
  49.9000000       1.73922e-19       1.73922e-19
  50.0000000       1.74988e-19       1.74988e-19
  50.1000000       1.76053e-19       1.76053e-19
  50.2000000       1.77118e-19       1.77118e-19
  50.3000000       1.78184e-19       1.78184e-19
  50.4000000       1.79249e-19       1.79249e-19
  50.5000000       1.80315e-19       1.80315e-19
  50.6000000       1.81380e-19       1.81380e-19
  50.7000000       1.82448e-19       1.82448e-19
  50.8000000       1.83543e-19       1.83543e-19
  50.9000000       1.84646e-19       1.84646e-19
  51.0000000       1.85749e-19       1.85749e-19
  51.1000000       1.86852e-19       1.86852e-19
  51.2000000       1.87955e-19       1.87955e-19
  51.3000000       1.89058e-19       1.89058e-19
  51.4000000       1.90161e-19       1.90161e-19
  51.5000000       1.91264e-19       1.91264e-19
  51.6000000       1.92367e-19       1.92367e-19
  51.7000000       1.93470e-19       1.93470e-19
  51.8000000       1.94600e-19       1.94600e-19
  51.9000000       1.95748e-19       1.95748e-19
  52.0000000       1.96897e-19       1.96897e-19
  52.1000000       1.98045e-19       1.98045e-19
  52.2000000       1.99193e-19       1.99193e-19
  52.3000000       2.00341e-19       2.00341e-19
  52.4000000       2.01489e-19       2.01489e-19
  52.5000000       2.02637e-19       2.02637e-19
  52.6000000       2.03785e-19       2.03785e-19
  52.7000000       2.04933e-19       2.04933e-19
  52.8000000       2.06091e-19       2.06091e-19
  52.9000000       2.07279e-19       2.07279e-19
  53.0000000       2.08470e-19       2.08470e-19
  53.1000000       2.09661e-19       2.09661e-19
  53.2000000       2.10852e-19       2.10852e-19
  53.3000000       2.12043e-19       2.12043e-19
  53.4000000       2.13234e-19       2.13234e-19
  53.5000000       2.14425e-19       2.14425e-19
  53.6000000       2.15616e-19       2.15616e-19
  53.7000000       2.16807e-19       2.16807e-19
  53.8000000       2.17999e-19       2.17999e-19
  53.9000000       2.19214e-19       2.19214e-19
  54.0000000       2.20455e-19       2.20455e-19
  54.1000000       2.21696e-19       2.21696e-19
  54.2000000       2.22937e-19       2.22937e-19
  54.3000000       2.24178e-19       2.24178e-19
  54.4000000       2.25419e-19       2.25419e-19
  54.5000000       2.26661e-19       2.26661e-19
  54.6000000       2.27902e-19       2.27902e-19
  54.7000000       2.29143e-19       2.29143e-19
  54.8000000       2.30384e-19       2.30384e-19
  54.9000000       2.31625e-19       2.31625e-19
  55.0000000       2.32901e-19       2.32901e-19
  55.1000000       2.34198e-19       2.34198e-19
  55.2000000       2.35495e-19       2.35495e-19
  55.3000000       2.36793e-19       2.36793e-19
  55.4000000       2.38090e-19       2.38090e-19
  55.5000000       2.39388e-19       2.39388e-19
  55.6000000       2.40685e-19       2.40685e-19
  55.7000000       2.41982e-19       2.41982e-19
  55.8000000       2.43280e-19       2.43280e-19
  55.9000000       2.44577e-19       2.44577e-19
  56.0000000       2.45875e-19       2.45875e-19
  56.1000000       2.47195e-19       2.47195e-19
  56.2000000       2.48538e-19       2.48538e-19
  56.3000000       2.49880e-19       2.49880e-19
  56.4000000       2.51223e-19       2.51223e-19
  56.5000000       2.52566e-19       2.52566e-19
  56.6000000       2.53908e-19       2.53908e-19
  56.7000000       2.55251e-19       2.55251e-19
  56.8000000       2.56593e-19       2.56593e-19
  56.9000000       2.57936e-19       2.57936e-19
  57.0000000       2.59278e-19       2.59278e-19
  57.1000000       2.60621e-19       2.60621e-19
  57.2000000       2.61978e-19       2.61978e-19
  57.3000000       2.63377e-19       2.63377e-19
  57.4000000       2.64780e-19       2.64780e-19
  57.5000000       2.66182e-19       2.66182e-19
  57.6000000       2.67585e-19       2.67585e-19
  57.7000000       2.68987e-19       2.68987e-19
  57.8000000       2.70390e-19       2.70390e-19
  57.9000000       2.71792e-19       2.71792e-19
  58.0000000       2.73195e-19       2.73195e-19
  58.1000000       2.74597e-19       2.74597e-19
  58.2000000       2.76000e-19       2.76000e-19
  58.3000000       2.77403e-19       2.77403e-19
  58.4000000       2.78841e-19       2.78841e-19
  58.5000000       2.80301e-19       2.80301e-19
  58.6000000       2.81760e-19       2.81760e-19
  58.7000000       2.83220e-19       2.83220e-19
  58.8000000       2.84679e-19       2.84679e-19
  58.9000000       2.86139e-19       2.86139e-19
  59.0000000       2.87598e-19       2.87598e-19
  59.1000000       2.89058e-19       2.89058e-19
  59.2000000       2.90517e-19       2.90517e-19
  59.3000000       2.91977e-19       2.91977e-19
  59.4000000       2.93436e-19       2.93436e-19
  59.5000000       2.94899e-19       2.94899e-19
  59.6000000       2.96402e-19       2.96402e-19
  59.7000000       2.97916e-19       2.97916e-19
  59.8000000       2.99429e-19       2.99429e-19
  59.9000000       3.00943e-19       3.00943e-19
  60.0000000       3.02457e-19       3.02457e-19
  60.1000000       3.03971e-19       3.03971e-19
  60.2000000       3.05484e-19       3.05484e-19
  60.3000000       3.06998e-19       3.06998e-19
  60.4000000       3.08512e-19       3.08512e-19
  60.5000000       3.10026e-19       3.10026e-19
  60.6000000       3.11539e-19       3.11539e-19
  60.7000000       3.13057e-19       3.13057e-19
  60.8000000       3.14624e-19       3.14624e-19
  60.9000000       3.16206e-19       3.16206e-19
  61.0000000       3.17787e-19       3.17787e-19
  61.1000000       3.19369e-19       3.19369e-19
  61.2000000       3.20951e-19       3.20951e-19
  61.3000000       3.22533e-19       3.22533e-19
  61.4000000       3.24114e-19       3.24114e-19
  61.5000000       3.25696e-19       3.25696e-19
  61.6000000       3.27278e-19       3.27278e-19
  61.7000000       3.28860e-19       3.28860e-19
  61.8000000       3.30441e-19       3.30441e-19
  61.9000000       3.32023e-19       3.32023e-19
  62.0000000       3.33642e-19       3.33642e-19
  62.1000000       3.35288e-19       3.35288e-19
  62.2000000       3.36934e-19       3.36934e-19
  62.3000000       3.38581e-19       3.38581e-19
  62.4000000       3.40227e-19       3.40227e-19
  62.5000000       3.41873e-19       3.41873e-19
  62.6000000       3.43519e-19       3.43519e-19
  62.7000000       3.45166e-19       3.45166e-19
  62.8000000       3.46812e-19       3.46812e-19
  62.9000000       3.48458e-19       3.48458e-19
  63.0000000       3.50105e-19       3.50105e-19
  63.1000000       3.51751e-19       3.51751e-19
  63.2000000       3.53407e-19       3.53407e-19
  63.3000000       3.55108e-19       3.55108e-19
  63.4000000       3.56816e-19       3.56816e-19
  63.5000000       3.58524e-19       3.58524e-19
  63.6000000       3.60231e-19       3.60231e-19
  63.7000000       3.61939e-19       3.61939e-19
  63.8000000       3.63647e-19       3.63647e-19
  63.9000000       3.65354e-19       3.65354e-19
  64.0000000       3.67062e-19       3.67062e-19
  64.1000000       3.68770e-19       3.68770e-19
  64.2000000       3.70477e-19       3.70477e-19
  64.3000000       3.72185e-19       3.72185e-19
  64.4000000       3.73893e-19       3.73893e-19
  64.5000000       3.72839e-19       3.72839e-19
  64.6000000       3.65953e-19       3.65953e-19
  64.7000000       3.58878e-19       3.58878e-19
  64.8000000       3.51804e-19       3.51804e-19
  64.9000000       3.56026e-19       3.56026e-19
  65.0000000       3.65716e-19       3.65716e-19
  65.1000000       3.87690e-19       3.87690e-19
  65.2000000       3.89759e-19       3.89759e-19
  65.3000000       3.56756e-19       3.56756e-19
  65.4000000       3.57995e-19       3.57995e-19
  65.5000000       4.29095e-19       4.29095e-19
  65.6000000       3.33507e-19       3.33507e-19
  65.7000000       3.47776e-19       3.47776e-19
  65.8000000       4.08753e-19       4.08753e-19
  65.9000000       4.28210e-19       4.28210e-19
  66.0000000       3.37996e-19       3.37996e-19
  66.1000000       3.35239e-19       3.35239e-19
  66.2000000       3.61033e-19       3.61033e-19
  66.3000000       3.82406e-19       3.82406e-19
  66.4000000       4.22155e-19       4.22155e-19
  66.5000000       4.15456e-19       4.15456e-19
  66.6000000       4.07186e-19       4.07186e-19
  66.7000000       3.52849e-19       3.52849e-19
  66.8000000       3.21212e-19       3.21212e-19
  66.9000000       2.95377e-19       2.95377e-19
  67.0000000       3.72472e-19       3.72472e-19
  67.1000000       3.92061e-19       3.92061e-19
  67.2000000       4.00789e-19       4.00789e-19
  67.3000000       4.43168e-19       4.43168e-19
  67.4000000       4.46533e-19       4.46533e-19
  67.5000000       4.21065e-19       4.21065e-19
  67.6000000       3.96478e-19       3.96478e-19
  67.7000000       3.79555e-19       3.79555e-19
  67.8000000       3.83158e-19       3.83158e-19
  67.9000000       3.48756e-19       3.48756e-19
  68.0000000       3.42398e-19       3.42398e-19
  68.1000000       3.36040e-19       3.36040e-19
  68.2000000       3.29682e-19       3.29682e-19
  68.3000000       3.23630e-19       3.23630e-19
  68.4000000       3.25662e-19       3.25662e-19
  68.5000000       3.24158e-19       3.24158e-19
  68.6000000       3.19406e-19       3.19406e-19
  68.7000000       3.14477e-19       3.14477e-19
  68.8000000       3.24857e-19       3.24857e-19
  68.9000000       3.58302e-19       3.58302e-19
  69.0000000       3.94291e-19       3.94291e-19
  69.1000000       4.51067e-19       4.51067e-19
  69.2000000       5.33421e-19       5.33421e-19
  69.3000000       5.28766e-19       5.28766e-19
  69.4000000       4.83198e-19       4.83198e-19
  69.5000000       4.37538e-19       4.37538e-19
  69.6000000       4.04510e-19       4.04510e-19
  69.7000000       3.88543e-19       3.88543e-19
  69.8000000       3.72668e-19       3.72668e-19
  69.9000000       3.57016e-19       3.57016e-19
  70.0000000       3.48818e-19       3.48818e-19
  70.1000000       3.44260e-19       3.44260e-19
  70.2000000       3.39702e-19       3.39702e-19
  70.3000000       3.35144e-19       3.35144e-19
  70.4000000       3.30586e-19       3.30586e-19
  70.5000000       3.16258e-19       3.16258e-19
  70.6000000       3.36692e-19       3.36692e-19
  70.7000000       3.06226e-19       3.06226e-19
  70.8000000       3.39247e-19       3.39247e-19
  70.9000000       3.04226e-19       3.04226e-19
  71.0000000       3.69847e-19       3.69847e-19
  71.1000000       2.89346e-19       2.89346e-19
  71.2000000       3.15397e-19       3.15397e-19
  71.3000000       3.69925e-19       3.69925e-19
  71.4000000       3.60260e-19       3.60260e-19
  71.5000000       2.88559e-19       2.88559e-19
  71.6000000       3.06927e-19       3.06927e-19
  71.7000000       3.51198e-19       3.51198e-19
  71.8000000       4.15970e-19       4.15970e-19
  71.9000000       3.71275e-19       3.71275e-19
  72.0000000       3.96799e-19       3.96799e-19
  72.1000000       3.50700e-19       3.50700e-19
  72.2000000       3.27435e-19       3.27435e-19
  72.3000000       3.53650e-19       3.53650e-19
  72.4000000       4.27835e-19       4.27835e-19
  72.5000000       5.16173e-19       5.16173e-19
  72.6000000       5.26119e-19       5.26119e-19
  72.7000000       5.06890e-19       5.06890e-19
  72.8000000       3.71125e-19       3.71125e-19
  72.9000000       4.10158e-19       4.10158e-19
  73.0000000       4.24576e-19       4.24576e-19
  73.1000000       4.10352e-19       4.10352e-19
  73.2000000       3.49418e-19       3.49418e-19
  73.3000000       3.84656e-19       3.84656e-19
  73.4000000       3.51031e-19       3.51031e-19
  73.5000000       3.91486e-19       3.91486e-19
  73.6000000       4.01641e-19       4.01641e-19
  73.7000000       4.31192e-19       4.31192e-19
  73.8000000       4.27810e-19       4.27810e-19
  73.9000000       4.40089e-19       4.40089e-19
  74.0000000       4.80048e-19       4.80048e-19
  74.1000000       6.06374e-19       6.06374e-19
  74.2000000       5.18996e-19       5.18996e-19
  74.3000000       3.85533e-19       3.85533e-19
  74.4000000       3.87768e-19       3.87768e-19
  74.5000000       3.94198e-19       3.94198e-19
  74.6000000       3.98540e-19       3.98540e-19
  74.7000000       4.00446e-19       4.00446e-19
  74.8000000       4.03120e-19       4.03120e-19
  74.9000000       4.17359e-19       4.17359e-19
  75.0000000       4.34126e-19       4.34126e-19
  75.1000000       4.47660e-19       4.47660e-19
  75.2000000       4.60889e-19       4.60889e-19
  75.3000000       4.63094e-19       4.63094e-19
  75.4000000       4.68819e-19       4.68819e-19
  75.5000000       4.66766e-19       4.66766e-19
  75.6000000       4.63126e-19       4.63126e-19
  75.7000000       5.31269e-19       5.31269e-19
  75.8000000       4.90807e-19       4.90807e-19
  75.9000000       4.02532e-19       4.02532e-19
  76.0000000       4.21500e-19       4.21500e-19
  76.1000000       4.05537e-19       4.05537e-19
  76.2000000       4.65552e-19       4.65552e-19
  76.3000000       4.64680e-19       4.64680e-19
  76.4000000       7.36802e-19       7.36802e-19
  76.5000000       4.62784e-19       4.62784e-19
  76.6000000       4.43855e-19       4.43855e-19
  76.7000000       5.10352e-19       5.10352e-19
  76.8000000       4.53951e-19       4.53951e-19
  76.9000000       5.68882e-19       5.68882e-19
  77.0000000       4.48016e-19       4.48016e-19
  77.1000000       4.15387e-19       4.15387e-19
  77.2000000       4.94443e-19       4.94443e-19
  77.3000000       5.14081e-19       5.14081e-19
  77.4000000       5.68270e-19       5.68270e-19
  77.5000000       4.77229e-19       4.77229e-19
  77.6000000       5.16302e-19       5.16302e-19
  77.7000000       7.89621e-19       7.89621e-19
  77.8000000       5.31523e-19       5.31523e-19
  77.9000000       4.67909e-19       4.67909e-19
  78.0000000       4.74365e-19       4.74365e-19
  78.1000000       4.80841e-19       4.80841e-19
  78.2000000       4.87317e-19       4.87317e-19
  78.3000000       4.95649e-19       4.95649e-19
  78.4000000       6.03487e-19       6.03487e-19
  78.5000000       8.58984e-19       8.58984e-19
  78.6000000       1.03564e-18       1.03564e-18
  78.7000000       6.42003e-19       6.42003e-19
  78.8000000       5.29092e-19       5.29092e-19
  78.9000000       5.24132e-19       5.24132e-19
  79.0000000       5.26202e-19       5.26202e-19
  79.1000000       5.27737e-19       5.27737e-19
  79.2000000       5.27862e-19       5.27862e-19
  79.3000000       5.67472e-19       5.67472e-19
  79.4000000       7.52615e-19       7.52615e-19
  79.5000000       8.55871e-19       8.55871e-19
  79.6000000       7.61281e-19       7.61281e-19
  79.7000000       6.93518e-19       6.93518e-19
  79.8000000       6.64289e-19       6.64289e-19
  79.9000000       6.56009e-19       6.56009e-19
  80.0000000       6.59065e-19       6.59065e-19
  80.1000000       6.24563e-19       6.24563e-19
  80.2000000       6.30055e-19       6.30055e-19
  80.3000000       6.41446e-19       6.41446e-19
  80.4000000       6.52837e-19       6.52837e-19
  80.5000000       6.64228e-19       6.64228e-19
  80.6000000       6.75619e-19       6.75619e-19
  80.7000000       6.87010e-19       6.87010e-19
  80.8000000       6.98401e-19       6.98401e-19
  80.9000000       7.09792e-19       7.09792e-19
  81.0000000       7.21183e-19       7.21183e-19
  81.1000000       7.32574e-19       7.32574e-19
  81.2000000       7.43965e-19       7.43965e-19
  81.3000000       7.56585e-19       7.56585e-19
  81.4000000       7.81603e-19       7.81603e-19
  81.5000000       8.09838e-19       8.09838e-19
  81.6000000       8.45354e-19       8.45354e-19
  81.7000000       9.20377e-19       9.20377e-19
  81.8000000       8.36130e-19       8.36130e-19
  81.9000000       8.44393e-19       8.44393e-19
  82.0000000       8.79016e-19       8.79016e-19
  82.1000000       9.26100e-19       9.26100e-19
  82.2000000       9.61430e-19       9.61430e-19
  82.3000000       8.86038e-19       8.86038e-19
  82.4000000       9.03827e-19       9.03827e-19
  82.5000000       9.21616e-19       9.21616e-19
  82.6000000       9.39405e-19       9.39405e-19
  82.7000000       9.57194e-19       9.57194e-19
  82.8000000       9.74983e-19       9.74983e-19
  82.9000000       9.89330e-19       9.89330e-19
  83.0000000       9.86602e-19       9.86602e-19
  83.1000000       9.81552e-19       9.81552e-19
  83.2000000       9.76502e-19       9.76502e-19
  83.3000000       9.71451e-19       9.71451e-19
  83.4000000       9.66401e-19       9.66401e-19
  83.5000000       9.61351e-19       9.61351e-19
  83.6000000       9.56301e-19       9.56301e-19
  83.7000000       9.51250e-19       9.51250e-19
  83.8000000       9.44765e-19       9.44765e-19
  83.9000000       9.32356e-19       9.32356e-19
  84.0000000       9.19305e-19       9.19305e-19
  84.1000000       9.06253e-19       9.06253e-19
  84.2000000       8.91771e-19       8.91771e-19
  84.3000000       8.49917e-19       8.49917e-19
  84.4000000       7.97602e-19       7.97602e-19
  84.5000000       7.45287e-19       7.45287e-19
  84.6000000       6.92973e-19       6.92973e-19
  84.7000000       6.40658e-19       6.40658e-19
  84.8000000       6.13276e-19       6.13276e-19
  84.9000000       8.18210e-19       8.18210e-19
  85.0000000       1.01334e-18       1.01334e-18
  85.1000000       9.08510e-19       9.08510e-19
  85.2000000       8.19945e-19       8.19945e-19
  85.3000000       7.93694e-19       7.93694e-19
  85.4000000       7.73783e-19       7.73783e-19
  85.5000000       7.63484e-19       7.63484e-19
  85.6000000       7.69140e-19       7.69140e-19
  85.7000000       7.75039e-19       7.75039e-19
  85.8000000       7.80938e-19       7.80938e-19
  85.9000000       7.86837e-19       7.86837e-19
  86.0000000       7.92736e-19       7.92736e-19
  86.1000000       7.98635e-19       7.98635e-19
  86.2000000       8.04533e-19       8.04533e-19
  86.3000000       8.10432e-19       8.10432e-19
  86.4000000       8.16331e-19       8.16331e-19
  86.5000000       8.22230e-19       8.22230e-19
  86.6000000       8.28129e-19       8.28129e-19
  86.7000000       8.34028e-19       8.34028e-19
  86.8000000       8.39927e-19       8.39927e-19
  86.9000000       8.45826e-19       8.45826e-19
  87.0000000       8.51724e-19       8.51724e-19
  87.1000000       8.58001e-19       8.58001e-19
  87.2000000       8.66663e-19       8.66663e-19
  87.3000000       8.75743e-19       8.75743e-19
  87.4000000       8.84824e-19       8.84824e-19
  87.5000000       8.93904e-19       8.93904e-19
  87.6000000       9.02985e-19       9.02985e-19
  87.7000000       9.12066e-19       9.12066e-19
  87.8000000       9.21146e-19       9.21146e-19
  87.9000000       9.30227e-19       9.30227e-19
  88.0000000       9.39307e-19       9.39307e-19
  88.1000000       9.48388e-19       9.48388e-19
  88.2000000       9.57469e-19       9.57469e-19
  88.3000000       9.66549e-19       9.66549e-19
  88.4000000       9.75630e-19       9.75630e-19
  88.5000000       9.84710e-19       9.84710e-19
  88.6000000       9.93791e-19       9.93791e-19
  88.7000000       1.00287e-18       1.00287e-18
  88.8000000       1.01195e-18       1.01195e-18
  88.9000000       1.02103e-18       1.02103e-18
  89.0000000       1.03011e-18       1.03011e-18
  89.1000000       1.03919e-18       1.03919e-18
  89.2000000       1.04827e-18       1.04827e-18
  89.3000000       1.05736e-18       1.05736e-18
  89.4000000       1.06644e-18       1.06644e-18
  89.5000000       1.07552e-18       1.07552e-18
  89.6000000       1.08460e-18       1.08460e-18
  89.7000000       1.09368e-18       1.09368e-18
  89.8000000       1.10276e-18       1.10276e-18
  89.9000000       1.11184e-18       1.11184e-18
  90.0000000       1.12092e-18       1.12092e-18
  90.1000000       1.13000e-18       1.13000e-18
  90.2000000       1.13908e-18       1.13908e-18
  90.3000000       1.15078e-18       1.15078e-18
  90.4000000       1.16914e-18       1.16914e-18
  90.5000000       1.18783e-18       1.18783e-18
  90.6000000       1.20652e-18       1.20652e-18
  90.7000000       1.22521e-18       1.22521e-18
  90.8000000       1.24390e-18       1.24390e-18
  90.9000000       1.26259e-18       1.26259e-18
  91.0000000       1.28128e-18       1.28128e-18
  91.1000000       1.29997e-18       1.29997e-18
  91.2000000       1.31866e-18       1.31866e-18
  91.3000000       1.33839e-18       1.33839e-18
  91.4000000       1.38087e-18       1.38087e-18
  91.5000000       1.43263e-18       1.43263e-18
  91.6000000       1.48439e-18       1.48439e-18
  91.7000000       1.53615e-18       1.53615e-18
  91.8000000       1.58791e-18       1.58791e-18
  91.9000000       1.63819e-18       1.63819e-18
  92.0000000       1.68166e-18       1.68166e-18
  92.1000000       1.72429e-18       1.72429e-18
  92.2000000       1.76693e-18       1.76693e-18
  92.3000000       1.80198e-18       1.80198e-18
  92.4000000       1.80661e-18       1.80661e-18
  92.5000000       1.80807e-18       1.80807e-18
  92.6000000       1.80953e-18       1.80953e-18
  92.7000000       1.80057e-18       1.80057e-18
  92.8000000       1.72731e-18       1.72731e-18
  92.9000000       1.64304e-18       1.64304e-18
  93.0000000       1.55876e-18       1.55876e-18
  93.1000000       1.47794e-18       1.47794e-18
  93.2000000       1.41644e-18       1.41644e-18
  93.3000000       1.36857e-18       1.36857e-18
  93.4000000       1.35892e-18       1.35892e-18
  93.5000000       1.35269e-18       1.35269e-18
  93.6000000       1.34647e-18       1.34647e-18
  93.7000000       1.32312e-18       1.32312e-18
  93.8000000       1.26220e-18       1.26220e-18
  93.9000000       1.25843e-18       1.25843e-18
  94.0000000       1.48676e-18       1.48676e-18
  94.1000000       1.24955e-18       1.24955e-18
  94.2000000       1.51582e-18       1.51582e-18
  94.3000000       1.46843e-18       1.46843e-18
  94.4000000       1.31749e-18       1.31749e-18
  94.5000000       1.16375e-18       1.16375e-18
  94.6000000       1.85054e-18       1.85054e-18
  94.7000000       1.54283e-18       1.54283e-18
  94.8000000       1.43061e-18       1.43061e-18
  94.9000000       1.35764e-18       1.35764e-18
  95.0000000       1.17830e-18       1.17830e-18
  95.1000000       1.88392e-18       1.88392e-18
  95.2000000       1.81656e-18       1.81656e-18
  95.3000000       1.65581e-18       1.65581e-18
  95.4000000       1.57872e-18       1.57872e-18
  95.5000000       1.49976e-18       1.49976e-18
  95.6000000       2.34524e-18       2.34524e-18
  95.7000000       1.46248e-18       1.46248e-18
  95.8000000       1.19686e-18       1.19686e-18
  95.9000000       1.47004e-18       1.47004e-18
  96.0000000       2.51698e-18       2.51698e-18
  96.1000000       2.07417e-18       2.07417e-18
  96.2000000       1.88197e-18       1.88197e-18
  96.3000000       1.81170e-18       1.81170e-18
  96.4000000       1.76512e-18       1.76512e-18
  96.5000000       1.71854e-18       1.71854e-18
  96.6000000       1.67196e-18       1.67196e-18
  96.7000000       1.62538e-18       1.62538e-18
  96.8000000       1.57767e-18       1.57767e-18
  96.9000000       1.61832e-18       1.61832e-18
  97.0000000       1.54184e-18       1.54184e-18
  97.1000000       1.43011e-18       1.43011e-18
  97.2000000       1.32355e-18       1.32355e-18
  97.3000000       1.74215e-18       1.74215e-18
  97.4000000       1.58727e-18       1.58727e-18
  97.5000000       3.12388e-18       3.12388e-18
  97.6000000       2.89643e-18       2.89643e-18
  97.7000000       2.49368e-18       2.49368e-18
  97.8000000       2.31838e-18       2.31838e-18
  97.9000000       2.21289e-18       2.21289e-18
  98.0000000       2.13552e-18       2.13552e-18
  98.1000000       2.11086e-18       2.11086e-18
  98.2000000       2.08742e-18       2.08742e-18
  98.3000000       2.06397e-18       2.06397e-18
  98.4000000       2.04053e-18       2.04053e-18
  98.5000000       2.01708e-18       2.01708e-18
  98.6000000       1.99364e-18       1.99364e-18
  98.7000000       1.97019e-18       1.97019e-18
  98.8000000       1.94674e-18       1.94674e-18
  98.9000000       1.92330e-18       1.92330e-18
  99.0000000       1.89798e-18       1.89798e-18
  99.1000000       1.84181e-18       1.84181e-18
  99.2000000       1.75477e-18       1.75477e-18
  99.3000000       2.48394e-18       2.48394e-18
  99.4000000       1.95969e-18       1.95969e-18
  99.5000000       1.90382e-18       1.90382e-18
  99.6000000       1.84818e-18       1.84818e-18
  99.7000000       1.79254e-18       1.79254e-18
  99.8000000       1.73689e-18       1.73689e-18
  99.9000000       1.70559e-18       1.70559e-18
 100.0000000       1.81958e-18       1.81958e-18
 100.1000000       2.87693e-18       2.87693e-18
 100.2000000       1.80188e-18       1.80188e-18
 100.3000000       1.43101e-18       1.43101e-18
 100.4000000       2.11006e-18       2.11006e-18
 100.5000000       3.86108e-18       3.86108e-18
 100.6000000       5.01353e-18       5.01353e-18
 100.7000000       4.45078e-18       4.45078e-18
 100.8000000       3.89183e-18       3.89183e-18
 100.9000000       3.54257e-18       3.54257e-18
 101.0000000       3.34489e-18       3.34489e-18
 101.1000000       3.18884e-18       3.18884e-18
 101.2000000       3.07441e-18       3.07441e-18
 101.3000000       3.02668e-18       3.02668e-18
 101.4000000       2.97984e-18       2.97984e-18
 101.5000000       2.93300e-18       2.93300e-18
 101.6000000       2.88615e-18       2.88615e-18
 101.7000000       2.83931e-18       2.83931e-18
 101.8000000       2.81389e-18       2.81389e-18
 101.9000000       2.81156e-18       2.81156e-18
 102.0000000       2.80924e-18       2.80924e-18
 102.1000000       2.80692e-18       2.80692e-18
 102.2000000       2.80460e-18       2.80460e-18
 102.3000000       2.80228e-18       2.80228e-18
 102.4000000       2.79996e-18       2.79996e-18
 102.5000000       2.79764e-18       2.79764e-18
 102.6000000       2.79532e-18       2.79532e-18
 102.7000000       2.79300e-18       2.79300e-18
 102.8000000       2.79068e-18       2.79068e-18
 102.9000000       2.78836e-18       2.78836e-18
 103.0000000       2.78604e-18       2.78604e-18
 103.1000000       2.78372e-18       2.78372e-18
 103.2000000       2.78140e-18       2.78140e-18
 103.3000000       2.77909e-18       2.77909e-18
 103.4000000       2.77677e-18       2.77677e-18
 103.5000000       2.77445e-18       2.77445e-18
 103.6000000       2.77213e-18       2.77213e-18
 103.7000000       2.76981e-18       2.76981e-18
 103.8000000       2.76749e-18       2.76749e-18
 103.9000000       2.76517e-18       2.76517e-18
 104.0000000       2.76285e-18       2.76285e-18
 104.1000000       2.76053e-18       2.76053e-18
 104.2000000       2.75821e-18       2.75821e-18
 104.3000000       2.75589e-18       2.75589e-18
 104.4000000       2.75357e-18       2.75357e-18
 104.5000000       2.75125e-18       2.75125e-18
 104.6000000       2.74354e-18       2.74354e-18
 104.7000000       2.72963e-18       2.72963e-18
 104.8000000       2.71570e-18       2.71570e-18
 104.9000000       2.70177e-18       2.70177e-18
 105.0000000       2.68785e-18       2.68785e-18
 105.1000000       2.67392e-18       2.67392e-18
 105.2000000       2.65999e-18       2.65999e-18
 105.3000000       2.64607e-18       2.64607e-18
 105.4000000       2.63214e-18       2.63214e-18
 105.5000000       2.61821e-18       2.61821e-18
 105.6000000       2.60429e-18       2.60429e-18
 105.7000000       2.59036e-18       2.59036e-18
 105.8000000       2.57644e-18       2.57644e-18
 105.9000000       2.56251e-18       2.56251e-18
 106.0000000       2.54858e-18       2.54858e-18
 106.1000000       2.53466e-18       2.53466e-18
 106.2000000       2.53228e-18       2.53228e-18
 106.3000000       2.56792e-18       2.56792e-18
 106.4000000       2.65290e-18       2.65290e-18
 106.5000000       3.15214e-18       3.15214e-18
 106.6000000       4.91851e-18       4.91851e-18
 106.7000000       6.03071e-18       6.03071e-18
 106.8000000       4.79050e-18       4.79050e-18
 106.9000000       3.35879e-18       3.35879e-18
 107.0000000       2.81236e-18       2.81236e-18
 107.1000000       2.56033e-18       2.56033e-18
 107.2000000       2.43627e-18       2.43627e-18
 107.3000000       2.40598e-18       2.40598e-18
 107.4000000       2.46246e-18       2.46246e-18
 107.5000000       2.61456e-18       2.61456e-18
 107.6000000       3.08375e-18       3.08375e-18
 107.7000000       4.34289e-18       4.34289e-18
 107.8000000       6.96736e-18       6.96736e-18
 107.9000000       9.87501e-18       9.87501e-18
 108.0000000       1.14019e-17       1.14019e-17
 108.1000000       1.15244e-17       1.15244e-17
 108.2000000       1.07423e-17       1.07423e-17
 108.3000000       9.93824e-18       9.93824e-18
 108.4000000       9.26851e-18       9.26851e-18
 108.5000000       8.67321e-18       8.67321e-18
 108.6000000       8.10401e-18       8.10401e-18
 108.7000000       7.73782e-18       7.73782e-18
 108.8000000       7.41461e-18       7.41461e-18
 108.9000000       7.12400e-18       7.12400e-18
 109.0000000       6.95048e-18       6.95048e-18
 109.1000000       6.78745e-18       6.78745e-18
 109.2000000       6.62442e-18       6.62442e-18
 109.3000000       6.46612e-18       6.46612e-18
 109.4000000       6.38757e-18       6.38757e-18
 109.5000000       6.33760e-18       6.33760e-18
 109.6000000       6.28763e-18       6.28763e-18
 109.7000000       6.23765e-18       6.23765e-18
 109.8000000       6.18768e-18       6.18768e-18
 109.9000000       6.13771e-18       6.13771e-18
 110.0000000       6.08774e-18       6.08774e-18
 110.1000000       6.03776e-18       6.03776e-18
 110.2000000       5.98779e-18       5.98779e-18
 110.3000000       5.93782e-18       5.93782e-18
 110.4000000       5.89199e-18       5.89199e-18
 110.5000000       5.88777e-18       5.88777e-18
 110.6000000       5.89431e-18       5.89431e-18
 110.7000000       5.90085e-18       5.90085e-18
 110.8000000       5.90739e-18       5.90739e-18
 110.9000000       5.91393e-18       5.91393e-18
 111.0000000       5.92047e-18       5.92047e-18
 111.1000000       5.92700e-18       5.92700e-18
 111.2000000       5.93354e-18       5.93354e-18
 111.3000000       5.94008e-18       5.94008e-18
 111.4000000       5.94662e-18       5.94662e-18
 111.5000000       5.95316e-18       5.95316e-18
 111.6000000       5.95970e-18       5.95970e-18
 111.7000000       5.96623e-18       5.96623e-18
 111.8000000       5.97277e-18       5.97277e-18
 111.9000000       5.97931e-18       5.97931e-18
 112.0000000       5.98585e-18       5.98585e-18
 112.1000000       5.99239e-18       5.99239e-18
 112.2000000       5.99893e-18       5.99893e-18
 112.3000000       6.00547e-18       6.00547e-18
 112.4000000       6.01200e-18       6.01200e-18
 112.5000000       6.01854e-18       6.01854e-18
 112.6000000       6.02508e-18       6.02508e-18
 112.7000000       6.03162e-18       6.03162e-18
 112.8000000       6.04569e-18       6.04569e-18
 112.9000000       6.07377e-18       6.07377e-18
 113.0000000       6.10217e-18       6.10217e-18
 113.1000000       6.13056e-18       6.13056e-18
 113.2000000       6.15896e-18       6.15896e-18
 113.3000000       6.18736e-18       6.18736e-18
 113.4000000       6.21576e-18       6.21576e-18
 113.5000000       6.24416e-18       6.24416e-18
 113.6000000       6.27255e-18       6.27255e-18
 113.7000000       6.30095e-18       6.30095e-18
 113.8000000       6.32935e-18       6.32935e-18
 113.9000000       6.35775e-18       6.35775e-18
 114.0000000       6.38614e-18       6.38614e-18
 114.1000000       6.41454e-18       6.41454e-18
 114.2000000       6.44294e-18       6.44294e-18
 114.3000000       6.47134e-18       6.47134e-18
 114.4000000       6.49973e-18       6.49973e-18
 114.5000000       6.52813e-18       6.52813e-18
 114.6000000       6.55653e-18       6.55653e-18
 114.7000000       6.58493e-18       6.58493e-18
 114.8000000       6.61333e-18       6.61333e-18
 114.9000000       6.64172e-18       6.64172e-18
 115.0000000       6.67012e-18       6.67012e-18
 115.1000000       6.69852e-18       6.69852e-18
 115.2000000       6.72692e-18       6.72692e-18
 115.3000000       6.75531e-18       6.75531e-18
 115.4000000       6.78371e-18       6.78371e-18
 115.5000000       6.81211e-18       6.81211e-18
 115.6000000       6.84051e-18       6.84051e-18
 115.7000000       6.86890e-18       6.86890e-18
 115.8000000       6.89730e-18       6.89730e-18
 115.9000000       6.92570e-18       6.92570e-18
 116.0000000       6.95410e-18       6.95410e-18
 116.1000000       6.98250e-18       6.98250e-18
 116.2000000       7.01089e-18       7.01089e-18
 116.3000000       7.03929e-18       7.03929e-18
 116.4000000       7.06769e-18       7.06769e-18
 116.5000000       7.09609e-18       7.09609e-18
 116.6000000       7.12448e-18       7.12448e-18
 116.7000000       7.15288e-18       7.15288e-18
 116.8000000       7.18128e-18       7.18128e-18
 116.9000000       7.20968e-18       7.20968e-18
 117.0000000       7.23807e-18       7.23807e-18
 117.1000000       7.26647e-18       7.26647e-18
 117.2000000       7.29487e-18       7.29487e-18
 117.3000000       7.32327e-18       7.32327e-18
 117.4000000       7.35167e-18       7.35167e-18
 117.5000000       7.38006e-18       7.38006e-18
 117.6000000       7.40846e-18       7.40846e-18
 117.7000000       7.43686e-18       7.43686e-18
 117.8000000       7.46526e-18       7.46526e-18
 117.9000000       7.49365e-18       7.49365e-18
 118.0000000       7.52205e-18       7.52205e-18
 118.1000000       7.55045e-18       7.55045e-18
 118.2000000       7.57885e-18       7.57885e-18
 118.3000000       7.60725e-18       7.60725e-18
 118.4000000       7.63564e-18       7.63564e-18
 118.5000000       7.68145e-18       7.68145e-18
 118.6000000       7.86696e-18       7.86696e-18
 118.7000000       8.08280e-18       8.08280e-18
 118.8000000       9.81806e-18       9.81806e-18
 118.9000000       3.75580e-18       3.75580e-18
 119.0000000       5.76678e-18       5.76678e-18
 119.1000000       7.44497e-18       7.44497e-18
 119.2000000       1.03762e-17       1.03762e-17
 119.3000000       3.53404e-18       3.53404e-18
 119.4000000       5.27859e-18       5.27859e-18
 119.5000000       6.32402e-18       6.32402e-18
 119.6000000       7.51004e-18       7.51004e-18
 119.7000000       2.48451e-17       2.48451e-17
 119.8000000       4.96961e-18       4.96961e-18
 119.9000000       3.96544e-18       3.96544e-18
 120.0000000       5.13670e-18       5.13670e-18
 120.1000000       5.85445e-18       5.85445e-18
 120.2000000       6.60342e-18       6.60342e-18
 120.3000000       7.42741e-18       7.42741e-18
 120.4000000       8.76102e-18       8.76102e-18
 120.5000000       1.32756e-17       1.32756e-17
 120.6000000       8.46647e-18       8.46647e-18
 120.7000000       2.49958e-18       2.49958e-18
 120.8000000       4.19376e-18       4.19376e-18
 120.9000000       5.05376e-18       5.05376e-18
 121.0000000       5.56068e-18       5.56068e-18
 121.1000000       6.03904e-18       6.03904e-18
 121.2000000       6.51911e-18       6.51911e-18
 121.3000000       7.05332e-18       7.05332e-18
 121.4000000       7.61344e-18       7.61344e-18
 121.5000000       8.17356e-18       8.17356e-18
 121.6000000       9.13164e-18       9.13164e-18
 121.7000000       1.18030e-17       1.18030e-17
 121.8000000       1.66600e-17       1.66600e-17
 121.9000000       1.02402e-17       1.02402e-17
 122.0000000       1.17508e-18       1.17508e-18
 122.1000000       2.94275e-18       2.94275e-18
 122.2000000       4.04719e-18       4.04719e-18
 122.3000000       4.70938e-18       4.70938e-18
 122.4000000       5.25762e-18       5.25762e-18
 122.5000000       5.59890e-18       5.59890e-18
 122.6000000       5.90542e-18       5.90542e-18
 122.7000000       6.21194e-18       6.21194e-18
 122.8000000       6.51845e-18       6.51845e-18
 122.9000000       6.82497e-18       6.82497e-18
 123.0000000       7.14520e-18       7.14520e-18
 123.1000000       7.49322e-18       7.49322e-18
 123.2000000       7.84205e-18       7.84205e-18
 123.3000000       8.19088e-18       8.19088e-18
 123.4000000       8.53971e-18       8.53971e-18
 123.5000000       8.92341e-18       8.92341e-18
 123.6000000       9.52812e-18       9.52812e-18
 123.7000000       2.36806e-17       2.36806e-17
 123.8000000       1.20266e-17       1.20266e-17
 123.9000000       1.39516e-17       1.39516e-17
 124.0000000       1.73012e-17       1.73012e-17
 124.1000000       2.02042e-17       2.02042e-17
 124.2000000       8.38604e-18       8.38604e-18
 124.3000000       8.12395e-19       8.12395e-19
 124.4000000       1.42255e-18       1.42255e-18
 124.5000000       2.55210e-18       2.55210e-18
 124.6000000       3.43084e-18       3.43084e-18
 124.7000000       4.06370e-18       4.06370e-18
 124.8000000       4.58862e-18       4.58862e-18
 124.9000000       4.95165e-18       4.95165e-18
 125.0000000       5.30795e-18       5.30795e-18
 125.1000000       5.64069e-18       5.64069e-18
 125.2000000       5.85246e-18       5.85246e-18
 125.3000000       6.04713e-18       6.04713e-18
 125.4000000       6.24179e-18       6.24179e-18
 125.5000000       6.43646e-18       6.43646e-18
 125.6000000       6.63113e-18       6.63113e-18
 125.7000000       6.82580e-18       6.82580e-18
 125.8000000       7.02047e-18       7.02047e-18
 125.9000000       7.21514e-18       7.21514e-18
 126.0000000       7.40980e-18       7.40980e-18
 126.1000000       7.60430e-18       7.60430e-18
 126.2000000       7.79874e-18       7.79874e-18
 126.3000000       7.99318e-18       7.99318e-18
 126.4000000       8.18762e-18       8.18762e-18
 126.5000000       8.38205e-18       8.38205e-18
 126.6000000       8.57649e-18       8.57649e-18
 126.7000000       8.77093e-18       8.77093e-18
 126.8000000       8.96537e-18       8.96537e-18
 126.9000000       9.15981e-18       9.15981e-18
 127.0000000       9.35424e-18       9.35424e-18
 127.1000000       9.54868e-18       9.54868e-18
 127.2000000       9.74312e-18       9.74312e-18
 127.3000000       9.93402e-18       9.93402e-18
 127.4000000       9.84239e-18       9.84239e-18
 127.5000000       1.06485e-17       1.06485e-17
 127.6000000       1.09179e-17       1.09179e-17
 127.7000000       1.12413e-17       1.12413e-17
 127.8000000       1.33182e-17       1.33182e-17
 127.9000000       1.30932e-17       1.30932e-17
 128.0000000       1.38745e-17       1.38745e-17
 128.1000000       1.47673e-17       1.47673e-17
 128.2000000       1.57203e-17       1.57203e-17
 128.3000000       1.72950e-17       1.72950e-17
 128.4000000       1.90339e-17       1.90339e-17
 128.5000000       2.07728e-17       2.07728e-17
 128.6000000       2.21721e-17       2.21721e-17
 128.7000000       2.03852e-17       2.03852e-17
 128.8000000       1.34265e-17       1.34265e-17
 128.9000000       5.67838e-18       5.67838e-18
 129.0000000       1.68821e-18       1.68821e-18
 129.1000000       6.32155e-19       6.32155e-19
 129.2000000       8.36545e-19       8.36545e-19
 129.3000000       1.40313e-18       1.40313e-18
 129.4000000       2.00296e-18       2.00296e-18
 129.5000000       2.58006e-18       2.58006e-18
 129.6000000       3.05958e-18       3.05958e-18
 129.7000000       3.52794e-18       3.52794e-18
 129.8000000       3.96830e-18       3.96830e-18
 129.9000000       4.29395e-18       4.29395e-18
 130.0000000       4.60725e-18       4.60725e-18
 130.1000000       4.92055e-18       4.92055e-18
 130.2000000       5.20271e-18       5.20271e-18
 130.3000000       5.39676e-18       5.39676e-18
 130.4000000       5.58546e-18       5.58546e-18
 130.5000000       5.77417e-18       5.77417e-18
 130.6000000       5.96287e-18       5.96287e-18
 130.7000000       6.15157e-18       6.15157e-18
 130.8000000       6.34027e-18       6.34027e-18
 130.9000000       6.52897e-18       6.52897e-18
 131.0000000       6.71297e-18       6.71297e-18
 131.1000000       6.83608e-18       6.83608e-18
 131.2000000       6.94048e-18       6.94048e-18
 131.3000000       7.04489e-18       7.04489e-18
 131.4000000       7.14930e-18       7.14930e-18
 131.5000000       7.25370e-18       7.25370e-18
 131.6000000       7.35811e-18       7.35811e-18
 131.7000000       7.46252e-18       7.46252e-18
 131.8000000       7.56692e-18       7.56692e-18
 131.9000000       7.67133e-18       7.67133e-18
 132.0000000       7.77574e-18       7.77574e-18
 132.1000000       7.88014e-18       7.88014e-18
 132.2000000       7.98455e-18       7.98455e-18
 132.3000000       8.08896e-18       8.08896e-18
 132.4000000       8.19336e-18       8.19336e-18
 132.5000000       8.29777e-18       8.29777e-18
 132.6000000       8.40218e-18       8.40218e-18
 132.7000000       8.50658e-18       8.50658e-18
 132.8000000       8.61099e-18       8.61099e-18
 132.9000000       8.71540e-18       8.71540e-18
 133.0000000       8.81980e-18       8.81980e-18
 133.1000000       8.92421e-18       8.92421e-18
 133.2000000       9.02862e-18       9.02862e-18
 133.3000000       9.13302e-18       9.13302e-18
 133.4000000       9.23743e-18       9.23743e-18
 133.5000000       9.34184e-18       9.34184e-18
 133.6000000       9.44625e-18       9.44625e-18
 133.7000000       9.55065e-18       9.55065e-18
 133.8000000       9.65506e-18       9.65506e-18
 133.9000000       9.75947e-18       9.75947e-18
 134.0000000       9.86387e-18       9.86387e-18
 134.1000000       9.96828e-18       9.96828e-18
 134.2000000       1.00727e-17       1.00727e-17
 134.3000000       1.01771e-17       1.01771e-17
 134.4000000       1.02815e-17       1.02815e-17
 134.5000000       1.03859e-17       1.03859e-17
 134.6000000       1.04931e-17       1.04931e-17
 134.7000000       1.06171e-17       1.06171e-17
 134.8000000       1.07439e-17       1.07439e-17
 134.9000000       1.08706e-17       1.08706e-17
 135.0000000       1.09973e-17       1.09973e-17
 135.1000000       1.11241e-17       1.11241e-17
 135.2000000       1.12508e-17       1.12508e-17
 135.3000000       1.13775e-17       1.13775e-17
 135.4000000       1.15043e-17       1.15043e-17
 135.5000000       1.16310e-17       1.16310e-17
 135.6000000       1.17578e-17       1.17578e-17
 135.7000000       1.18845e-17       1.18845e-17
 135.8000000       1.20112e-17       1.20112e-17
 135.9000000       1.21380e-17       1.21380e-17
 136.0000000       1.22647e-17       1.22647e-17
 136.1000000       1.23915e-17       1.23915e-17
 136.2000000       1.25182e-17       1.25182e-17
 136.3000000       1.26449e-17       1.26449e-17
 136.4000000       1.27717e-17       1.27717e-17
 136.5000000       1.28984e-17       1.28984e-17
 136.6000000       1.30251e-17       1.30251e-17
 136.7000000       1.31519e-17       1.31519e-17
 136.8000000       1.32786e-17       1.32786e-17
 136.9000000       1.34054e-17       1.34054e-17
 137.0000000       1.35321e-17       1.35321e-17
 137.1000000       1.36588e-17       1.36588e-17
 137.2000000       1.37856e-17       1.37856e-17
 137.3000000       1.39123e-17       1.39123e-17
 137.4000000       1.40391e-17       1.40391e-17
 137.5000000       1.41658e-17       1.41658e-17
 137.6000000       1.42925e-17       1.42925e-17
 137.7000000       1.44193e-17       1.44193e-17
 137.8000000       2.54437e-16       2.54437e-16
 137.9000000       8.63436e-16       8.63436e-16
 138.0000000       6.23869e-16       6.23869e-16
 138.1000000       8.27883e-17       8.27883e-17
 138.2000000       1.64953e-17       1.64953e-17
 138.3000000       1.65816e-17       1.65816e-17
 138.4000000       1.68580e-17       1.68580e-17
 138.5000000       1.71377e-17       1.71377e-17
 138.6000000       1.74175e-17       1.74175e-17
 138.7000000       1.76973e-17       1.76973e-17
 138.8000000       1.79770e-17       1.79770e-17
 138.9000000       1.82568e-17       1.82568e-17
 139.0000000       1.85366e-17       1.85366e-17
 139.1000000       1.88167e-17       1.88167e-17
 139.2000000       1.92134e-17       1.92134e-17
 139.3000000       1.97032e-17       1.97032e-17
 139.4000000       2.01931e-17       2.01931e-17
 139.5000000       2.06830e-17       2.06830e-17
 139.6000000       2.11729e-17       2.11729e-17
 139.7000000       2.16628e-17       2.16628e-17
 139.8000000       2.21527e-17       2.21527e-17
 139.9000000       2.26426e-17       2.26426e-17
 140.0000000       2.31325e-17       2.31325e-17
 140.1000000       2.36224e-17       2.36224e-17
 140.2000000       2.41122e-17       2.41122e-17
 140.3000000       2.46021e-17       2.46021e-17
 140.4000000       2.50920e-17       2.50920e-17
 140.5000000       2.55819e-17       2.55819e-17
 140.6000000       2.60718e-17       2.60718e-17
 140.7000000       2.64668e-17       2.64668e-17
 140.8000000       2.66118e-17       2.66118e-17
 140.9000000       2.67436e-17       2.67436e-17
 141.0000000       2.68754e-17       2.68754e-17
 141.1000000       2.68577e-17       2.68577e-17
 141.2000000       2.62878e-17       2.62878e-17
 141.3000000       2.55557e-17       2.55557e-17
 141.4000000       2.42512e-17       2.42512e-17
 141.5000000       2.27912e-17       2.27912e-17
 141.6000000       2.07004e-17       2.07004e-17
 141.7000000       1.84652e-17       1.84652e-17
 141.8000000       1.62301e-17       1.62301e-17
 141.9000000       1.39950e-17       1.39950e-17
 142.0000000       1.17598e-17       1.17598e-17
 142.1000000       9.52467e-18       9.52467e-18
 142.2000000       7.52812e-18       7.52812e-18
 142.3000000       5.91541e-18       5.91541e-18
 142.4000000       4.42891e-18       4.42891e-18
 142.5000000       3.39441e-18       3.39441e-18
 142.6000000       2.43258e-18       2.43258e-18
 142.7000000       1.82305e-18       1.82305e-18
 142.8000000       1.31575e-18       1.31575e-18
 142.9000000       9.81725e-19       9.81725e-19
 143.0000000       7.94870e-19       7.94870e-19
 143.1000000       6.55145e-19       6.55145e-19
 143.2000000       6.52464e-19       6.52464e-19
 143.3000000       6.64079e-19       6.64079e-19
 143.4000000       7.52701e-19       7.52701e-19
 143.5000000       8.65962e-19       8.65962e-19
 143.6000000       1.00198e-18       1.00198e-18
 143.7000000       1.17009e-18       1.17009e-18
 143.8000000       1.34143e-18       1.34143e-18
 143.9000000       1.53390e-18       1.53390e-18
 144.0000000       1.73046e-18       1.73046e-18
 144.1000000       1.92702e-18       1.92702e-18
 144.2000000       2.12359e-18       2.12359e-18
 144.3000000       2.32015e-18       2.32015e-18
 144.4000000       2.51671e-18       2.51671e-18
 144.5000000       2.71328e-18       2.71328e-18
 144.6000000       2.89922e-18       2.89922e-18
 144.7000000       3.06946e-18       3.06946e-18
 144.8000000       3.23956e-18       3.23956e-18
 144.9000000       3.40966e-18       3.40966e-18
 145.0000000       3.57976e-18       3.57976e-18
 145.1000000       3.74986e-18       3.74986e-18
 145.2000000       3.91996e-18       3.91996e-18
 145.3000000       4.09006e-18       4.09006e-18
 145.4000000       4.26016e-18       4.26016e-18
 145.5000000       4.43026e-18       4.43026e-18
 145.6000000       4.60036e-18       4.60036e-18
 145.7000000       4.77046e-18       4.77046e-18
 145.8000000       4.94056e-18       4.94056e-18
 145.9000000       5.10443e-18       5.10443e-18
 146.0000000       5.23061e-18       5.23061e-18
 146.1000000       5.35046e-18       5.35046e-18
 146.2000000       5.47031e-18       5.47031e-18
 146.3000000       5.59015e-18       5.59015e-18
 146.4000000       5.71000e-18       5.71000e-18
 146.5000000       5.82985e-18       5.82985e-18
 146.6000000       5.94970e-18       5.94970e-18
 146.7000000       6.06955e-18       6.06955e-18
 146.8000000       6.18940e-18       6.18940e-18
 146.9000000       6.30925e-18       6.30925e-18
 147.0000000       6.42909e-18       6.42909e-18
 147.1000000       6.54894e-18       6.54894e-18
 147.2000000       6.66879e-18       6.66879e-18
 147.3000000       6.78864e-18       6.78864e-18
 147.4000000       6.90849e-18       6.90849e-18
 147.5000000       7.02834e-18       7.02834e-18
 147.6000000       7.14819e-18       7.14819e-18
 147.7000000       7.26803e-18       7.26803e-18
 147.8000000       7.38788e-18       7.38788e-18
 147.9000000       7.50773e-18       7.50773e-18
 148.0000000       7.60939e-18       7.60939e-18
 148.1000000       7.68425e-18       7.68425e-18
 148.2000000       7.75888e-18       7.75888e-18
 148.3000000       7.83351e-18       7.83351e-18
 148.4000000       7.90813e-18       7.90813e-18
 148.5000000       7.98276e-18       7.98276e-18
 148.6000000       8.05739e-18       8.05739e-18
 148.7000000       8.13201e-18       8.13201e-18
 148.8000000       8.20664e-18       8.20664e-18
 148.9000000       8.28127e-18       8.28127e-18
 149.0000000       8.35590e-18       8.35590e-18
 149.1000000       8.43052e-18       8.43052e-18
 149.2000000       8.50515e-18       8.50515e-18
 149.3000000       8.57978e-18       8.57978e-18
 149.4000000       8.65440e-18       8.65440e-18
 149.5000000       8.72903e-18       8.72903e-18
 149.6000000       8.80366e-18       8.80366e-18
 149.7000000       8.87828e-18       8.87828e-18
 149.8000000       8.95291e-18       8.95291e-18
 149.9000000       9.02754e-18       9.02754e-18
 150.0000000       9.10216e-18       9.10216e-18
 150.1000000       9.17679e-18       9.17679e-18
 150.2000000       9.25142e-18       9.25142e-18
 150.3000000       9.32604e-18       9.32604e-18
 150.4000000       9.40067e-18       9.40067e-18
 150.5000000       9.47530e-18       9.47530e-18
 150.6000000       9.54993e-18       9.54993e-18
 150.7000000       9.62455e-18       9.62455e-18
 150.8000000       9.69918e-18       9.69918e-18
 150.9000000       9.77381e-18       9.77381e-18
 151.0000000       9.84843e-18       9.84843e-18
 151.1000000       9.92306e-18       9.92306e-18
 151.2000000       9.99769e-18       9.99769e-18
 151.3000000       1.00723e-17       1.00723e-17
 151.4000000       1.01469e-17       1.01469e-17
 151.5000000       1.02216e-17       1.02216e-17
 151.6000000       1.02962e-17       1.02962e-17
 151.7000000       1.03708e-17       1.03708e-17
 151.8000000       1.04454e-17       1.04454e-17
 151.9000000       1.05201e-17       1.05201e-17
 152.0000000       1.05947e-17       1.05947e-17
 152.1000000       1.06693e-17       1.06693e-17
 152.2000000       1.07440e-17       1.07440e-17
 152.3000000       1.08186e-17       1.08186e-17
 152.4000000       1.08932e-17       1.08932e-17
 152.5000000       1.09678e-17       1.09678e-17
 152.6000000       1.10425e-17       1.10425e-17
 152.7000000       1.11171e-17       1.11171e-17
 152.8000000       1.11917e-17       1.11917e-17
 152.9000000       1.12663e-17       1.12663e-17
 153.0000000       1.13410e-17       1.13410e-17
 153.1000000       1.14156e-17       1.14156e-17
 153.2000000       1.14902e-17       1.14902e-17
 153.3000000       1.15649e-17       1.15649e-17
 153.4000000       1.16395e-17       1.16395e-17
 153.5000000       1.17141e-17       1.17141e-17
 153.6000000       1.17887e-17       1.17887e-17
 153.7000000       1.18634e-17       1.18634e-17
 153.8000000       1.19380e-17       1.19380e-17
 153.9000000       1.20126e-17       1.20126e-17
 154.0000000       1.20872e-17       1.20872e-17
 154.1000000       1.21619e-17       1.21619e-17
 154.2000000       1.22365e-17       1.22365e-17
 154.3000000       1.23111e-17       1.23111e-17
 154.4000000       1.23857e-17       1.23857e-17
 154.5000000       1.24604e-17       1.24604e-17
 154.6000000       1.25350e-17       1.25350e-17
 154.7000000       1.26096e-17       1.26096e-17
 154.8000000       1.26843e-17       1.26843e-17
 154.9000000       1.27589e-17       1.27589e-17
 155.0000000       1.28335e-17       1.28335e-17
 155.1000000       1.29081e-17       1.29081e-17
 155.2000000       1.29828e-17       1.29828e-17
 155.3000000       1.30574e-17       1.30574e-17
 155.4000000       1.31320e-17       1.31320e-17
 155.5000000       1.32066e-17       1.32066e-17
 155.6000000       1.32813e-17       1.32813e-17
 155.7000000       1.33559e-17       1.33559e-17
 155.8000000       1.34305e-17       1.34305e-17
 155.9000000       1.35051e-17       1.35051e-17
 156.0000000       1.35798e-17       1.35798e-17
 156.1000000       1.36544e-17       1.36544e-17
 156.2000000       1.37290e-17       1.37290e-17
 156.3000000       1.38037e-17       1.38037e-17
 156.4000000       1.38783e-17       1.38783e-17
 156.5000000       1.39529e-17       1.39529e-17
 156.6000000       1.40275e-17       1.40275e-17
 156.7000000       1.41022e-17       1.41022e-17
 156.8000000       1.41768e-17       1.41768e-17
 156.9000000       1.42514e-17       1.42514e-17
 157.0000000       1.43260e-17       1.43260e-17
 157.1000000       1.44007e-17       1.44007e-17
 157.2000000       1.44753e-17       1.44753e-17
 157.3000000       1.45499e-17       1.45499e-17
 157.4000000       1.46246e-17       1.46246e-17
 157.5000000       1.46992e-17       1.46992e-17
 157.6000000       1.47738e-17       1.47738e-17
 157.7000000       1.48484e-17       1.48484e-17
 157.8000000       1.49231e-17       1.49231e-17
 157.9000000       1.49977e-17       1.49977e-17
 158.0000000       1.50723e-17       1.50723e-17
 158.1000000       1.51469e-17       1.51469e-17
 158.2000000       1.52216e-17       1.52216e-17
 158.3000000       1.52962e-17       1.52962e-17
 158.4000000       1.53708e-17       1.53708e-17
 158.5000000       1.54454e-17       1.54454e-17
 158.6000000       1.55201e-17       1.55201e-17
 158.7000000       1.55947e-17       1.55947e-17
 158.8000000       1.56693e-17       1.56693e-17
 158.9000000       1.57440e-17       1.57440e-17
 159.0000000       1.58186e-17       1.58186e-17
 159.1000000       1.58932e-17       1.58932e-17
 159.2000000       1.59678e-17       1.59678e-17
 159.3000000       1.60425e-17       1.60425e-17
 159.4000000       1.61171e-17       1.61171e-17
 159.5000000       1.61917e-17       1.61917e-17
 159.6000000       1.62663e-17       1.62663e-17
 159.7000000       1.63410e-17       1.63410e-17
 159.8000000       1.64156e-17       1.64156e-17
 159.9000000       1.64902e-17       1.64902e-17
 160.0000000       1.65649e-17       1.65649e-17
 160.1000000       1.66395e-17       1.66395e-17
 160.2000000       1.67141e-17       1.67141e-17
 160.3000000       1.67887e-17       1.67887e-17
 160.4000000       1.68634e-17       1.68634e-17
 160.5000000       1.69380e-17       1.69380e-17
 160.6000000       1.70126e-17       1.70126e-17
 160.7000000       1.70872e-17       1.70872e-17
 160.8000000       1.71619e-17       1.71619e-17
 160.9000000       1.72365e-17       1.72365e-17
 161.0000000       1.73111e-17       1.73111e-17
 161.1000000       1.73857e-17       1.73857e-17
 161.2000000       1.74604e-17       1.74604e-17
 161.3000000       1.75350e-17       1.75350e-17
 161.4000000       1.76096e-17       1.76096e-17
 161.5000000       1.76843e-17       1.76843e-17
 161.6000000       1.77589e-17       1.77589e-17
 161.7000000       1.78335e-17       1.78335e-17
 161.8000000       1.79081e-17       1.79081e-17
 161.9000000       1.79844e-17       1.79844e-17
 162.0000000       1.80690e-17       1.80690e-17
 162.1000000       1.81548e-17       1.81548e-17
 162.2000000       1.82406e-17       1.82406e-17
 162.3000000       1.83264e-17       1.83264e-17
 162.4000000       1.84123e-17       1.84123e-17
 162.5000000       1.84981e-17       1.84981e-17
 162.6000000       1.85839e-17       1.85839e-17
 162.7000000       1.86697e-17       1.86697e-17
 162.8000000       1.87555e-17       1.87555e-17
 162.9000000       1.88414e-17       1.88414e-17
 163.0000000       1.89272e-17       1.89272e-17
 163.1000000       1.90130e-17       1.90130e-17
 163.2000000       1.90988e-17       1.90988e-17
 163.3000000       1.91846e-17       1.91846e-17
 163.4000000       1.92704e-17       1.92704e-17
 163.5000000       1.93563e-17       1.93563e-17
 163.6000000       1.94421e-17       1.94421e-17
 163.7000000       1.95279e-17       1.95279e-17
 163.8000000       1.96137e-17       1.96137e-17
 163.9000000       1.96995e-17       1.96995e-17
 164.0000000       1.97853e-17       1.97853e-17
 164.1000000       1.98712e-17       1.98712e-17
 164.2000000       1.99570e-17       1.99570e-17
 164.3000000       2.00428e-17       2.00428e-17
 164.4000000       2.01286e-17       2.01286e-17
 164.5000000       2.02144e-17       2.02144e-17
 164.6000000       2.03003e-17       2.03003e-17
 164.7000000       2.03861e-17       2.03861e-17
 164.8000000       2.04719e-17       2.04719e-17
 164.9000000       2.05577e-17       2.05577e-17
 165.0000000       2.06435e-17       2.06435e-17
 165.1000000       2.07293e-17       2.07293e-17
 165.2000000       2.08152e-17       2.08152e-17
 165.3000000       2.09010e-17       2.09010e-17
 165.4000000       2.09868e-17       2.09868e-17
 165.5000000       2.10726e-17       2.10726e-17
 165.6000000       2.11584e-17       2.11584e-17
 165.7000000       2.12442e-17       2.12442e-17
 165.8000000       2.13301e-17       2.13301e-17
 165.9000000       2.14159e-17       2.14159e-17
 166.0000000       2.15017e-17       2.15017e-17
 166.1000000       2.15875e-17       2.15875e-17
 166.2000000       2.16733e-17       2.16733e-17
 166.3000000       2.17592e-17       2.17592e-17
 166.4000000       2.18450e-17       2.18450e-17
 166.5000000       2.19308e-17       2.19308e-17
 166.6000000       2.20166e-17       2.20166e-17
 166.7000000       2.21024e-17       2.21024e-17
 166.8000000       2.21882e-17       2.21882e-17
 166.9000000       2.22741e-17       2.22741e-17
 167.0000000       2.23599e-17       2.23599e-17
 167.1000000       2.24457e-17       2.24457e-17
 167.2000000       2.25315e-17       2.25315e-17
 167.3000000       2.26173e-17       2.26173e-17
 167.4000000       2.27031e-17       2.27031e-17
 167.5000000       2.27890e-17       2.27890e-17
 167.6000000       2.28748e-17       2.28748e-17
 167.7000000       2.29606e-17       2.29606e-17
 167.8000000       2.30464e-17       2.30464e-17
 167.9000000       2.31322e-17       2.31322e-17
 168.0000000       2.32181e-17       2.32181e-17
 168.1000000       2.33039e-17       2.33039e-17
 168.2000000       2.33897e-17       2.33897e-17
 168.3000000       2.34755e-17       2.34755e-17
 168.4000000       2.35613e-17       2.35613e-17
 168.5000000       2.36471e-17       2.36471e-17
 168.6000000       2.37330e-17       2.37330e-17
 168.7000000       2.38188e-17       2.38188e-17
 168.8000000       2.39046e-17       2.39046e-17
 168.9000000       2.39904e-17       2.39904e-17
 169.0000000       2.40762e-17       2.40762e-17
 169.1000000       2.41620e-17       2.41620e-17
 169.2000000       2.42479e-17       2.42479e-17
 169.3000000       2.43337e-17       2.43337e-17
 169.4000000       2.44195e-17       2.44195e-17
 169.5000000       2.45053e-17       2.45053e-17
 169.6000000       2.45911e-17       2.45911e-17
 169.7000000       2.46770e-17       2.46770e-17
 169.8000000       2.47628e-17       2.47628e-17
 169.9000000       2.48486e-17       2.48486e-17
 170.0000000       2.49344e-17       2.49344e-17
 170.1000000       2.50202e-17       2.50202e-17
 170.2000000       2.51060e-17       2.51060e-17
 170.3000000       2.51919e-17       2.51919e-17
 170.4000000       2.52777e-17       2.52777e-17
 170.5000000       2.53635e-17       2.53635e-17
 170.6000000       2.54493e-17       2.54493e-17
 170.7000000       2.55351e-17       2.55351e-17
 170.8000000       2.56209e-17       2.56209e-17
 170.9000000       2.57068e-17       2.57068e-17
 171.0000000       2.57926e-17       2.57926e-17
 171.1000000       2.58784e-17       2.58784e-17
 171.2000000       2.59642e-17       2.59642e-17
 171.3000000       2.60500e-17       2.60500e-17
 171.4000000       2.61359e-17       2.61359e-17
 171.5000000       2.62217e-17       2.62217e-17
 171.6000000       2.63075e-17       2.63075e-17
 171.7000000       2.63933e-17       2.63933e-17
 171.8000000       2.64791e-17       2.64791e-17
 171.9000000       2.65649e-17       2.65649e-17
 172.0000000       2.66508e-17       2.66508e-17
 172.1000000       2.67366e-17       2.67366e-17
 172.2000000       2.68224e-17       2.68224e-17
 172.3000000       2.69082e-17       2.69082e-17
 172.4000000       2.69940e-17       2.69940e-17
 172.5000000       2.70799e-17       2.70799e-17
 172.6000000       2.71657e-17       2.71657e-17
 172.7000000       2.72515e-17       2.72515e-17
 172.8000000       2.73374e-17       2.73374e-17
 172.9000000       2.74349e-17       2.74349e-17
 173.0000000       2.75397e-17       2.75397e-17
 173.1000000       2.76446e-17       2.76446e-17
 173.2000000       2.77494e-17       2.77494e-17
 173.3000000       2.78543e-17       2.78543e-17
 173.4000000       2.79591e-17       2.79591e-17
 173.5000000       2.80640e-17       2.80640e-17
 173.6000000       2.81688e-17       2.81688e-17
 173.7000000       2.82737e-17       2.82737e-17
 173.8000000       2.83785e-17       2.83785e-17
 173.9000000       2.84833e-17       2.84833e-17
 174.0000000       2.85882e-17       2.85882e-17
 174.1000000       2.86930e-17       2.86930e-17
 174.2000000       2.87979e-17       2.87979e-17
 174.3000000       2.89027e-17       2.89027e-17
 174.4000000       2.90076e-17       2.90076e-17
 174.5000000       2.91124e-17       2.91124e-17
 174.6000000       2.92173e-17       2.92173e-17
 174.7000000       2.93221e-17       2.93221e-17
 174.8000000       2.94269e-17       2.94269e-17
 174.9000000       2.95318e-17       2.95318e-17
 175.0000000       2.96366e-17       2.96366e-17
 175.1000000       2.97415e-17       2.97415e-17
 175.2000000       2.98463e-17       2.98463e-17
 175.3000000       2.99512e-17       2.99512e-17
 175.4000000       3.00560e-17       3.00560e-17
 175.5000000       3.01609e-17       3.01609e-17
 175.6000000       3.02657e-17       3.02657e-17
 175.7000000       3.03705e-17       3.03705e-17
 175.8000000       3.04754e-17       3.04754e-17
 175.9000000       3.05802e-17       3.05802e-17
 176.0000000       3.06851e-17       3.06851e-17
 176.1000000       3.07899e-17       3.07899e-17
 176.2000000       3.08948e-17       3.08948e-17
 176.3000000       3.09996e-17       3.09996e-17
 176.4000000       3.11045e-17       3.11045e-17
 176.5000000       3.12093e-17       3.12093e-17
 176.6000000       3.13141e-17       3.13141e-17
 176.7000000       3.14190e-17       3.14190e-17
 176.8000000       3.15238e-17       3.15238e-17
 176.9000000       3.16287e-17       3.16287e-17
 177.0000000       3.17335e-17       3.17335e-17
 177.1000000       3.18384e-17       3.18384e-17
 177.2000000       3.19432e-17       3.19432e-17
 177.3000000       3.20481e-17       3.20481e-17
 177.4000000       3.21529e-17       3.21529e-17
 177.5000000       3.22577e-17       3.22577e-17
 177.6000000       3.23626e-17       3.23626e-17
 177.7000000       3.24674e-17       3.24674e-17
 177.8000000       3.25723e-17       3.25723e-17
 177.9000000       3.26771e-17       3.26771e-17
 178.0000000       3.27820e-17       3.27820e-17
 178.1000000       3.28868e-17       3.28868e-17
 178.2000000       3.29917e-17       3.29917e-17
 178.3000000       3.30965e-17       3.30965e-17
 178.4000000       3.32013e-17       3.32013e-17
 178.5000000       3.33062e-17       3.33062e-17
 178.6000000       3.34110e-17       3.34110e-17
 178.7000000       3.35159e-17       3.35159e-17
 178.8000000       3.36207e-17       3.36207e-17
 178.9000000       3.37256e-17       3.37256e-17
 179.0000000       3.38304e-17       3.38304e-17
 179.1000000       3.39353e-17       3.39353e-17
 179.2000000       3.40401e-17       3.40401e-17
 179.3000000       3.41450e-17       3.41450e-17
 179.4000000       3.42498e-17       3.42498e-17
 179.5000000       3.43546e-17       3.43546e-17
 179.6000000       3.44595e-17       3.44595e-17
 179.7000000       3.45643e-17       3.45643e-17
 179.8000000       3.46692e-17       3.46692e-17
 179.9000000       3.47740e-17       3.47740e-17
 180.0000000       3.48789e-17       3.48789e-17
 180.1000000       3.49837e-17       3.49837e-17
 180.2000000       3.50886e-17       3.50886e-17
 180.3000000       3.51934e-17       3.51934e-17
 180.4000000       3.52982e-17       3.52982e-17
 180.5000000       3.54031e-17       3.54031e-17
 180.6000000       3.55079e-17       3.55079e-17
 180.7000000       3.56128e-17       3.56128e-17
 180.8000000       3.57176e-17       3.57176e-17
 180.9000000       3.58225e-17       3.58225e-17
 181.0000000       3.59273e-17       3.59273e-17
 181.1000000       3.60322e-17       3.60322e-17
 181.2000000       3.61370e-17       3.61370e-17
 181.3000000       3.62418e-17       3.62418e-17
 181.4000000       3.63467e-17       3.63467e-17
 181.5000000       3.64515e-17       3.64515e-17
 181.6000000       3.65564e-17       3.65564e-17
 181.7000000       3.66612e-17       3.66612e-17
 181.8000000       3.67661e-17       3.67661e-17
 181.9000000       3.68709e-17       3.68709e-17
 182.0000000       3.69758e-17       3.69758e-17
 182.1000000       3.70806e-17       3.70806e-17
 182.2000000       3.71854e-17       3.71854e-17
 182.3000000       3.72903e-17       3.72903e-17
 182.4000000       3.73951e-17       3.73951e-17
 182.5000000       3.75000e-17       3.75000e-17
 182.6000000       3.76048e-17       3.76048e-17
 182.7000000       3.77097e-17       3.77097e-17
 182.8000000       3.78145e-17       3.78145e-17
 182.9000000       3.79194e-17       3.79194e-17
 183.0000000       3.80242e-17       3.80242e-17
 183.1000000       3.81290e-17       3.81290e-17
 183.2000000       3.82339e-17       3.82339e-17
 183.3000000       3.83387e-17       3.83387e-17
 183.4000000       3.84436e-17       3.84436e-17
 183.5000000       3.85484e-17       3.85484e-17
 183.6000000       3.86533e-17       3.86533e-17
 183.7000000       3.87581e-17       3.87581e-17
 183.8000000       3.88630e-17       3.88630e-17
 183.9000000       3.89678e-17       3.89678e-17
 184.0000000       3.90726e-17       3.90726e-17
 184.1000000       3.91775e-17       3.91775e-17
 184.2000000       3.92823e-17       3.92823e-17
 184.3000000       3.93872e-17       3.93872e-17
 184.4000000       3.94920e-17       3.94920e-17
 184.5000000       3.95969e-17       3.95969e-17
 184.6000000       3.97017e-17       3.97017e-17
 184.7000000       3.98066e-17       3.98066e-17
 184.8000000       3.99114e-17       3.99114e-17
 184.9000000       4.00162e-17       4.00162e-17
 185.0000000       4.01211e-17       4.01211e-17
 185.1000000       4.02259e-17       4.02259e-17
 185.2000000       4.03308e-17       4.03308e-17
 185.3000000       4.04356e-17       4.04356e-17
 185.4000000       4.05405e-17       4.05405e-17
 185.5000000       4.06453e-17       4.06453e-17
 185.6000000       4.07502e-17       4.07502e-17
 185.7000000       4.08550e-17       4.08550e-17
 185.8000000       4.09598e-17       4.09598e-17
 185.9000000       4.10647e-17       4.10647e-17
 186.0000000       4.11695e-17       4.11695e-17
 186.1000000       4.12744e-17       4.12744e-17
 186.2000000       4.13792e-17       4.13792e-17
 186.3000000       4.14841e-17       4.14841e-17
 186.4000000       4.15889e-17       4.15889e-17
 186.5000000       4.16938e-17       4.16938e-17
 186.6000000       4.17986e-17       4.17986e-17
 186.7000000       4.19034e-17       4.19034e-17
 186.8000000       4.20083e-17       4.20083e-17
 186.9000000       4.21131e-17       4.21131e-17
 187.0000000       4.22180e-17       4.22180e-17
 187.1000000       4.23228e-17       4.23228e-17
 187.2000000       4.24277e-17       4.24277e-17
 187.3000000       4.25325e-17       4.25325e-17
 187.4000000       4.26374e-17       4.26374e-17
 187.5000000       4.27422e-17       4.27422e-17
 187.6000000       4.28470e-17       4.28470e-17
 187.7000000       4.29519e-17       4.29519e-17
 187.8000000       4.30567e-17       4.30567e-17
 187.9000000       4.32150e-17       4.32150e-17
 188.0000000       4.34283e-17       4.34283e-17
 188.1000000       4.36417e-17       4.36417e-17
 188.2000000       4.38551e-17       4.38551e-17
 188.3000000       4.40684e-17       4.40684e-17
 188.4000000       4.42818e-17       4.42818e-17
 188.5000000       4.44952e-17       4.44952e-17
 188.6000000       4.47085e-17       4.47085e-17
 188.7000000       4.49219e-17       4.49219e-17
 188.8000000       4.51353e-17       4.51353e-17
 188.9000000       4.53486e-17       4.53486e-17
 189.0000000       4.55620e-17       4.55620e-17
 189.1000000       4.57754e-17       4.57754e-17
 189.2000000       4.59887e-17       4.59887e-17
 189.3000000       4.62021e-17       4.62021e-17
 189.4000000       4.64155e-17       4.64155e-17
 189.5000000       4.66288e-17       4.66288e-17
 189.6000000       4.68422e-17       4.68422e-17
 189.7000000       4.70556e-17       4.70556e-17
 189.8000000       4.72689e-17       4.72689e-17
 189.9000000       4.74823e-17       4.74823e-17
 190.0000000       4.76957e-17       4.76957e-17
 190.1000000       4.79090e-17       4.79090e-17
 190.2000000       4.81224e-17       4.81224e-17
 190.3000000       4.83358e-17       4.83358e-17
 190.4000000       5.04923e-17       5.04923e-17
 190.5000000       5.63407e-17       5.63407e-17
 190.6000000       6.22778e-17       6.22778e-17
 190.7000000       6.82148e-17       6.82148e-17
 190.8000000       7.41519e-17       7.41519e-17
 190.9000000       8.00890e-17       8.00890e-17
 191.0000000       8.60260e-17       8.60260e-17
 191.1000000       9.19631e-17       9.19631e-17
 191.2000000       9.79002e-17       9.79002e-17
 191.3000000       1.03837e-16       1.03837e-16
 191.4000000       1.09774e-16       1.09774e-16
 191.5000000       1.15711e-16       1.15711e-16
 191.6000000       1.21648e-16       1.21648e-16
 191.7000000       1.24955e-16       1.24955e-16
 191.8000000       1.19691e-16       1.19691e-16
 191.9000000       1.13765e-16       1.13765e-16
 192.0000000       1.07840e-16       1.07840e-16
 192.1000000       1.01914e-16       1.01914e-16
 192.2000000       9.59886e-17       9.59886e-17
 192.3000000       9.00631e-17       9.00631e-17
 192.4000000       8.41376e-17       8.41376e-17
 192.5000000       7.82120e-17       7.82120e-17
 192.6000000       7.22865e-17       7.22865e-17
 192.7000000       6.63609e-17       6.63609e-17
 192.8000000       6.04354e-17       6.04354e-17
 192.9000000       5.45098e-17       5.45098e-17
 193.0000000       4.86151e-17       4.86151e-17
 193.1000000       4.62870e-17       4.62870e-17
 193.2000000       4.63985e-17       4.63985e-17
 193.3000000       4.65100e-17       4.65100e-17
 193.4000000       4.66215e-17       4.66215e-17
 193.5000000       4.67330e-17       4.67330e-17
 193.6000000       4.68446e-17       4.68446e-17
 193.7000000       4.69561e-17       4.69561e-17
 193.8000000       4.70676e-17       4.70676e-17
 193.9000000       4.71791e-17       4.71791e-17
 194.0000000       4.72906e-17       4.72906e-17
 194.1000000       4.74021e-17       4.74021e-17
 194.2000000       4.75136e-17       4.75136e-17
 194.3000000       4.76251e-17       4.76251e-17
 194.4000000       4.77364e-17       4.77364e-17
 194.5000000       4.78220e-17       4.78220e-17
 194.6000000       4.78908e-17       4.78908e-17
 194.7000000       4.79596e-17       4.79596e-17
 194.8000000       4.80284e-17       4.80284e-17
 194.9000000       4.80972e-17       4.80972e-17
 195.0000000       4.81660e-17       4.81660e-17
 195.1000000       4.82348e-17       4.82348e-17
 195.2000000       4.83036e-17       4.83036e-17
 195.3000000       4.83724e-17       4.83724e-17
 195.4000000       4.84411e-17       4.84411e-17
 195.5000000       4.85099e-17       4.85099e-17
 195.6000000       4.85787e-17       4.85787e-17
 195.7000000       4.86475e-17       4.86475e-17
 195.8000000       4.87163e-17       4.87163e-17
 195.9000000       4.87851e-17       4.87851e-17
 196.0000000       4.88539e-17       4.88539e-17
 196.1000000       4.89227e-17       4.89227e-17
 196.2000000       4.89915e-17       4.89915e-17
 196.3000000       4.90603e-17       4.90603e-17
 196.4000000       4.91291e-17       4.91291e-17
 196.5000000       4.91978e-17       4.91978e-17
 196.6000000       4.92666e-17       4.92666e-17
 196.7000000       4.93354e-17       4.93354e-17
 196.8000000       4.94042e-17       4.94042e-17
 196.9000000       4.94730e-17       4.94730e-17
 197.0000000       4.95418e-17       4.95418e-17
 197.1000000       4.96106e-17       4.96106e-17
 197.2000000       4.96794e-17       4.96794e-17
 197.3000000       4.97482e-17       4.97482e-17
 197.4000000       4.98170e-17       4.98170e-17
 197.5000000       4.98858e-17       4.98858e-17
 197.6000000       4.99545e-17       4.99545e-17
 197.7000000       5.00233e-17       5.00233e-17
 197.8000000       5.00921e-17       5.00921e-17
 197.9000000       5.01609e-17       5.01609e-17
 198.0000000       5.02297e-17       5.02297e-17
 198.1000000       5.02985e-17       5.02985e-17
 198.2000000       5.03673e-17       5.03673e-17
 198.3000000       5.04361e-17       5.04361e-17
 198.4000000       5.05049e-17       5.05049e-17
 198.5000000       5.05737e-17       5.05737e-17
 198.6000000       5.06425e-17       5.06425e-17
 198.7000000       5.07112e-17       5.07112e-17
 198.8000000       5.07800e-17       5.07800e-17
 198.9000000       5.08488e-17       5.08488e-17
 199.0000000       5.09176e-17       5.09176e-17
 199.1000000       5.09864e-17       5.09864e-17
 199.2000000       5.10552e-17       5.10552e-17
 199.3000000       5.11240e-17       5.11240e-17
 199.4000000       5.11928e-17       5.11928e-17
 199.5000000       5.12616e-17       5.12616e-17
 199.6000000       5.13304e-17       5.13304e-17
 199.7000000       5.13992e-17       5.13992e-17
 199.8000000       5.14679e-17       5.14679e-17
 199.9000000       5.15367e-17       5.15367e-17
 200.0000000       5.16055e-17       5.16055e-17
 200.1000000       5.16743e-17       5.16743e-17
 200.2000000       5.17431e-17       5.17431e-17
 200.3000000       5.18119e-17       5.18119e-17
 200.4000000       5.18807e-17       5.18807e-17
 200.5000000       5.19495e-17       5.19495e-17
 200.6000000       5.20183e-17       5.20183e-17
 200.7000000       5.20871e-17       5.20871e-17
 200.8000000       5.21559e-17       5.21559e-17
 200.9000000       5.22246e-17       5.22246e-17
 201.0000000       5.22934e-17       5.22934e-17
 201.1000000       5.23622e-17       5.23622e-17
 201.2000000       5.24310e-17       5.24310e-17
 201.3000000       5.24998e-17       5.24998e-17
 201.4000000       5.25686e-17       5.25686e-17
 201.5000000       5.26374e-17       5.26374e-17
 201.6000000       5.27062e-17       5.27062e-17
 201.7000000       5.27750e-17       5.27750e-17
 201.8000000       5.28438e-17       5.28438e-17
 201.9000000       5.29126e-17       5.29126e-17
 202.0000000       5.29814e-17       5.29814e-17
 202.1000000       5.30501e-17       5.30501e-17
 202.2000000       5.31189e-17       5.31189e-17
 202.3000000       5.31877e-17       5.31877e-17
 202.4000000       5.32565e-17       5.32565e-17
 202.5000000       5.33253e-17       5.33253e-17
 202.6000000       5.33941e-17       5.33941e-17
 202.7000000       5.34629e-17       5.34629e-17
 202.8000000       5.35317e-17       5.35317e-17
 202.9000000       5.36005e-17       5.36005e-17
 203.0000000       5.36693e-17       5.36693e-17
 203.1000000       5.37381e-17       5.37381e-17
 203.2000000       5.38068e-17       5.38068e-17
 203.3000000       5.38756e-17       5.38756e-17
 203.4000000       5.39444e-17       5.39444e-17
 203.5000000       5.40132e-17       5.40132e-17
 203.6000000       5.40820e-17       5.40820e-17
 203.7000000       5.41508e-17       5.41508e-17
 203.8000000       5.42196e-17       5.42196e-17
 203.9000000       5.42884e-17       5.42884e-17
 204.0000000       5.43572e-17       5.43572e-17
 204.1000000       5.44260e-17       5.44260e-17
 204.2000000       5.44948e-17       5.44948e-17
 204.3000000       5.45635e-17       5.45635e-17
 204.4000000       5.46323e-17       5.46323e-17
 204.5000000       5.47011e-17       5.47011e-17
 204.6000000       5.47699e-17       5.47699e-17
 204.7000000       5.48387e-17       5.48387e-17
 204.8000000       5.49075e-17       5.49075e-17
 204.9000000       5.49763e-17       5.49763e-17
 205.0000000       5.50451e-17       5.50451e-17
 205.1000000       5.51139e-17       5.51139e-17
 205.2000000       5.51827e-17       5.51827e-17
 205.3000000       5.52515e-17       5.52515e-17
 205.4000000       5.53202e-17       5.53202e-17
 205.5000000       5.53890e-17       5.53890e-17
 205.6000000       5.54578e-17       5.54578e-17
 205.7000000       5.55266e-17       5.55266e-17
 205.8000000       5.55954e-17       5.55954e-17
 205.9000000       5.56642e-17       5.56642e-17
 206.0000000       5.57330e-17       5.57330e-17
 206.1000000       5.58018e-17       5.58018e-17
 206.2000000       5.58706e-17       5.58706e-17
 206.3000000       5.59394e-17       5.59394e-17
 206.4000000       5.60082e-17       5.60082e-17
 206.5000000       5.60769e-17       5.60769e-17
 206.6000000       5.61457e-17       5.61457e-17
 206.7000000       5.62145e-17       5.62145e-17
 206.8000000       5.62833e-17       5.62833e-17
 206.9000000       5.63521e-17       5.63521e-17
 207.0000000       5.64209e-17       5.64209e-17
 207.1000000       5.51423e-17       5.51423e-17
 207.2000000       1.03882e-17       1.03882e-17
 207.3000000       0.00000e+00       0.00000e+00
 207.4000000       0.00000e+00       0.00000e+00
 207.5000000       0.00000e+00       0.00000e+00
 207.6000000       0.00000e+00       0.00000e+00
 207.7000000       0.00000e+00       0.00000e+00
 207.8000000       0.00000e+00       0.00000e+00
 207.9000000       0.00000e+00       0.00000e+00
 208.0000000       0.00000e+00       0.00000e+00
 208.1000000       0.00000e+00       0.00000e+00
 208.2000000       0.00000e+00       0.00000e+00
 208.3000000       0.00000e+00       0.00000e+00
 208.4000000       0.00000e+00       0.00000e+00
 208.5000000       0.00000e+00       0.00000e+00
 208.6000000       0.00000e+00       0.00000e+00
 208.7000000       0.00000e+00       0.00000e+00
 208.8000000       0.00000e+00       0.00000e+00
 208.9000000       0.00000e+00       0.00000e+00
 209.0000000       0.00000e+00       0.00000e+00
 209.1000000       0.00000e+00       0.00000e+00
 209.2000000       0.00000e+00       0.00000e+00
 209.3000000       0.00000e+00       0.00000e+00
 209.4000000       0.00000e+00       0.00000e+00
 209.5000000       0.00000e+00       0.00000e+00
 209.6000000       0.00000e+00       0.00000e+00
 209.7000000       0.00000e+00       0.00000e+00
 209.8000000       0.00000e+00       0.00000e+00
 209.9000000       0.00000e+00       0.00000e+00
 210.0000000       0.00000e+00       0.00000e+00
 210.1000000       0.00000e+00       0.00000e+00
 210.2000000       0.00000e+00       0.00000e+00
 210.3000000       0.00000e+00       0.00000e+00
 210.4000000       0.00000e+00       0.00000e+00
 210.5000000       0.00000e+00       0.00000e+00
 210.6000000       0.00000e+00       0.00000e+00
 210.7000000       0.00000e+00       0.00000e+00
 210.8000000       0.00000e+00       0.00000e+00
 210.9000000       0.00000e+00       0.00000e+00
 211.0000000       0.00000e+00       0.00000e+00
 211.1000000       0.00000e+00       0.00000e+00
 211.2000000       0.00000e+00       0.00000e+00
 211.3000000       0.00000e+00       0.00000e+00
 211.4000000       0.00000e+00       0.00000e+00
 211.5000000       0.00000e+00       0.00000e+00
 211.6000000       0.00000e+00       0.00000e+00
 211.7000000       0.00000e+00       0.00000e+00
 211.8000000       0.00000e+00       0.00000e+00
 211.9000000       0.00000e+00       0.00000e+00
 212.0000000       0.00000e+00       0.00000e+00
 212.1000000       0.00000e+00       0.00000e+00
 212.2000000       0.00000e+00       0.00000e+00
 212.3000000       0.00000e+00       0.00000e+00
 212.4000000       0.00000e+00       0.00000e+00
 212.5000000       0.00000e+00       0.00000e+00
