# Cross sections for c-C3H
# Converted from earlier Leiden database cross sections by Alan Heays 2016-02-24
# Photodissociation source: c-C3H van Hemert & van Dishoeck 2007
# Lines represented with gaussian of width 1.0 nm FWHM
# wavelength: (nm)
# photoabsorption:    cross section (cm2)
# photodissociation:  cross section (cm2)
# 
# wavelength   photoabsorption photodissociation
  91.3000000       5.00000e-20       5.00000e-20
  91.4000000       5.00000e-20       5.00000e-20
  91.5000000       5.00000e-20       5.00000e-20
  91.6000000       5.00000e-20       5.00000e-20
  91.7000000       5.00000e-20       5.00000e-20
  91.8000000       5.00000e-20       5.00000e-20
  91.9000000       5.00000e-20       5.00000e-20
  92.0000000       5.00000e-20       5.00000e-20
  92.1000000       5.00000e-20       5.00000e-20
  92.2000000       5.00000e-20       5.00000e-20
  92.3000000       5.00000e-20       5.00000e-20
  92.4000000       5.00000e-20       5.00000e-20
  92.5000000       5.00000e-20       5.00000e-20
  92.6000000       5.00000e-20       5.00000e-20
  92.7000000       5.00000e-20       5.00000e-20
  92.8000000       5.00000e-20       5.00000e-20
  92.9000000       5.00000e-20       5.00000e-20
  93.0000000       5.00000e-20       5.00000e-20
  93.1000000       5.00000e-20       5.00000e-20
  93.2000000       5.00000e-20       5.00000e-20
  93.3000000       5.00000e-20       5.00000e-20
  93.4000000       5.00000e-20       5.00000e-20
  93.5000000       5.00000e-20       5.00000e-20
  93.6000000       5.00000e-20       5.00000e-20
  93.7000000       5.00000e-20       5.00000e-20
  93.8000000       5.00000e-20       5.00000e-20
  93.9000000       5.00000e-20       5.00000e-20
  94.0000000       5.00000e-20       5.00000e-20
  94.1000000       5.00000e-20       5.00000e-20
  94.2000000       5.00000e-20       5.00000e-20
  94.3000000       5.00000e-20       5.00000e-20
  94.4000000       5.00000e-20       5.00000e-20
  94.5000000       5.00000e-20       5.00000e-20
  94.6000000       5.00000e-20       5.00000e-20
  94.7000000       5.00000e-20       5.00000e-20
  94.8000000       5.00000e-20       5.00000e-20
  94.9000000       5.00000e-20       5.00000e-20
  95.0000000       5.00000e-20       5.00000e-20
  95.1000000       5.00000e-20       5.00000e-20
  95.2000000       5.00000e-20       5.00000e-20
  95.3000000       5.00000e-20       5.00000e-20
  95.4000000       5.00000e-20       5.00000e-20
  95.5000000       5.00000e-20       5.00000e-20
  95.6000000       5.00000e-20       5.00000e-20
  95.7000000       5.00000e-20       5.00000e-20
  95.8000000       5.00000e-20       5.00000e-20
  95.9000000       5.00000e-20       5.00000e-20
  96.0000000       5.00000e-20       5.00000e-20
  96.1000000       5.00000e-20       5.00000e-20
  96.2000000       5.00000e-20       5.00000e-20
  96.3000000       5.00000e-20       5.00000e-20
  96.4000000       5.00000e-20       5.00000e-20
  96.5000000       5.00000e-20       5.00000e-20
  96.6000000       5.00000e-20       5.00000e-20
  96.7000000       5.00000e-20       5.00000e-20
  96.8000000       5.00000e-20       5.00000e-20
  96.9000000       5.00000e-20       5.00000e-20
  97.0000000       5.00000e-20       5.00000e-20
  97.1000000       5.00000e-20       5.00000e-20
  97.2000000       5.00000e-20       5.00000e-20
  97.3000000       5.00000e-20       5.00000e-20
  97.4000000       5.00000e-20       5.00000e-20
  97.5000000       5.00000e-20       5.00000e-20
  97.6000000       5.00000e-20       5.00000e-20
  97.7000000       5.00000e-20       5.00000e-20
  97.8000000       5.00000e-20       5.00000e-20
  97.9000000       5.00000e-20       5.00000e-20
  98.0000000       5.00000e-20       5.00000e-20
  98.1000000       5.00000e-20       5.00000e-20
  98.2000000       5.00000e-20       5.00000e-20
  98.3000000       5.00000e-20       5.00000e-20
  98.4000000       5.00000e-20       5.00000e-20
  98.5000000       5.00000e-20       5.00000e-20
  98.6000000       5.00000e-20       5.00000e-20
  98.7000000       5.00000e-20       5.00000e-20
  98.8000000       5.00000e-20       5.00000e-20
  98.9000000       5.00000e-20       5.00000e-20
  99.0000000       5.00000e-20       5.00000e-20
  99.1000000       5.00000e-20       5.00000e-20
  99.2000000       5.00000e-20       5.00000e-20
  99.3000000       5.00000e-20       5.00000e-20
  99.4000000       5.00000e-20       5.00000e-20
  99.5000000       5.00000e-20       5.00000e-20
  99.6000000       5.00000e-20       5.00000e-20
  99.7000000       5.00000e-20       5.00000e-20
  99.8000000       5.00000e-20       5.00000e-20
  99.9000000       5.00000e-20       5.00000e-20
 100.0000000       5.00000e-20       5.00000e-20
 100.1000000       5.00000e-20       5.00000e-20
 100.2000000       5.00000e-20       5.00000e-20
 100.3000000       5.00000e-20       5.00000e-20
 100.4000000       5.00000e-20       5.00000e-20
 100.5000000       5.00000e-20       5.00000e-20
 100.6000000       5.00000e-20       5.00000e-20
 100.7000000       5.00000e-20       5.00000e-20
 100.8000000       5.00000e-20       5.00000e-20
 100.9000000       5.00000e-20       5.00000e-20
 101.0000000       5.00000e-20       5.00000e-20
 101.1000000       5.00000e-20       5.00000e-20
 101.2000000       5.00000e-20       5.00000e-20
 101.3000000       5.00000e-20       5.00000e-20
 101.4000000       5.00000e-20       5.00000e-20
 101.5000000       5.00000e-20       5.00000e-20
 101.6000000       5.00000e-20       5.00000e-20
 101.7000000       5.00000e-20       5.00000e-20
 101.8000000       5.00000e-20       5.00000e-20
 101.9000000       5.00000e-20       5.00000e-20
 102.0000000       5.00000e-20       5.00000e-20
 102.1000000       5.00000e-20       5.00000e-20
 102.2000000       5.00000e-20       5.00000e-20
 102.3000000       5.00000e-20       5.00000e-20
 102.4000000       5.00000e-20       5.00000e-20
 102.5000000       5.00000e-20       5.00000e-20
 102.6000000       5.00000e-20       5.00000e-20
 102.7000000       5.00000e-20       5.00000e-20
 102.8000000       5.00000e-20       5.00000e-20
 102.9000000       5.00000e-20       5.00000e-20
 103.0000000       5.00000e-20       5.00000e-20
 103.1000000       5.00000e-20       5.00000e-20
 103.2000000       5.00000e-20       5.00000e-20
 103.3000000       5.00000e-20       5.00000e-20
 103.4000000       5.00000e-20       5.00000e-20
 103.5000000       5.00000e-20       5.00000e-20
 103.6000000       5.00000e-20       5.00000e-20
 103.7000000       5.00000e-20       5.00000e-20
 103.8000000       5.00000e-20       5.00000e-20
 103.9000000       5.00000e-20       5.00000e-20
 104.0000000       5.00000e-20       5.00000e-20
 104.1000000       5.00000e-20       5.00000e-20
 104.2000000       5.00000e-20       5.00000e-20
 104.3000000       5.00000e-20       5.00000e-20
 104.4000000       5.00000e-20       5.00000e-20
 104.5000000       5.00000e-20       5.00000e-20
 104.6000000       5.00000e-20       5.00000e-20
 104.7000000       5.00000e-20       5.00000e-20
 104.8000000       5.00000e-20       5.00000e-20
 104.9000000       5.00000e-20       5.00000e-20
 105.0000000       5.00000e-20       5.00000e-20
 105.1000000       5.00000e-20       5.00000e-20
 105.2000000       5.00000e-20       5.00000e-20
 105.3000000       5.00000e-20       5.00000e-20
 105.4000000       5.00000e-20       5.00000e-20
 105.5000000       5.00000e-20       5.00000e-20
 105.6000000       5.00000e-20       5.00000e-20
 105.7000000       5.00000e-20       5.00000e-20
 105.8000000       5.00000e-20       5.00000e-20
 105.9000000       5.00000e-20       5.00000e-20
 106.0000000       5.00000e-20       5.00000e-20
 106.1000000       5.00000e-20       5.00000e-20
 106.2000000       5.00000e-20       5.00000e-20
 106.3000000       5.00000e-20       5.00000e-20
 106.4000000       5.00000e-20       5.00000e-20
 106.5000000       5.00000e-20       5.00000e-20
 106.6000000       5.00000e-20       5.00000e-20
 106.7000000       5.00000e-20       5.00000e-20
 106.8000000       5.00000e-20       5.00000e-20
 106.9000000       5.00000e-20       5.00000e-20
 107.0000000       5.00000e-20       5.00000e-20
 107.1000000       5.00000e-20       5.00000e-20
 107.2000000       5.00000e-20       5.00000e-20
 107.3000000       5.00000e-20       5.00000e-20
 107.4000000       5.00000e-20       5.00000e-20
 107.5000000       5.00000e-20       5.00000e-20
 107.6000000       5.00000e-20       5.00000e-20
 107.7000000       5.00000e-20       5.00000e-20
 107.8000000       5.00000e-20       5.00000e-20
 107.9000000       5.00000e-20       5.00000e-20
 108.0000000       5.00000e-20       5.00000e-20
 108.1000000       5.00000e-20       5.00000e-20
 108.2000000       5.00000e-20       5.00000e-20
 108.3000000       5.00000e-20       5.00000e-20
 108.4000000       5.00000e-20       5.00000e-20
 108.5000000       5.00000e-20       5.00000e-20
 108.6000000       5.00000e-20       5.00000e-20
 108.7000000       5.00000e-20       5.00000e-20
 108.8000000       5.00000e-20       5.00000e-20
 108.9000000       5.00000e-20       5.00000e-20
 109.0000000       5.00000e-20       5.00000e-20
 109.1000000       5.00000e-20       5.00000e-20
 109.2000000       5.00000e-20       5.00000e-20
 109.3000000       5.00000e-20       5.00000e-20
 109.4000000       5.00000e-20       5.00000e-20
 109.5000000       5.00000e-20       5.00000e-20
 109.6000000       5.00000e-20       5.00000e-20
 109.7000000       5.00000e-20       5.00000e-20
 109.8000000       5.00000e-20       5.00000e-20
 109.9000000       5.00000e-20       5.00000e-20
 110.0000000       5.00000e-20       5.00000e-20
 110.1000000       5.00000e-20       5.00000e-20
 110.2000000       5.00000e-20       5.00000e-20
 110.3000000       5.00000e-20       5.00000e-20
 110.4000000       5.00000e-20       5.00000e-20
 110.5000000       5.00000e-20       5.00000e-20
 110.6000000       5.00000e-20       5.00000e-20
 110.7000000       5.00000e-20       5.00000e-20
 110.8000000       5.00000e-20       5.00000e-20
 110.9000000       5.00000e-20       5.00000e-20
 111.0000000       5.00000e-20       5.00000e-20
 111.1000000       5.00000e-20       5.00000e-20
 111.2000000       5.00000e-20       5.00000e-20
 111.3000000       5.00000e-20       5.00000e-20
 111.4000000       5.00000e-20       5.00000e-20
 111.5000000       5.00000e-20       5.00000e-20
 111.6000000       5.00000e-20       5.00000e-20
 111.7000000       5.00000e-20       5.00000e-20
 111.8000000       5.00000e-20       5.00000e-20
 111.9000000       5.00000e-20       5.00000e-20
 112.0000000       5.00000e-20       5.00000e-20
 112.1000000       5.00000e-20       5.00000e-20
 112.2000000       5.00000e-20       5.00000e-20
 112.3000000       5.00000e-20       5.00000e-20
 112.4000000       5.00000e-20       5.00000e-20
 112.5000000       5.00000e-20       5.00000e-20
 112.6000000       5.00000e-20       5.00000e-20
 112.7000000       5.00000e-20       5.00000e-20
 112.8000000       5.00000e-20       5.00000e-20
 112.9000000       5.00000e-20       5.00000e-20
 113.0000000       5.00000e-20       5.00000e-20
 113.1000000       5.00000e-20       5.00000e-20
 113.2000000       5.00000e-20       5.00000e-20
 113.3000000       5.00000e-20       5.00000e-20
 113.4000000       5.00000e-20       5.00000e-20
 113.5000000       5.00000e-20       5.00000e-20
 113.6000000       5.00000e-20       5.00000e-20
 113.7000000       5.00000e-20       5.00000e-20
 113.8000000       5.00000e-20       5.00000e-20
 113.9000000       5.00000e-20       5.00000e-20
 114.0000000       5.00000e-20       5.00000e-20
 114.1000000       5.00000e-20       5.00000e-20
 114.2000000       5.00000e-20       5.00000e-20
 114.3000000       5.00000e-20       5.00000e-20
 114.4000000       5.00000e-20       5.00000e-20
 114.5000000       5.00000e-20       5.00000e-20
 114.6000000       5.00000e-20       5.00000e-20
 114.7000000       5.00000e-20       5.00000e-20
 114.8000000       5.00000e-20       5.00000e-20
 114.9000000       5.00000e-20       5.00000e-20
 115.0000000       5.00000e-20       5.00000e-20
 115.1000000       5.00000e-20       5.00000e-20
 115.2000000       5.00000e-20       5.00000e-20
 115.3000000       5.00000e-20       5.00000e-20
 115.4000000       5.00000e-20       5.00000e-20
 115.5000000       5.00000e-20       5.00000e-20
 115.6000000       5.00000e-20       5.00000e-20
 115.7000000       5.00000e-20       5.00000e-20
 115.8000000       5.00000e-20       5.00000e-20
 115.9000000       5.00000e-20       5.00000e-20
 116.0000000       5.00000e-20       5.00000e-20
 116.1000000       5.00000e-20       5.00000e-20
 116.2000000       5.00000e-20       5.00000e-20
 116.3000000       5.00000e-20       5.00000e-20
 116.4000000       5.00000e-20       5.00000e-20
 116.5000000       5.00000e-20       5.00000e-20
 116.6000000       5.00000e-20       5.00000e-20
 116.7000000       5.00000e-20       5.00000e-20
 116.8000000       5.00000e-20       5.00000e-20
 116.9000000       5.00000e-20       5.00000e-20
 117.0000000       5.00000e-20       5.00000e-20
 117.1000000       5.00000e-20       5.00000e-20
 117.2000000       5.00000e-20       5.00000e-20
 117.3000000       5.00000e-20       5.00000e-20
 117.4000000       5.00000e-20       5.00000e-20
 117.5000000       5.00000e-20       5.00000e-20
 117.6000000       5.00000e-20       5.00000e-20
 117.7000000       5.00000e-20       5.00000e-20
 117.8000000       5.00000e-20       5.00000e-20
 117.9000000       5.00000e-20       5.00000e-20
 118.0000000       5.00000e-20       5.00000e-20
 118.1000000       5.00000e-20       5.00000e-20
 118.2000000       5.00000e-20       5.00000e-20
 118.3000000       5.00000e-20       5.00000e-20
 118.4000000       5.00000e-20       5.00000e-20
 118.5000000       5.00000e-20       5.00000e-20
 118.6000000       5.00000e-20       5.00000e-20
 118.7000000       5.00000e-20       5.00000e-20
 118.8000000       5.00000e-20       5.00000e-20
 118.9000000       5.00000e-20       5.00000e-20
 119.0000000       5.00000e-20       5.00000e-20
 119.1000000       5.00000e-20       5.00000e-20
 119.2000000       5.00000e-20       5.00000e-20
 119.3000000       5.00000e-20       5.00000e-20
 119.4000000       5.00000e-20       5.00000e-20
 119.5000000       5.00000e-20       5.00000e-20
 119.6000000       5.00000e-20       5.00000e-20
 119.7000000       5.00000e-20       5.00000e-20
 119.8000000       5.00000e-20       5.00000e-20
 119.9000000       5.00000e-20       5.00000e-20
 120.0000000       5.00000e-20       5.00000e-20
 120.1000000       5.00000e-20       5.00000e-20
 120.2000000       5.00000e-20       5.00000e-20
 120.3000000       5.00000e-20       5.00000e-20
 120.4000000       5.00000e-20       5.00000e-20
 120.5000000       5.00000e-20       5.00000e-20
 120.6000000       5.00000e-20       5.00000e-20
 120.7000000       5.00000e-20       5.00000e-20
 120.8000000       5.00000e-20       5.00000e-20
 120.9000000       5.00000e-20       5.00000e-20
 121.0000000       5.00000e-20       5.00000e-20
 121.1000000       5.00000e-20       5.00000e-20
 121.2000000       5.00000e-20       5.00000e-20
 121.3000000       5.00000e-20       5.00000e-20
 121.4000000       5.00000e-20       5.00000e-20
 121.5000000       5.00000e-20       5.00000e-20
 121.6000000       5.00000e-20       5.00000e-20
 121.7000000       5.00000e-20       5.00000e-20
 121.8000000       5.00000e-20       5.00000e-20
 121.9000000       5.00000e-20       5.00000e-20
 122.0000000       5.00000e-20       5.00000e-20
 122.1000000       5.00000e-20       5.00000e-20
 122.2000000       5.00000e-20       5.00000e-20
 122.3000000       5.00000e-20       5.00000e-20
 122.4000000       5.00000e-20       5.00000e-20
 122.5000000       5.00000e-20       5.00000e-20
 122.6000000       5.00000e-20       5.00000e-20
 122.7000000       5.00000e-20       5.00000e-20
 122.8000000       5.00000e-20       5.00000e-20
 122.9000000       5.00000e-20       5.00000e-20
 123.0000000       5.00000e-20       5.00000e-20
 123.1000000       5.00000e-20       5.00000e-20
 123.2000000       5.00000e-20       5.00000e-20
 123.3000000       5.21979e-20       5.21979e-20
 123.4000000       7.09670e-20       7.09670e-20
 123.5000000       1.16563e-19       1.16563e-19
 123.6000000       1.81512e-19       1.81512e-19
 123.7000000       2.67613e-19       2.67613e-19
 123.8000000       3.73568e-19       3.73568e-19
 123.9000000       4.93730e-19       4.93730e-19
 124.0000000       6.17829e-19       6.17829e-19
 124.1000000       7.31989e-19       7.31989e-19
 124.2000000       8.21102e-19       8.21102e-19
 124.3000000       8.72056e-19       8.72056e-19
 124.4000000       8.76886e-19       8.76886e-19
 124.5000000       8.34818e-19       8.34818e-19
 124.6000000       7.52465e-19       7.52465e-19
 124.7000000       6.42131e-19       6.42131e-19
 124.8000000       5.18801e-19       5.18801e-19
 124.9000000       3.96837e-19       3.96837e-19
 125.0000000       2.87378e-19       2.87378e-19
 125.1000000       1.97025e-19       1.97025e-19
 125.2000000       1.27882e-19       1.27882e-19
 125.3000000       7.85800e-20       7.85800e-20
 125.4000000       5.34211e-20       5.34211e-20
 125.5000000       5.00271e-20       5.00271e-20
 125.6000000       5.00000e-20       5.00000e-20
 125.7000000       5.00000e-20       5.00000e-20
 125.8000000       5.00000e-20       5.00000e-20
 125.9000000       5.00000e-20       5.00000e-20
 126.0000000       5.00000e-20       5.00000e-20
 126.1000000       5.00000e-20       5.00000e-20
 126.2000000       5.00000e-20       5.00000e-20
 126.3000000       5.00000e-20       5.00000e-20
 126.4000000       5.00000e-20       5.00000e-20
 126.5000000       5.00000e-20       5.00000e-20
 126.6000000       5.00000e-20       5.00000e-20
 126.7000000       5.00000e-20       5.00000e-20
 126.8000000       5.00000e-20       5.00000e-20
 126.9000000       5.00000e-20       5.00000e-20
 127.0000000       5.00000e-20       5.00000e-20
 127.1000000       5.00000e-20       5.00000e-20
 127.2000000       5.00000e-20       5.00000e-20
 127.3000000       5.00000e-20       5.00000e-20
 127.4000000       5.00000e-20       5.00000e-20
 127.5000000       5.00000e-20       5.00000e-20
 127.6000000       5.00000e-20       5.00000e-20
 127.7000000       5.00000e-20       5.00000e-20
 127.8000000       5.00000e-20       5.00000e-20
 127.9000000       5.00000e-20       5.00000e-20
 128.0000000       5.00000e-20       5.00000e-20
 128.1000000       5.00000e-20       5.00000e-20
 128.2000000       5.00000e-20       5.00000e-20
 128.3000000       5.00000e-20       5.00000e-20
 128.4000000       5.00000e-20       5.00000e-20
 128.5000000       5.00000e-20       5.00000e-20
 128.6000000       5.00000e-20       5.00000e-20
 128.7000000       5.00000e-20       5.00000e-20
 128.8000000       5.00000e-20       5.00000e-20
 128.9000000       5.00000e-20       5.00000e-20
 129.0000000       5.00000e-20       5.00000e-20
 129.1000000       5.00000e-20       5.00000e-20
 129.2000000       5.00000e-20       5.00000e-20
 129.3000000       5.00000e-20       5.00000e-20
 129.4000000       5.00000e-20       5.00000e-20
 129.5000000       5.00000e-20       5.00000e-20
 129.6000000       5.00000e-20       5.00000e-20
 129.7000000       5.13321e-20       5.13321e-20
 129.8000000       7.49801e-20       7.49801e-20
 129.9000000       1.45538e-19       1.45538e-19
 130.0000000       2.68125e-19       2.68125e-19
 130.1000000       4.68170e-19       4.68170e-19
 130.2000000       7.74971e-19       7.74971e-19
 130.3000000       1.21652e-18       1.21652e-18
 130.4000000       1.81165e-18       1.81165e-18
 130.5000000       2.56065e-18       2.56065e-18
 130.6000000       3.43706e-18       3.43706e-18
 130.7000000       4.38400e-18       4.38400e-18
 130.8000000       5.31783e-18       5.31783e-18
 130.9000000       6.13991e-18       6.13991e-18
 131.0000000       6.75433e-18       6.75433e-18
 131.1000000       7.08705e-18       7.08705e-18
 131.2000000       7.10080e-18       7.10080e-18
 131.3000000       6.80154e-18       6.80154e-18
 131.4000000       6.23508e-18       6.23508e-18
 131.5000000       5.47559e-18       5.47559e-18
 131.6000000       4.61002e-18       4.61002e-18
 131.7000000       3.72276e-18       3.72276e-18
 131.8000000       2.88393e-18       2.88393e-18
 131.9000000       2.14278e-18       2.14278e-18
 132.0000000       1.52624e-18       1.52624e-18
 132.1000000       1.04129e-18       1.04129e-18
 132.2000000       6.79828e-19       6.79828e-19
 132.3000000       4.24243e-19       4.24243e-19
 132.4000000       2.52762e-19       2.52762e-19
 132.5000000       1.43612e-19       1.43612e-19
 132.6000000       7.77272e-20       7.77272e-20
 132.7000000       5.02425e-20       5.02425e-20
 132.8000000       5.00001e-20       5.00001e-20
 132.9000000       5.00000e-20       5.00000e-20
 133.0000000       5.00000e-20       5.00000e-20
 133.1000000       5.00000e-20       5.00000e-20
 133.2000000       5.00000e-20       5.00000e-20
 133.3000000       5.00000e-20       5.00000e-20
 133.4000000       5.00000e-20       5.00000e-20
 133.5000000       5.00000e-20       5.00000e-20
 133.6000000       5.00000e-20       5.00000e-20
 133.7000000       5.00000e-20       5.00000e-20
 133.8000000       5.00000e-20       5.00000e-20
 133.9000000       5.00000e-20       5.00000e-20
 134.0000000       5.00000e-20       5.00000e-20
 134.1000000       5.00000e-20       5.00000e-20
 134.2000000       5.00000e-20       5.00000e-20
 134.3000000       5.00000e-20       5.00000e-20
 134.4000000       5.00000e-20       5.00000e-20
 134.5000000       5.00000e-20       5.00000e-20
 134.6000000       5.00000e-20       5.00000e-20
 134.7000000       5.00000e-20       5.00000e-20
 134.8000000       5.00000e-20       5.00000e-20
 134.9000000       5.00000e-20       5.00000e-20
 135.0000000       5.00000e-20       5.00000e-20
 135.1000000       5.00000e-20       5.00000e-20
 135.2000000       5.00000e-20       5.00000e-20
 135.3000000       5.00000e-20       5.00000e-20
 135.4000000       5.00000e-20       5.00000e-20
 135.5000000       5.00000e-20       5.00000e-20
 135.6000000       5.00000e-20       5.00000e-20
 135.7000000       5.00000e-20       5.00000e-20
 135.8000000       5.00000e-20       5.00000e-20
 135.9000000       5.00000e-20       5.00000e-20
 136.0000000       5.00000e-20       5.00000e-20
 136.1000000       5.00000e-20       5.00000e-20
 136.2000000       5.00000e-20       5.00000e-20
 136.3000000       5.00000e-20       5.00000e-20
 136.4000000       5.00000e-20       5.00000e-20
 136.5000000       6.03389e-20       6.03389e-20
 136.6000000       1.06702e-19       1.06702e-19
 136.7000000       2.10376e-19       2.10376e-19
 136.8000000       3.95592e-19       3.95592e-19
 136.9000000       7.05671e-19       7.05671e-19
 137.0000000       1.19250e-18       1.19250e-18
 137.1000000       1.90830e-18       1.90830e-18
 137.2000000       2.89142e-18       2.89142e-18
 137.3000000       4.14804e-18       4.14804e-18
 137.4000000       5.63425e-18       5.63425e-18
 137.5000000       7.24591e-18       7.24591e-18
 137.6000000       8.82305e-18       8.82305e-18
 137.7000000       1.01724e-17       1.01724e-17
 137.8000000       1.11056e-17       1.11056e-17
 137.9000000       1.14828e-17       1.14828e-17
 138.0000000       1.12490e-17       1.12490e-17
 138.1000000       1.04509e-17       1.04509e-17
 138.2000000       9.22858e-18       9.22858e-18
 138.3000000       7.78516e-18       7.78516e-18
 138.4000000       6.34573e-18       6.34573e-18
 138.5000000       5.11694e-18       5.11694e-18
 138.6000000       4.25724e-18       4.25724e-18
 138.7000000       3.86064e-18       3.86064e-18
 138.8000000       3.95189e-18       3.95189e-18
 138.9000000       4.48894e-18       4.48894e-18
 139.0000000       5.36981e-18       5.36981e-18
 139.1000000       6.44468e-18       6.44468e-18
 139.2000000       7.53559e-18       7.53559e-18
 139.3000000       8.46492e-18       8.46492e-18
 139.4000000       9.08948e-18       9.08948e-18
 139.5000000       9.33254e-18       9.33254e-18
 139.6000000       9.20314e-18       9.20314e-18
 139.7000000       8.79455e-18       8.79455e-18
 139.8000000       8.25961e-18       8.25961e-18
 139.9000000       7.76857e-18       7.76857e-18
 140.0000000       7.46146e-18       7.46146e-18
 140.1000000       7.40928e-18       7.40928e-18
 140.2000000       7.59565e-18       7.59565e-18
 140.3000000       7.92452e-18       7.92452e-18
 140.4000000       8.25122e-18       8.25122e-18
 140.5000000       8.42775e-18       8.42775e-18
 140.6000000       8.34892e-18       8.34892e-18
 140.7000000       7.98703e-18       7.98703e-18
 140.8000000       7.40683e-18       7.40683e-18
 140.9000000       6.75908e-18       6.75908e-18
 141.0000000       6.25696e-18       6.25696e-18
 141.1000000       6.14187e-18       6.14187e-18
 141.2000000       6.64452e-18       6.64452e-18
 141.3000000       7.94482e-18       7.94482e-18
 141.4000000       1.01321e-17       1.01321e-17
 141.5000000       1.31692e-17       1.31692e-17
 141.6000000       1.68682e-17       1.68682e-17
 141.7000000       2.08881e-17       2.08881e-17
 141.8000000       2.47675e-17       2.47675e-17
 141.9000000       2.79926e-17       2.79926e-17
 142.0000000       3.00930e-17       3.00930e-17
 142.1000000       3.07407e-17       3.07407e-17
 142.2000000       2.98245e-17       2.98245e-17
 142.3000000       2.74741e-17       2.74741e-17
 142.4000000       2.40261e-17       2.40261e-17
 142.5000000       1.99430e-17       1.99430e-17
 142.6000000       1.57104e-17       1.57104e-17
 142.7000000       1.17443e-17       1.17443e-17
 142.8000000       8.33016e-18       8.33016e-18
 142.9000000       5.60553e-18       5.60553e-18
 143.0000000       3.57821e-18       3.57821e-18
 143.1000000       2.16648e-18       2.16648e-18
 143.2000000       1.24407e-18       1.24407e-18
 143.3000000       6.77602e-19       6.77602e-19
 143.4000000       3.50413e-19       3.50413e-19
 143.5000000       1.73139e-19       1.73139e-19
 143.6000000       8.46682e-20       8.46682e-20
 143.7000000       5.23776e-20       5.23776e-20
 143.8000000       5.24699e-20       5.24699e-20
 143.9000000       7.80843e-20       7.80843e-20
 144.0000000       1.57561e-19       1.57561e-19
 144.1000000       3.17119e-19       3.17119e-19
 144.2000000       6.09972e-19       6.09972e-19
 144.3000000       1.11266e-18       1.11266e-18
 144.4000000       1.92219e-18       1.92219e-18
 144.5000000       3.14419e-18       3.14419e-18
 144.6000000       4.86952e-18       4.86952e-18
 144.7000000       7.14054e-18       7.14054e-18
 144.8000000       9.91403e-18       9.91403e-18
 144.9000000       1.30334e-17       1.30334e-17
 145.0000000       1.62249e-17       1.62249e-17
 145.1000000       1.91281e-17       1.91281e-17
 145.2000000       2.13614e-17       2.13614e-17
 145.3000000       2.26073e-17       2.26073e-17
 145.4000000       2.26934e-17       2.26934e-17
 145.5000000       2.16417e-17       2.16417e-17
 145.6000000       1.96680e-17       1.96680e-17
 145.7000000       1.71301e-17       1.71301e-17
 145.8000000       1.44423e-17       1.44423e-17
 145.9000000       1.19808e-17       1.19808e-17
 146.0000000       1.00088e-17       1.00088e-17
 146.1000000       8.63862e-18       8.63862e-18
 146.2000000       7.83434e-18       7.83434e-18
 146.3000000       7.44854e-18       7.44854e-18
 146.4000000       7.27813e-18       7.27813e-18
 146.5000000       7.12247e-18       7.12247e-18
 146.6000000       6.82976e-18       6.82976e-18
 146.7000000       6.32274e-18       6.32274e-18
 146.8000000       5.60104e-18       5.60104e-18
 146.9000000       4.72426e-18       4.72426e-18
 147.0000000       3.78381e-18       3.78381e-18
 147.1000000       2.87366e-18       2.87366e-18
 147.2000000       2.06786e-18       2.06786e-18
 147.3000000       1.40933e-18       1.40933e-18
 147.4000000       9.09540e-19       9.09540e-19
 147.5000000       5.55768e-19       5.55768e-19
 147.6000000       3.21515e-19       3.21515e-19
 147.7000000       1.76086e-19       1.76086e-19
 147.8000000       9.12964e-20       9.12964e-20
 147.9000000       5.42617e-20       5.42617e-20
 148.0000000       5.00334e-20       5.00334e-20
 148.1000000       5.00000e-20       5.00000e-20
 148.2000000       5.00000e-20       5.00000e-20
 148.3000000       5.00000e-20       5.00000e-20
 148.4000000       5.00000e-20       5.00000e-20
 148.5000000       5.00000e-20       5.00000e-20
 148.6000000       5.00000e-20       5.00000e-20
 148.7000000       5.00000e-20       5.00000e-20
 148.8000000       5.00000e-20       5.00000e-20
 148.9000000       5.00000e-20       5.00000e-20
 149.0000000       5.00000e-20       5.00000e-20
 149.1000000       5.00000e-20       5.00000e-20
 149.2000000       5.00000e-20       5.00000e-20
 149.3000000       5.00000e-20       5.00000e-20
 149.4000000       5.00000e-20       5.00000e-20
 149.5000000       5.00000e-20       5.00000e-20
 149.6000000       5.00000e-20       5.00000e-20
 149.7000000       5.00000e-20       5.00000e-20
 149.8000000       5.00000e-20       5.00000e-20
 149.9000000       5.00000e-20       5.00000e-20
 150.0000000       5.00000e-20       5.00000e-20
 150.1000000       5.00000e-20       5.00000e-20
 150.2000000       5.00000e-20       5.00000e-20
 150.3000000       5.00000e-20       5.00000e-20
 150.4000000       5.00000e-20       5.00000e-20
 150.5000000       5.00000e-20       5.00000e-20
 150.6000000       5.00000e-20       5.00000e-20
 150.7000000       5.00000e-20       5.00000e-20
 150.8000000       5.00000e-20       5.00000e-20
 150.9000000       5.00000e-20       5.00000e-20
 151.0000000       5.00000e-20       5.00000e-20
 151.1000000       5.00000e-20       5.00000e-20
 151.2000000       5.00000e-20       5.00000e-20
 151.3000000       5.00000e-20       5.00000e-20
 151.4000000       5.00000e-20       5.00000e-20
 151.5000000       5.00000e-20       5.00000e-20
 151.6000000       5.00000e-20       5.00000e-20
 151.7000000       5.00000e-20       5.00000e-20
 151.8000000       5.00000e-20       5.00000e-20
 151.9000000       5.00000e-20       5.00000e-20
 152.0000000       5.00000e-20       5.00000e-20
 152.1000000       5.00000e-20       5.00000e-20
 152.2000000       5.00000e-20       5.00000e-20
 152.3000000       5.00000e-20       5.00000e-20
 152.4000000       5.00000e-20       5.00000e-20
 152.5000000       5.00000e-20       5.00000e-20
 152.6000000       5.00000e-20       5.00000e-20
 152.7000000       5.00000e-20       5.00000e-20
 152.8000000       5.00000e-20       5.00000e-20
 152.9000000       5.00000e-20       5.00000e-20
 153.0000000       5.00000e-20       5.00000e-20
 153.1000000       5.00000e-20       5.00000e-20
 153.2000000       5.00000e-20       5.00000e-20
 153.3000000       5.00000e-20       5.00000e-20
 153.4000000       5.00000e-20       5.00000e-20
 153.5000000       5.00000e-20       5.00000e-20
 153.6000000       5.00000e-20       5.00000e-20
 153.7000000       5.00000e-20       5.00000e-20
 153.8000000       5.00000e-20       5.00000e-20
 153.9000000       5.00000e-20       5.00000e-20
 154.0000000       5.00000e-20       5.00000e-20
 154.1000000       5.00000e-20       5.00000e-20
 154.2000000       5.00000e-20       5.00000e-20
 154.3000000       5.00000e-20       5.00000e-20
 154.4000000       5.00000e-20       5.00000e-20
 154.5000000       5.00000e-20       5.00000e-20
 154.6000000       5.00000e-20       5.00000e-20
 154.7000000       5.00000e-20       5.00000e-20
 154.8000000       5.00000e-20       5.00000e-20
 154.9000000       5.00000e-20       5.00000e-20
 155.0000000       5.00000e-20       5.00000e-20
 155.1000000       5.00000e-20       5.00000e-20
 155.2000000       5.00000e-20       5.00000e-20
 155.3000000       5.00000e-20       5.00000e-20
 155.4000000       5.00000e-20       5.00000e-20
 155.5000000       5.00000e-20       5.00000e-20
 155.6000000       5.00000e-20       5.00000e-20
 155.7000000       5.00000e-20       5.00000e-20
 155.8000000       5.00000e-20       5.00000e-20
 155.9000000       5.00000e-20       5.00000e-20
 156.0000000       5.00000e-20       5.00000e-20
 156.1000000       5.00000e-20       5.00000e-20
 156.2000000       5.00000e-20       5.00000e-20
 156.3000000       5.00000e-20       5.00000e-20
 156.4000000       5.00000e-20       5.00000e-20
 156.5000000       5.00000e-20       5.00000e-20
 156.6000000       5.00000e-20       5.00000e-20
 156.7000000       5.00000e-20       5.00000e-20
 156.8000000       5.00000e-20       5.00000e-20
 156.9000000       5.00000e-20       5.00000e-20
 157.0000000       5.00000e-20       5.00000e-20
 157.1000000       5.00000e-20       5.00000e-20
 157.2000000       5.00000e-20       5.00000e-20
 157.3000000       5.00000e-20       5.00000e-20
 157.4000000       5.00000e-20       5.00000e-20
 157.5000000       5.46135e-20       5.46135e-20
 157.6000000       9.10594e-20       9.10594e-20
 157.7000000       1.82265e-19       1.82265e-19
 157.8000000       3.45912e-19       3.45912e-19
 157.9000000       6.22397e-19       6.22397e-19
 158.0000000       1.06161e-18       1.06161e-18
 158.1000000       1.71639e-18       1.71639e-18
 158.2000000       2.63017e-18       2.63017e-18
 158.3000000       3.81971e-18       3.81971e-18
 158.4000000       5.25677e-18       5.25677e-18
 158.5000000       6.85519e-18       6.85519e-18
 158.6000000       8.47034e-18       8.47034e-18
 158.7000000       9.91595e-18       9.91595e-18
 158.8000000       1.09975e-17       1.09975e-17
 158.9000000       1.15546e-17       1.15546e-17
 159.0000000       1.14999e-17       1.14999e-17
 159.1000000       1.08415e-17       1.08415e-17
 159.2000000       9.68098e-18       9.68098e-18
 159.3000000       8.18782e-18       8.18782e-18
 159.4000000       6.55868e-18       6.55868e-18
 159.5000000       4.97562e-18       4.97562e-18
 159.6000000       3.57474e-18       3.57474e-18
 159.7000000       2.43217e-18       2.43217e-18
 159.8000000       1.56704e-18       1.56704e-18
 159.9000000       9.56071e-19       9.56071e-19
 160.0000000       5.52344e-19       5.52344e-19
 160.1000000       3.02153e-19       3.02153e-19
 160.2000000       1.56505e-19       1.56505e-19
 160.3000000       7.71252e-20       7.71252e-20
 160.4000000       5.00000e-20       5.00000e-20
 160.5000000       5.00000e-20       5.00000e-20
 160.6000000       5.00000e-20       5.00000e-20
 160.7000000       5.00000e-20       5.00000e-20
 160.8000000       5.00000e-20       5.00000e-20
 160.9000000       5.00000e-20       5.00000e-20
 161.0000000       5.00000e-20       5.00000e-20
 161.1000000       5.00000e-20       5.00000e-20
 161.2000000       5.00000e-20       5.00000e-20
 161.3000000       5.00000e-20       5.00000e-20
 161.4000000       5.00000e-20       5.00000e-20
 161.5000000       5.00000e-20       5.00000e-20
 161.6000000       5.00000e-20       5.00000e-20
 161.7000000       5.00000e-20       5.00000e-20
 161.8000000       5.00000e-20       5.00000e-20
 161.9000000       5.00000e-20       5.00000e-20
 162.0000000       5.00000e-20       5.00000e-20
 162.1000000       5.00000e-20       5.00000e-20
 162.2000000       5.00000e-20       5.00000e-20
 162.3000000       5.00000e-20       5.00000e-20
 162.4000000       5.00000e-20       5.00000e-20
 162.5000000       5.00000e-20       5.00000e-20
 162.6000000       5.00000e-20       5.00000e-20
 162.7000000       5.00000e-20       5.00000e-20
 162.8000000       5.21162e-20       5.21162e-20
 162.9000000       9.08123e-20       9.08123e-20
 163.0000000       2.05251e-19       2.05251e-19
 163.1000000       4.39181e-19       4.39181e-19
 163.2000000       8.89677e-19       8.89677e-19
 163.3000000       1.70636e-18       1.70636e-18
 163.4000000       3.09876e-18       3.09876e-18
 163.5000000       5.32869e-18       5.32869e-18
 163.6000000       8.67820e-18       8.67820e-18
 163.7000000       1.33878e-17       1.33878e-17
 163.8000000       1.95707e-17       1.95707e-17
 163.9000000       2.71238e-17       2.71238e-17
 164.0000000       3.56704e-17       3.56704e-17
 164.1000000       4.45712e-17       4.45712e-17
 164.2000000       5.30248e-17       5.30248e-17
 164.3000000       6.02480e-17       6.02480e-17
 164.4000000       6.56839e-17       6.56839e-17
 164.5000000       6.91615e-17       6.91615e-17
 164.6000000       7.09362e-17       7.09362e-17
 164.7000000       7.15791e-17       7.15791e-17
 164.8000000       7.17439e-17       7.17439e-17
 164.9000000       7.18996e-17       7.18996e-17
 165.0000000       7.21350e-17       7.21350e-17
 165.1000000       7.21179e-17       7.21179e-17
 165.2000000       7.12255e-17       7.12255e-17
 165.3000000       6.87939e-17       6.87939e-17
 165.4000000       6.43828e-17       6.43828e-17
 165.5000000       5.79555e-17       5.79555e-17
 165.6000000       4.99106e-17       4.99106e-17
 165.7000000       4.09694e-17       4.09694e-17
 165.8000000       3.19766e-17       3.19766e-17
 165.9000000       2.36932e-17       2.36932e-17
 166.0000000       1.66492e-17       1.66492e-17
 166.1000000       1.10883e-17       1.10883e-17
 166.2000000       6.99630e-18       6.99630e-18
 166.3000000       4.18155e-18       4.18155e-18
 166.4000000       2.36816e-18       2.36816e-18
 166.5000000       1.27377e-18       1.27377e-18
 166.6000000       6.58321e-19       6.58321e-19
 166.7000000       3.44932e-19       3.44932e-19
 166.8000000       2.21419e-19       2.21419e-19
 166.9000000       2.32711e-19       2.32711e-19
 167.0000000       3.71605e-19       3.71605e-19
 167.1000000       6.71187e-19       6.71187e-19
 167.2000000       1.19811e-18       1.19811e-18
 167.3000000       2.04317e-18       2.04317e-18
 167.4000000       3.30481e-18       3.30481e-18
 167.5000000       5.06272e-18       5.06272e-18
 167.6000000       7.34332e-18       7.34332e-18
 167.7000000       1.00844e-17       1.00844e-17
 167.8000000       1.31115e-17       1.31115e-17
 167.9000000       1.61399e-17       1.61399e-17
 168.0000000       1.88104e-17       1.88104e-17
 168.1000000       2.07561e-17       2.07561e-17
 168.2000000       2.16843e-17       2.16843e-17
 168.3000000       2.14484e-17       2.14484e-17
 168.4000000       2.00861e-17       2.00861e-17
 168.5000000       1.78094e-17       1.78094e-17
 168.6000000       1.49503e-17       1.49503e-17
 168.7000000       1.18823e-17       1.18823e-17
 168.8000000       8.94120e-18       8.94120e-18
 168.9000000       6.36993e-18       6.36993e-18
 169.0000000       4.29649e-18       4.29649e-18
 169.1000000       2.74365e-18       2.74365e-18
 169.2000000       1.65874e-18       1.65874e-18
 169.3000000       9.49410e-19       9.49410e-19
 169.4000000       5.14463e-19       5.14463e-19
 169.5000000       2.63921e-19       2.63921e-19
 169.6000000       1.28176e-19       1.28176e-19
 169.7000000       6.58513e-20       6.58513e-20
 169.8000000       5.00000e-20       5.00000e-20
 169.9000000       5.00000e-20       5.00000e-20
 170.0000000       5.00000e-20       5.00000e-20
 170.1000000       5.00000e-20       5.00000e-20
 170.2000000       5.00000e-20       5.00000e-20
 170.3000000       5.00000e-20       5.00000e-20
 170.4000000       5.00000e-20       5.00000e-20
 170.5000000       5.00000e-20       5.00000e-20
 170.6000000       5.00000e-20       5.00000e-20
 170.7000000       5.00000e-20       5.00000e-20
 170.8000000       5.00000e-20       5.00000e-20
 170.9000000       5.00000e-20       5.00000e-20
 171.0000000       5.00000e-20       5.00000e-20
 171.1000000       5.00000e-20       5.00000e-20
 171.2000000       5.00000e-20       5.00000e-20
 171.3000000       5.00000e-20       5.00000e-20
 171.4000000       5.00000e-20       5.00000e-20
 171.5000000       5.00000e-20       5.00000e-20
 171.6000000       5.00000e-20       5.00000e-20
 171.7000000       5.00000e-20       5.00000e-20
 171.8000000       5.00000e-20       5.00000e-20
 171.9000000       5.00000e-20       5.00000e-20
 172.0000000       5.00000e-20       5.00000e-20
 172.1000000       5.00000e-20       5.00000e-20
 172.2000000       5.00000e-20       5.00000e-20
 172.3000000       5.00000e-20       5.00000e-20
 172.4000000       5.00000e-20       5.00000e-20
 172.5000000       5.00000e-20       5.00000e-20
 172.6000000       5.00000e-20       5.00000e-20
 172.7000000       5.00000e-20       5.00000e-20
 172.8000000       5.00000e-20       5.00000e-20
 172.9000000       5.00000e-20       5.00000e-20
 173.0000000       5.00000e-20       5.00000e-20
 173.1000000       5.00000e-20       5.00000e-20
 173.2000000       5.00000e-20       5.00000e-20
 173.3000000       5.00000e-20       5.00000e-20
 173.4000000       5.00000e-20       5.00000e-20
 173.5000000       5.00000e-20       5.00000e-20
 173.6000000       5.00000e-20       5.00000e-20
 173.7000000       5.00000e-20       5.00000e-20
 173.8000000       5.00000e-20       5.00000e-20
 173.9000000       5.00000e-20       5.00000e-20
 174.0000000       5.00000e-20       5.00000e-20
 174.1000000       5.00000e-20       5.00000e-20
 174.2000000       5.00000e-20       5.00000e-20
 174.3000000       5.00000e-20       5.00000e-20
 174.4000000       5.00000e-20       5.00000e-20
 174.5000000       5.00000e-20       5.00000e-20
 174.6000000       5.00000e-20       5.00000e-20
 174.7000000       5.00000e-20       5.00000e-20
 174.8000000       5.00000e-20       5.00000e-20
 174.9000000       5.00000e-20       5.00000e-20
 175.0000000       5.00000e-20       5.00000e-20
 175.1000000       5.00000e-20       5.00000e-20
 175.2000000       5.00000e-20       5.00000e-20
 175.3000000       5.00000e-20       5.00000e-20
 175.4000000       5.00000e-20       5.00000e-20
 175.5000000       5.00000e-20       5.00000e-20
 175.6000000       5.00000e-20       5.00000e-20
 175.7000000       5.00000e-20       5.00000e-20
 175.8000000       5.00000e-20       5.00000e-20
 175.9000000       5.00000e-20       5.00000e-20
 176.0000000       5.00000e-20       5.00000e-20
 176.1000000       5.00000e-20       5.00000e-20
 176.2000000       5.00000e-20       5.00000e-20
 176.3000000       5.00000e-20       5.00000e-20
 176.4000000       5.00000e-20       5.00000e-20
 176.5000000       5.00000e-20       5.00000e-20
 176.6000000       5.00000e-20       5.00000e-20
 176.7000000       5.00000e-20       5.00000e-20
 176.8000000       5.00000e-20       5.00000e-20
 176.9000000       5.00000e-20       5.00000e-20
 177.0000000       5.00000e-20       5.00000e-20
 177.1000000       5.00000e-20       5.00000e-20
 177.2000000       6.21057e-20       6.21057e-20
 177.3000000       1.15549e-19       1.15549e-19
 177.4000000       2.35329e-19       2.35329e-19
 177.5000000       4.53732e-19       4.53732e-19
 177.6000000       8.28215e-19       8.28215e-19
 177.7000000       1.43124e-18       1.43124e-18
 177.8000000       2.34158e-18       2.34158e-18
 177.9000000       3.62695e-18       3.62695e-18
 178.0000000       5.31876e-18       5.31876e-18
 178.1000000       7.38448e-18       7.38448e-18
 178.2000000       9.70674e-18       9.70674e-18
 178.3000000       1.20802e-17       1.20802e-17
 178.4000000       1.42338e-17       1.42338e-17
 178.5000000       1.58788e-17       1.58788e-17
 178.6000000       1.67713e-17       1.67713e-17
 178.7000000       1.67713e-17       1.67713e-17
 178.8000000       1.58788e-17       1.58788e-17
 178.9000000       1.42338e-17       1.42338e-17
 179.0000000       1.20802e-17       1.20802e-17
 179.1000000       9.70674e-18       9.70674e-18
 179.2000000       7.38448e-18       7.38448e-18
 179.3000000       5.31876e-18       5.31876e-18
 179.4000000       3.62695e-18       3.62695e-18
 179.5000000       2.34158e-18       2.34158e-18
 179.6000000       1.43124e-18       1.43124e-18
 179.7000000       8.28215e-19       8.28215e-19
 179.8000000       4.53732e-19       4.53732e-19
 179.9000000       2.35329e-19       2.35329e-19
 180.0000000       1.15549e-19       1.15549e-19
 180.1000000       6.21058e-20       6.21058e-20
 180.2000000       5.00000e-20       5.00000e-20
 180.3000000       5.00000e-20       5.00000e-20
 180.4000000       5.00000e-20       5.00000e-20
 180.5000000       5.00000e-20       5.00000e-20
 180.6000000       5.00000e-20       5.00000e-20
 180.7000000       5.00000e-20       5.00000e-20
 180.8000000       5.00000e-20       5.00000e-20
 180.9000000       5.00000e-20       5.00000e-20
 181.0000000       5.00000e-20       5.00000e-20
 181.1000000       5.00000e-20       5.00000e-20
 181.2000000       6.04171e-20       6.04171e-20
 181.3000000       1.08243e-19       1.08243e-19
 181.4000000       2.14494e-19       2.14494e-19
 181.5000000       4.02392e-19       4.02392e-19
 181.6000000       7.14672e-19       7.14672e-19
 181.7000000       1.20169e-18       1.20169e-18
 181.8000000       1.91298e-18       1.91298e-18
 181.9000000       2.88313e-18       2.88313e-18
 182.0000000       4.11398e-18       4.11398e-18
 182.1000000       5.55785e-18       5.55785e-18
 182.2000000       7.10893e-18       7.10893e-18
 182.3000000       8.60916e-18       8.60916e-18
 182.4000000       9.87154e-18       9.87154e-18
 182.5000000       1.07174e-17       1.07174e-17
 182.6000000       1.10176e-17       1.10176e-17
 182.7000000       1.07252e-17       1.07252e-17
 182.8000000       9.88738e-18       9.88738e-18
 182.9000000       8.63328e-18       8.63328e-18
 183.0000000       7.14132e-18       7.14132e-18
 183.1000000       5.59797e-18       5.59797e-18
 183.2000000       4.16056e-18       4.16056e-18
 183.3000000       2.93412e-18       2.93412e-18
 183.4000000       1.96572e-18       1.96572e-18
 183.5000000       1.25332e-18       1.25332e-18
 183.6000000       7.62507e-19       7.62507e-19
 183.7000000       4.44347e-19       4.44347e-19
 183.8000000       2.49332e-19       2.49332e-19
 183.9000000       1.35630e-19       1.35630e-19
 184.0000000       7.22619e-20       7.22619e-20
 184.1000000       5.00000e-20       5.00000e-20
 184.2000000       5.00000e-20       5.00000e-20
 184.3000000       5.00000e-20       5.00000e-20
 184.4000000       5.00000e-20       5.00000e-20
 184.5000000       5.00000e-20       5.00000e-20
 184.6000000       5.00000e-20       5.00000e-20
 184.7000000       5.00000e-20       5.00000e-20
 184.8000000       5.00000e-20       5.00000e-20
 184.9000000       5.00000e-20       5.00000e-20
 185.0000000       5.00000e-20       5.00000e-20
 185.1000000       5.00000e-20       5.00000e-20
 185.2000000       5.00000e-20       5.00000e-20
 185.3000000       5.00000e-20       5.00000e-20
 185.4000000       5.00000e-20       5.00000e-20
 185.5000000       5.00000e-20       5.00000e-20
 185.6000000       5.00000e-20       5.00000e-20
 185.7000000       5.00000e-20       5.00000e-20
 185.8000000       5.00000e-20       5.00000e-20
 185.9000000       5.00000e-20       5.00000e-20
 186.0000000       5.00000e-20       5.00000e-20
 186.1000000       5.00000e-20       5.00000e-20
 186.2000000       5.00000e-20       5.00000e-20
 186.3000000       5.00000e-20       5.00000e-20
 186.4000000       5.00000e-20       5.00000e-20
 186.5000000       5.00000e-20       5.00000e-20
 186.6000000       5.00000e-20       5.00000e-20
 186.7000000       5.00000e-20       5.00000e-20
 186.8000000       5.00000e-20       5.00000e-20
 186.9000000       5.00000e-20       5.00000e-20
 187.0000000       5.00000e-20       5.00000e-20
 187.1000000       5.00000e-20       5.00000e-20
 187.2000000       5.00000e-20       5.00000e-20
 187.3000000       5.00000e-20       5.00000e-20
 187.4000000       5.00000e-20       5.00000e-20
 187.5000000       5.00000e-20       5.00000e-20
 187.6000000       5.00000e-20       5.00000e-20
 187.7000000       5.00000e-20       5.00000e-20
 187.8000000       5.00000e-20       5.00000e-20
 187.9000000       5.00000e-20       5.00000e-20
 188.0000000       5.00000e-20       5.00000e-20
 188.1000000       5.00000e-20       5.00000e-20
 188.2000000       5.00000e-20       5.00000e-20
 188.3000000       5.00000e-20       5.00000e-20
 188.4000000       5.00000e-20       5.00000e-20
 188.5000000       5.00000e-20       5.00000e-20
 188.6000000       5.00000e-20       5.00000e-20
 188.7000000       5.00000e-20       5.00000e-20
 188.8000000       5.00000e-20       5.00000e-20
 188.9000000       5.00000e-20       5.00000e-20
 189.0000000       5.00000e-20       5.00000e-20
 189.1000000       5.00000e-20       5.00000e-20
 189.2000000       5.00000e-20       5.00000e-20
 189.3000000       5.00000e-20       5.00000e-20
 189.4000000       5.00000e-20       5.00000e-20
 189.5000000       5.00000e-20       5.00000e-20
 189.6000000       5.00000e-20       5.00000e-20
 189.7000000       5.00000e-20       5.00000e-20
 189.8000000       5.00000e-20       5.00000e-20
 189.9000000       5.00000e-20       5.00000e-20
 190.0000000       5.00000e-20       5.00000e-20
 190.1000000       5.00000e-20       5.00000e-20
 190.2000000       5.00000e-20       5.00000e-20
 190.3000000       5.00000e-20       5.00000e-20
 190.4000000       5.00000e-20       5.00000e-20
 190.5000000       5.00000e-20       5.00000e-20
 190.6000000       5.00000e-20       5.00000e-20
 190.7000000       5.00000e-20       5.00000e-20
 190.8000000       5.00000e-20       5.00000e-20
 190.9000000       5.00000e-20       5.00000e-20
 191.0000000       5.00000e-20       5.00000e-20
 191.1000000       5.00000e-20       5.00000e-20
 191.2000000       5.00000e-20       5.00000e-20
 191.3000000       5.00000e-20       5.00000e-20
 191.4000000       5.00000e-20       5.00000e-20
 191.5000000       5.00000e-20       5.00000e-20
 191.6000000       5.00000e-20       5.00000e-20
 191.7000000       5.00000e-20       5.00000e-20
 191.8000000       5.00000e-20       5.00000e-20
 191.9000000       5.00000e-20       5.00000e-20
 192.0000000       5.00000e-20       5.00000e-20
 192.1000000       5.00000e-20       5.00000e-20
 192.2000000       5.00000e-20       5.00000e-20
 192.3000000       5.00000e-20       5.00000e-20
 192.4000000       5.00000e-20       5.00000e-20
 192.5000000       5.00000e-20       5.00000e-20
 192.6000000       5.00000e-20       5.00000e-20
 192.7000000       5.00000e-20       5.00000e-20
 192.8000000       5.00000e-20       5.00000e-20
 192.9000000       5.00000e-20       5.00000e-20
 193.0000000       5.00000e-20       5.00000e-20
 193.1000000       5.00000e-20       5.00000e-20
 193.2000000       5.00000e-20       5.00000e-20
 193.3000000       5.00000e-20       5.00000e-20
 193.4000000       5.00000e-20       5.00000e-20
 193.5000000       5.00000e-20       5.00000e-20
 193.6000000       5.00000e-20       5.00000e-20
 193.7000000       5.00000e-20       5.00000e-20
 193.8000000       5.00000e-20       5.00000e-20
 193.9000000       5.00000e-20       5.00000e-20
 194.0000000       5.00000e-20       5.00000e-20
 194.1000000       5.00000e-20       5.00000e-20
 194.2000000       5.00000e-20       5.00000e-20
 194.3000000       5.00000e-20       5.00000e-20
 194.4000000       5.00000e-20       5.00000e-20
 194.5000000       5.00000e-20       5.00000e-20
 194.6000000       5.00000e-20       5.00000e-20
 194.7000000       5.00000e-20       5.00000e-20
 194.8000000       5.00000e-20       5.00000e-20
 194.9000000       5.00000e-20       5.00000e-20
 195.0000000       5.00000e-20       5.00000e-20
 195.1000000       5.00000e-20       5.00000e-20
 195.2000000       5.00000e-20       5.00000e-20
 195.3000000       5.00000e-20       5.00000e-20
 195.4000000       5.00000e-20       5.00000e-20
 195.5000000       5.00000e-20       5.00000e-20
 195.6000000       5.00000e-20       5.00000e-20
 195.7000000       5.00000e-20       5.00000e-20
 195.8000000       5.00000e-20       5.00000e-20
 195.9000000       5.00000e-20       5.00000e-20
 196.0000000       5.00000e-20       5.00000e-20
 196.1000000       5.00000e-20       5.00000e-20
 196.2000000       5.00000e-20       5.00000e-20
 196.3000000       5.00000e-20       5.00000e-20
 196.4000000       5.00000e-20       5.00000e-20
 196.5000000       5.00000e-20       5.00000e-20
 196.6000000       5.00000e-20       5.00000e-20
 196.7000000       5.00000e-20       5.00000e-20
 196.8000000       5.00000e-20       5.00000e-20
 196.9000000       5.00000e-20       5.00000e-20
 197.0000000       5.00000e-20       5.00000e-20
 197.1000000       5.00000e-20       5.00000e-20
 197.2000000       5.00000e-20       5.00000e-20
 197.3000000       5.00000e-20       5.00000e-20
 197.4000000       5.00000e-20       5.00000e-20
 197.5000000       5.00000e-20       5.00000e-20
 197.6000000       5.00000e-20       5.00000e-20
 197.7000000       5.00000e-20       5.00000e-20
 197.8000000       5.00000e-20       5.00000e-20
 197.9000000       5.00000e-20       5.00000e-20
 198.0000000       5.00000e-20       5.00000e-20
 198.1000000       5.00000e-20       5.00000e-20
 198.2000000       5.00000e-20       5.00000e-20
 198.3000000       5.00000e-20       5.00000e-20
 198.4000000       5.00000e-20       5.00000e-20
 198.5000000       5.00000e-20       5.00000e-20
 198.6000000       5.00000e-20       5.00000e-20
 198.7000000       5.00000e-20       5.00000e-20
 198.8000000       5.00000e-20       5.00000e-20
 198.9000000       5.00000e-20       5.00000e-20
 199.0000000       5.00000e-20       5.00000e-20
 199.1000000       5.00000e-20       5.00000e-20
 199.2000000       5.00000e-20       5.00000e-20
 199.3000000       5.00000e-20       5.00000e-20
 199.4000000       5.00000e-20       5.00000e-20
 199.5000000       5.00000e-20       5.00000e-20
 199.6000000       5.00000e-20       5.00000e-20
 199.7000000       5.00000e-20       5.00000e-20
 199.8000000       5.00000e-20       5.00000e-20
 199.9000000       5.00000e-20       5.00000e-20
 200.0000000       5.00000e-20       5.00000e-20
 200.1000000       5.00000e-20       5.00000e-20
 200.2000000       5.00000e-20       5.00000e-20
 200.3000000       5.00000e-20       5.00000e-20
 200.4000000       5.00000e-20       5.00000e-20
 200.5000000       5.00000e-20       5.00000e-20
 200.6000000       5.00000e-20       5.00000e-20
 200.7000000       5.00000e-20       5.00000e-20
 200.8000000       5.00000e-20       5.00000e-20
 200.9000000       5.00000e-20       5.00000e-20
 201.0000000       5.00000e-20       5.00000e-20
 201.1000000       5.00000e-20       5.00000e-20
 201.2000000       5.00000e-20       5.00000e-20
 201.3000000       5.00000e-20       5.00000e-20
 201.4000000       5.00000e-20       5.00000e-20
 201.5000000       5.00000e-20       5.00000e-20
 201.6000000       5.00000e-20       5.00000e-20
 201.7000000       5.00000e-20       5.00000e-20
 201.8000000       5.00000e-20       5.00000e-20
 201.9000000       5.00000e-20       5.00000e-20
 202.0000000       5.00000e-20       5.00000e-20
 202.1000000       5.00000e-20       5.00000e-20
 202.2000000       5.00000e-20       5.00000e-20
 202.3000000       5.00000e-20       5.00000e-20
 202.4000000       5.00000e-20       5.00000e-20
 202.5000000       5.00000e-20       5.00000e-20
 202.6000000       5.00000e-20       5.00000e-20
 202.7000000       5.00000e-20       5.00000e-20
 202.8000000       5.00000e-20       5.00000e-20
 202.9000000       5.00000e-20       5.00000e-20
 203.0000000       5.00000e-20       5.00000e-20
 203.1000000       5.00000e-20       5.00000e-20
 203.2000000       5.00000e-20       5.00000e-20
 203.3000000       5.00000e-20       5.00000e-20
 203.4000000       5.00000e-20       5.00000e-20
 203.5000000       5.00000e-20       5.00000e-20
 203.6000000       5.00000e-20       5.00000e-20
 203.7000000       5.00000e-20       5.00000e-20
 203.8000000       5.00000e-20       5.00000e-20
 203.9000000       5.00000e-20       5.00000e-20
 204.0000000       5.00000e-20       5.00000e-20
 204.1000000       5.00000e-20       5.00000e-20
 204.2000000       5.00000e-20       5.00000e-20
 204.3000000       5.00000e-20       5.00000e-20
 204.4000000       5.00000e-20       5.00000e-20
 204.5000000       5.00000e-20       5.00000e-20
 204.6000000       5.00000e-20       5.00000e-20
 204.7000000       5.00000e-20       5.00000e-20
 204.8000000       5.00000e-20       5.00000e-20
 204.9000000       5.00000e-20       5.00000e-20
 205.0000000       5.00000e-20       5.00000e-20
 205.1000000       5.00000e-20       5.00000e-20
 205.2000000       5.00000e-20       5.00000e-20
 205.3000000       5.00000e-20       5.00000e-20
 205.4000000       5.00000e-20       5.00000e-20
 205.5000000       5.00000e-20       5.00000e-20
 205.6000000       5.00000e-20       5.00000e-20
 205.7000000       5.00000e-20       5.00000e-20
 205.8000000       5.00000e-20       5.00000e-20
 205.9000000       5.00000e-20       5.00000e-20
 206.0000000       5.00000e-20       5.00000e-20
 206.1000000       5.00000e-20       5.00000e-20
 206.2000000       5.00000e-20       5.00000e-20
 206.3000000       5.00000e-20       5.00000e-20
 206.4000000       5.00000e-20       5.00000e-20
 206.5000000       5.00000e-20       5.00000e-20
 206.6000000       5.00000e-20       5.00000e-20
 206.7000000       5.00000e-20       5.00000e-20
 206.8000000       5.00000e-20       5.00000e-20
 206.9000000       5.00000e-20       5.00000e-20
 207.0000000       5.00000e-20       5.00000e-20
 207.1000000       5.00000e-20       5.00000e-20
 207.2000000       5.00000e-20       5.00000e-20
 207.3000000       5.00000e-20       5.00000e-20
 207.4000000       5.00000e-20       5.00000e-20
 207.5000000       5.00000e-20       5.00000e-20
 207.6000000       5.00000e-20       5.00000e-20
 207.7000000       5.00000e-20       5.00000e-20
 207.8000000       5.00000e-20       5.00000e-20
 207.9000000       5.00000e-20       5.00000e-20
 208.0000000       5.00000e-20       5.00000e-20
 208.1000000       5.00000e-20       5.00000e-20
 208.2000000       5.00000e-20       5.00000e-20
 208.3000000       5.00000e-20       5.00000e-20
 208.4000000       5.00000e-20       5.00000e-20
 208.5000000       5.00000e-20       5.00000e-20
 208.6000000       5.00000e-20       5.00000e-20
 208.7000000       5.00000e-20       5.00000e-20
 208.8000000       5.00000e-20       5.00000e-20
 208.9000000       5.00000e-20       5.00000e-20
 209.0000000       5.00000e-20       5.00000e-20
 209.1000000       5.00000e-20       5.00000e-20
 209.2000000       5.00000e-20       5.00000e-20
 209.3000000       5.00000e-20       5.00000e-20
 209.4000000       5.00000e-20       5.00000e-20
 209.5000000       5.00000e-20       5.00000e-20
 209.6000000       5.00000e-20       5.00000e-20
 209.7000000       5.00000e-20       5.00000e-20
 209.8000000       5.00000e-20       5.00000e-20
 209.9000000       5.00000e-20       5.00000e-20
 210.0000000       5.00000e-20       5.00000e-20
 210.1000000       5.00000e-20       5.00000e-20
 210.2000000       5.00000e-20       5.00000e-20
 210.3000000       5.00000e-20       5.00000e-20
 210.4000000       5.00000e-20       5.00000e-20
 210.5000000       5.00000e-20       5.00000e-20
 210.6000000       5.00000e-20       5.00000e-20
 210.7000000       5.00000e-20       5.00000e-20
 210.8000000       5.00000e-20       5.00000e-20
 210.9000000       5.00000e-20       5.00000e-20
 211.0000000       5.00000e-20       5.00000e-20
 211.1000000       5.00000e-20       5.00000e-20
 211.2000000       5.00000e-20       5.00000e-20
 211.3000000       5.00000e-20       5.00000e-20
 211.4000000       5.00000e-20       5.00000e-20
 211.5000000       5.00000e-20       5.00000e-20
 211.6000000       5.00000e-20       5.00000e-20
 211.7000000       5.00000e-20       5.00000e-20
 211.8000000       5.00000e-20       5.00000e-20
 211.9000000       5.00000e-20       5.00000e-20
 212.0000000       5.00000e-20       5.00000e-20
 212.1000000       5.00000e-20       5.00000e-20
 212.2000000       5.00000e-20       5.00000e-20
 212.3000000       5.00000e-20       5.00000e-20
 212.4000000       5.00000e-20       5.00000e-20
 212.5000000       5.00000e-20       5.00000e-20
 212.6000000       5.00000e-20       5.00000e-20
 212.7000000       5.00000e-20       5.00000e-20
 212.8000000       5.00000e-20       5.00000e-20
 212.9000000       5.00000e-20       5.00000e-20
 213.0000000       5.00000e-20       5.00000e-20
 213.1000000       5.00000e-20       5.00000e-20
 213.2000000       5.00000e-20       5.00000e-20
 213.3000000       5.00000e-20       5.00000e-20
 213.4000000       5.00000e-20       5.00000e-20
 213.5000000       5.00000e-20       5.00000e-20
 213.6000000       5.00000e-20       5.00000e-20
 213.7000000       5.00000e-20       5.00000e-20
 213.8000000       5.00000e-20       5.00000e-20
 213.9000000       5.00000e-20       5.00000e-20
 214.0000000       5.00000e-20       5.00000e-20
 214.1000000       5.00000e-20       5.00000e-20
 214.2000000       5.00000e-20       5.00000e-20
 214.3000000       5.00000e-20       5.00000e-20
 214.4000000       5.00000e-20       5.00000e-20
 214.5000000       5.00000e-20       5.00000e-20
 214.6000000       5.00000e-20       5.00000e-20
 214.7000000       5.00000e-20       5.00000e-20
 214.8000000       5.00000e-20       5.00000e-20
 214.9000000       5.00000e-20       5.00000e-20
 215.0000000       5.00000e-20       5.00000e-20
 215.1000000       5.00000e-20       5.00000e-20
 215.2000000       5.00000e-20       5.00000e-20
 215.3000000       5.00000e-20       5.00000e-20
 215.4000000       5.00000e-20       5.00000e-20
 215.5000000       5.00000e-20       5.00000e-20
 215.6000000       5.00000e-20       5.00000e-20
 215.7000000       5.00000e-20       5.00000e-20
 215.8000000       5.00000e-20       5.00000e-20
 215.9000000       5.00000e-20       5.00000e-20
 216.0000000       5.00000e-20       5.00000e-20
 216.1000000       5.00000e-20       5.00000e-20
 216.2000000       5.00000e-20       5.00000e-20
 216.3000000       5.00000e-20       5.00000e-20
 216.4000000       5.00000e-20       5.00000e-20
 216.5000000       5.00000e-20       5.00000e-20
 216.6000000       5.00000e-20       5.00000e-20
 216.7000000       5.00000e-20       5.00000e-20
 216.8000000       5.00000e-20       5.00000e-20
 216.9000000       5.00000e-20       5.00000e-20
 217.0000000       5.00000e-20       5.00000e-20
 217.1000000       5.00000e-20       5.00000e-20
 217.2000000       5.00000e-20       5.00000e-20
 217.3000000       5.00000e-20       5.00000e-20
 217.4000000       5.00000e-20       5.00000e-20
 217.5000000       5.00000e-20       5.00000e-20
 217.6000000       5.00000e-20       5.00000e-20
 217.7000000       5.00000e-20       5.00000e-20
 217.8000000       5.00000e-20       5.00000e-20
 217.9000000       5.00000e-20       5.00000e-20
 218.0000000       5.00000e-20       5.00000e-20
 218.1000000       5.00000e-20       5.00000e-20
 218.2000000       5.00000e-20       5.00000e-20
 218.3000000       5.00000e-20       5.00000e-20
 218.4000000       5.00000e-20       5.00000e-20
 218.5000000       5.00000e-20       5.00000e-20
 218.6000000       5.00000e-20       5.00000e-20
 218.7000000       5.00000e-20       5.00000e-20
 218.8000000       5.00000e-20       5.00000e-20
 218.9000000       5.00000e-20       5.00000e-20
 219.0000000       5.00000e-20       5.00000e-20
 219.1000000       5.00000e-20       5.00000e-20
 219.2000000       5.00000e-20       5.00000e-20
 219.3000000       5.00000e-20       5.00000e-20
 219.4000000       5.00000e-20       5.00000e-20
 219.5000000       5.00000e-20       5.00000e-20
 219.6000000       5.00000e-20       5.00000e-20
 219.7000000       5.00000e-20       5.00000e-20
 219.8000000       5.00000e-20       5.00000e-20
 219.9000000       5.00000e-20       5.00000e-20
 220.0000000       5.00000e-20       5.00000e-20
 220.1000000       5.00000e-20       5.00000e-20
 220.2000000       5.00000e-20       5.00000e-20
 220.3000000       5.00000e-20       5.00000e-20
 220.4000000       5.00000e-20       5.00000e-20
 220.5000000       5.00000e-20       5.00000e-20
 220.6000000       5.00000e-20       5.00000e-20
 220.7000000       5.00000e-20       5.00000e-20
 220.8000000       5.00000e-20       5.00000e-20
 220.9000000       5.00000e-20       5.00000e-20
 221.0000000       5.00000e-20       5.00000e-20
 221.1000000       5.00000e-20       5.00000e-20
 221.2000000       5.00000e-20       5.00000e-20
 221.3000000       5.00000e-20       5.00000e-20
 221.4000000       5.00000e-20       5.00000e-20
 221.5000000       5.00000e-20       5.00000e-20
 221.6000000       5.00000e-20       5.00000e-20
 221.7000000       5.00000e-20       5.00000e-20
 221.8000000       5.00000e-20       5.00000e-20
 221.9000000       5.00000e-20       5.00000e-20
 222.0000000       5.00000e-20       5.00000e-20
 222.1000000       5.00000e-20       5.00000e-20
 222.2000000       5.00000e-20       5.00000e-20
 222.3000000       5.00000e-20       5.00000e-20
 222.4000000       5.00000e-20       5.00000e-20
 222.5000000       5.00000e-20       5.00000e-20
 222.6000000       5.00000e-20       5.00000e-20
 222.7000000       5.00000e-20       5.00000e-20
 222.8000000       5.00000e-20       5.00000e-20
 222.9000000       5.00000e-20       5.00000e-20
 223.0000000       5.14172e-20       5.14172e-20
 223.1000000       6.59775e-20       6.59775e-20
 223.2000000       1.13257e-19       1.13257e-19
 223.3000000       1.90417e-19       1.90417e-19
 223.4000000       3.03110e-19       3.03110e-19
 223.5000000       4.56823e-19       4.56823e-19
 223.6000000       6.51848e-19       6.51848e-19
 223.7000000       8.80631e-19       8.80631e-19
 223.8000000       1.12639e-18       1.12639e-18
 223.9000000       1.36405e-18       1.36405e-18
 224.0000000       1.56394e-18       1.56394e-18
 224.1000000       1.69767e-18       1.69767e-18
 224.2000000       1.74474e-18       1.74474e-18
 224.3000000       1.69767e-18       1.69767e-18
 224.4000000       1.56394e-18       1.56394e-18
 224.5000000       1.36405e-18       1.36405e-18
 224.6000000       1.12639e-18       1.12639e-18
 224.7000000       8.80631e-19       8.80631e-19
 224.8000000       6.51848e-19       6.51848e-19
 224.9000000       4.56823e-19       4.56823e-19
 225.0000000       3.03110e-19       3.03110e-19
 225.1000000       1.90417e-19       1.90417e-19
 225.2000000       1.13257e-19       1.13257e-19
 225.3000000       6.59775e-20       6.59775e-20
 225.4000000       5.14172e-20       5.14172e-20
 225.5000000       5.00000e-20       5.00000e-20
 225.6000000       5.00000e-20       5.00000e-20
 225.7000000       5.00000e-20       5.00000e-20
 225.8000000       5.00000e-20       5.00000e-20
 225.9000000       5.00000e-20       5.00000e-20
 226.0000000       5.00000e-20       5.00000e-20
 226.1000000       5.00000e-20       5.00000e-20
 226.2000000       5.00000e-20       5.00000e-20
 226.3000000       5.00000e-20       5.00000e-20
 226.4000000       5.00000e-20       5.00000e-20
 226.5000000       5.00000e-20       5.00000e-20
 226.6000000       5.00000e-20       5.00000e-20
 226.7000000       5.00000e-20       5.00000e-20
 226.8000000       5.00000e-20       5.00000e-20
 226.9000000       5.00000e-20       5.00000e-20
 227.0000000       5.00000e-20       5.00000e-20
 227.1000000       5.00000e-20       5.00000e-20
 227.2000000       5.00000e-20       5.00000e-20
 227.3000000       5.00000e-20       5.00000e-20
 227.4000000       5.00000e-20       5.00000e-20
 227.5000000       5.00000e-20       5.00000e-20
 227.6000000       5.00000e-20       5.00000e-20
 227.7000000       5.00000e-20       5.00000e-20
 227.8000000       5.00000e-20       5.00000e-20
 227.9000000       5.00000e-20       5.00000e-20
 228.0000000       5.00000e-20       5.00000e-20
 228.1000000       5.00000e-20       5.00000e-20
 228.2000000       5.00000e-20       5.00000e-20
 228.3000000       5.00000e-20       5.00000e-20
 228.4000000       5.00000e-20       5.00000e-20
 228.5000000       5.00000e-20       5.00000e-20
 228.6000000       5.00000e-20       5.00000e-20
 228.7000000       5.00000e-20       5.00000e-20
 228.8000000       5.00000e-20       5.00000e-20
 228.9000000       5.00000e-20       5.00000e-20
 229.0000000       5.00000e-20       5.00000e-20
 229.1000000       5.00000e-20       5.00000e-20
 229.2000000       5.00000e-20       5.00000e-20
 229.3000000       5.00000e-20       5.00000e-20
 229.4000000       5.00000e-20       5.00000e-20
 229.5000000       5.00000e-20       5.00000e-20
 229.6000000       5.00000e-20       5.00000e-20
 229.7000000       5.00000e-20       5.00000e-20
 229.8000000       5.00000e-20       5.00000e-20
 229.9000000       5.00000e-20       5.00000e-20
 230.0000000       5.00000e-20       5.00000e-20
 230.1000000       5.00000e-20       5.00000e-20
 230.2000000       5.00000e-20       5.00000e-20
 230.3000000       5.00000e-20       5.00000e-20
 230.4000000       5.00000e-20       5.00000e-20
 230.5000000       5.00000e-20       5.00000e-20
 230.6000000       5.00000e-20       5.00000e-20
 230.7000000       5.00000e-20       5.00000e-20
 230.8000000       5.00000e-20       5.00000e-20
 230.9000000       5.00000e-20       5.00000e-20
 231.0000000       5.00000e-20       5.00000e-20
 231.1000000       5.00000e-20       5.00000e-20
 231.2000000       5.00000e-20       5.00000e-20
 231.3000000       5.00000e-20       5.00000e-20
 231.4000000       5.00000e-20       5.00000e-20
 231.5000000       5.00000e-20       5.00000e-20
 231.6000000       5.00000e-20       5.00000e-20
 231.7000000       5.00000e-20       5.00000e-20
 231.8000000       5.00000e-20       5.00000e-20
 231.9000000       5.00000e-20       5.00000e-20
 232.0000000       5.00000e-20       5.00000e-20
 232.1000000       5.00000e-20       5.00000e-20
 232.2000000       5.00000e-20       5.00000e-20
 232.3000000       5.00000e-20       5.00000e-20
 232.4000000       5.00000e-20       5.00000e-20
 232.5000000       5.00000e-20       5.00000e-20
 232.6000000       5.00000e-20       5.00000e-20
 232.7000000       5.00000e-20       5.00000e-20
 232.8000000       5.00000e-20       5.00000e-20
 232.9000000       5.00000e-20       5.00000e-20
 233.0000000       5.00000e-20       5.00000e-20
 233.1000000       5.00000e-20       5.00000e-20
 233.2000000       5.00000e-20       5.00000e-20
 233.3000000       5.00000e-20       5.00000e-20
 233.4000000       5.00000e-20       5.00000e-20
 233.5000000       5.00000e-20       5.00000e-20
 233.6000000       5.00000e-20       5.00000e-20
 233.7000000       5.00000e-20       5.00000e-20
 233.8000000       5.00000e-20       5.00000e-20
 233.9000000       5.00000e-20       5.00000e-20
 234.0000000       5.00000e-20       5.00000e-20
 234.1000000       5.00000e-20       5.00000e-20
 234.2000000       5.00000e-20       5.00000e-20
 234.3000000       5.00000e-20       5.00000e-20
 234.4000000       5.00000e-20       5.00000e-20
 234.5000000       5.00000e-20       5.00000e-20
 234.6000000       5.00000e-20       5.00000e-20
 234.7000000       5.00000e-20       5.00000e-20
 234.8000000       5.00000e-20       5.00000e-20
 234.9000000       5.00000e-20       5.00000e-20
 235.0000000       5.00000e-20       5.00000e-20
 235.1000000       5.00000e-20       5.00000e-20
 235.2000000       5.00000e-20       5.00000e-20
 235.3000000       5.00000e-20       5.00000e-20
 235.4000000       5.00000e-20       5.00000e-20
 235.5000000       5.00000e-20       5.00000e-20
 235.6000000       5.00000e-20       5.00000e-20
 235.7000000       5.00000e-20       5.00000e-20
 235.8000000       5.00000e-20       5.00000e-20
 235.9000000       5.00000e-20       5.00000e-20
 236.0000000       5.00000e-20       5.00000e-20
 236.1000000       5.00000e-20       5.00000e-20
 236.2000000       5.00000e-20       5.00000e-20
 236.3000000       5.00000e-20       5.00000e-20
 236.4000000       5.00000e-20       5.00000e-20
 236.5000000       5.00000e-20       5.00000e-20
 236.6000000       5.00000e-20       5.00000e-20
 236.7000000       5.00000e-20       5.00000e-20
 236.8000000       5.00000e-20       5.00000e-20
 236.9000000       5.00000e-20       5.00000e-20
 237.0000000       5.00000e-20       5.00000e-20
 237.1000000       5.00000e-20       5.00000e-20
 237.2000000       5.00000e-20       5.00000e-20
 237.3000000       5.00000e-20       5.00000e-20
 237.4000000       5.00000e-20       5.00000e-20
 237.5000000       5.00000e-20       5.00000e-20
 237.6000000       5.00000e-20       5.00000e-20
 237.7000000       5.00000e-20       5.00000e-20
 237.8000000       5.00000e-20       5.00000e-20
 237.9000000       5.00000e-20       5.00000e-20
 238.0000000       5.00000e-20       5.00000e-20
 238.1000000       5.00000e-20       5.00000e-20
 238.2000000       5.00000e-20       5.00000e-20
 238.3000000       5.00000e-20       5.00000e-20
 238.4000000       5.00000e-20       5.00000e-20
 238.5000000       5.00000e-20       5.00000e-20
 238.6000000       5.00000e-20       5.00000e-20
 238.7000000       5.00000e-20       5.00000e-20
 238.8000000       5.00000e-20       5.00000e-20
 238.9000000       5.00000e-20       5.00000e-20
 239.0000000       5.00000e-20       5.00000e-20
 239.1000000       5.00000e-20       5.00000e-20
 239.2000000       5.00000e-20       5.00000e-20
 239.3000000       5.00000e-20       5.00000e-20
 239.4000000       5.00000e-20       5.00000e-20
 239.5000000       5.00000e-20       5.00000e-20
 239.6000000       5.00000e-20       5.00000e-20
 239.7000000       5.00000e-20       5.00000e-20
 239.8000000       5.00000e-20       5.00000e-20
 239.9000000       5.00000e-20       5.00000e-20
 240.0000000       5.00000e-20       5.00000e-20
 240.1000000       5.00000e-20       5.00000e-20
 240.2000000       5.00000e-20       5.00000e-20
 240.3000000       5.00000e-20       5.00000e-20
 240.4000000       5.00000e-20       5.00000e-20
 240.5000000       5.00000e-20       5.00000e-20
 240.6000000       5.00000e-20       5.00000e-20
 240.7000000       5.00000e-20       5.00000e-20
 240.8000000       5.00000e-20       5.00000e-20
 240.9000000       5.00000e-20       5.00000e-20
 241.0000000       5.00000e-20       5.00000e-20
 241.1000000       5.00000e-20       5.00000e-20
 241.2000000       5.00000e-20       5.00000e-20
 241.3000000       5.00000e-20       5.00000e-20
 241.4000000       5.00000e-20       5.00000e-20
 241.5000000       5.00000e-20       5.00000e-20
 241.6000000       5.00000e-20       5.00000e-20
 241.7000000       5.00000e-20       5.00000e-20
 241.8000000       5.00000e-20       5.00000e-20
 241.9000000       5.00000e-20       5.00000e-20
 242.0000000       5.00000e-20       5.00000e-20
 242.1000000       5.00000e-20       5.00000e-20
 242.2000000       5.00000e-20       5.00000e-20
 242.3000000       5.00000e-20       5.00000e-20
 242.4000000       5.00000e-20       5.00000e-20
 242.5000000       5.00000e-20       5.00000e-20
 242.6000000       5.00000e-20       5.00000e-20
 242.7000000       5.00000e-20       5.00000e-20
 242.8000000       5.00000e-20       5.00000e-20
 242.9000000       5.00000e-20       5.00000e-20
 243.0000000       5.00000e-20       5.00000e-20
 243.1000000       5.00000e-20       5.00000e-20
 243.2000000       5.00268e-20       5.00268e-20
 243.3000000       5.24471e-20       5.24471e-20
 243.4000000       1.07079e-19       1.07079e-19
 243.5000000       2.54360e-19       2.54360e-19
 243.6000000       5.71982e-19       5.71982e-19
 243.7000000       1.21761e-18       1.21761e-18
 243.8000000       2.45373e-18       2.45373e-18
 243.9000000       4.68106e-18       4.68106e-18
 244.0000000       8.45405e-18       8.45405e-18
 244.1000000       1.44541e-17       1.44541e-17
 244.2000000       2.33953e-17       2.33953e-17
 244.3000000       3.58492e-17       3.58492e-17
 244.4000000       5.20054e-17       5.20054e-17
 244.5000000       7.14235e-17       7.14235e-17
 244.6000000       9.28669e-17       9.28669e-17
 244.7000000       1.14317e-16       1.14317e-16
 244.8000000       1.33229e-16       1.33229e-16
 244.9000000       1.47003e-16       1.47003e-16
 245.0000000       1.53566e-16       1.53566e-16
 245.1000000       1.51884e-16       1.51884e-16
 245.2000000       1.42227e-16       1.42227e-16
 245.3000000       1.26097e-16       1.26097e-16
 245.4000000       1.05849e-16       1.05849e-16
 245.5000000       8.41254e-17       8.41254e-17
 245.6000000       6.33041e-17       6.33041e-17
 245.7000000       4.51027e-17       4.51027e-17
 245.8000000       3.04257e-17       3.04257e-17
 245.9000000       1.94333e-17       1.94333e-17
 246.0000000       1.17524e-17       1.17524e-17
 246.1000000       6.72934e-18       6.72934e-18
 246.2000000       3.64831e-18       3.64831e-18
 246.3000000       1.87276e-18       1.87276e-18
 246.4000000       9.10210e-19       9.10210e-19
 246.5000000       4.18862e-19       4.18862e-19
 246.6000000       1.82502e-19       1.82502e-19
 246.7000000       7.58997e-20       7.58997e-20
 246.8000000       5.04284e-20       5.04284e-20
 246.9000000       5.00000e-20       5.00000e-20
 247.0000000       5.00000e-20       5.00000e-20
 247.1000000       5.00000e-20       5.00000e-20
 247.2000000       5.00000e-20       5.00000e-20
 247.3000000       5.00000e-20       5.00000e-20
 247.4000000       5.00000e-20       5.00000e-20
 247.5000000       5.00000e-20       5.00000e-20
 247.6000000       5.00000e-20       5.00000e-20
 247.7000000       5.00000e-20       5.00000e-20
 247.8000000       5.00000e-20       5.00000e-20
 247.9000000       5.00000e-20       5.00000e-20
 248.0000000       5.00000e-20       5.00000e-20
 248.1000000       5.00000e-20       5.00000e-20
 248.2000000       5.00000e-20       5.00000e-20
 248.3000000       5.00000e-20       5.00000e-20
 248.4000000       5.00000e-20       5.00000e-20
 248.5000000       5.00000e-20       5.00000e-20
 248.6000000       5.00000e-20       5.00000e-20
 248.7000000       5.00000e-20       5.00000e-20
 248.8000000       5.00000e-20       5.00000e-20
 248.9000000       5.00000e-20       5.00000e-20
 249.0000000       5.00000e-20       5.00000e-20
 249.1000000       5.00000e-20       5.00000e-20
 249.2000000       5.00000e-20       5.00000e-20
 249.3000000       5.00000e-20       5.00000e-20
 249.4000000       5.00000e-20       5.00000e-20
 249.5000000       5.00000e-20       5.00000e-20
 249.6000000       5.00000e-20       5.00000e-20
 249.7000000       5.00000e-20       5.00000e-20
 249.8000000       5.00000e-20       5.00000e-20
 249.9000000       5.00000e-20       5.00000e-20
 250.0000000       5.00000e-20       5.00000e-20
 250.1000000       5.00000e-20       5.00000e-20
 250.2000000       5.00000e-20       5.00000e-20
 250.3000000       5.00000e-20       5.00000e-20
 250.4000000       5.00000e-20       5.00000e-20
 250.5000000       5.00000e-20       5.00000e-20
 250.6000000       5.00000e-20       5.00000e-20
 250.7000000       5.00000e-20       5.00000e-20
 250.8000000       5.00000e-20       5.00000e-20
 250.9000000       5.00000e-20       5.00000e-20
 251.0000000       5.00000e-20       5.00000e-20
 251.1000000       5.00000e-20       5.00000e-20
 251.2000000       5.00000e-20       5.00000e-20
 251.3000000       5.00000e-20       5.00000e-20
 251.4000000       5.00000e-20       5.00000e-20
 251.5000000       5.00000e-20       5.00000e-20
 251.6000000       5.00000e-20       5.00000e-20
 251.7000000       5.00000e-20       5.00000e-20
 251.8000000       5.00000e-20       5.00000e-20
 251.9000000       5.00000e-20       5.00000e-20
 252.0000000       5.00000e-20       5.00000e-20
 252.1000000       5.00000e-20       5.00000e-20
 252.2000000       5.00000e-20       5.00000e-20
 252.3000000       5.00000e-20       5.00000e-20
 252.4000000       5.00000e-20       5.00000e-20
 252.5000000       5.00000e-20       5.00000e-20
 252.6000000       5.00000e-20       5.00000e-20
 252.7000000       5.00000e-20       5.00000e-20
 252.8000000       5.00000e-20       5.00000e-20
 252.9000000       5.00000e-20       5.00000e-20
 253.0000000       5.00000e-20       5.00000e-20
 253.1000000       5.00000e-20       5.00000e-20
 253.2000000       5.00000e-20       5.00000e-20
 253.3000000       5.00000e-20       5.00000e-20
 253.4000000       5.00000e-20       5.00000e-20
 253.5000000       5.00000e-20       5.00000e-20
 253.6000000       5.00000e-20       5.00000e-20
 253.7000000       5.00000e-20       5.00000e-20
 253.8000000       5.00000e-20       5.00000e-20
 253.9000000       5.00000e-20       5.00000e-20
 254.0000000       5.00000e-20       5.00000e-20
 254.1000000       5.00000e-20       5.00000e-20
 254.2000000       5.00000e-20       5.00000e-20
 254.3000000       5.00000e-20       5.00000e-20
 254.4000000       5.00000e-20       5.00000e-20
 254.5000000       5.00000e-20       5.00000e-20
 254.6000000       5.00000e-20       5.00000e-20
 254.7000000       5.00000e-20       5.00000e-20
 254.8000000       5.00000e-20       5.00000e-20
 254.9000000       5.00000e-20       5.00000e-20
 255.0000000       5.00000e-20       5.00000e-20
 255.1000000       5.00000e-20       5.00000e-20
 255.2000000       5.00000e-20       5.00000e-20
 255.3000000       5.00000e-20       5.00000e-20
 255.4000000       5.00000e-20       5.00000e-20
 255.5000000       5.00000e-20       5.00000e-20
 255.6000000       5.00000e-20       5.00000e-20
 255.7000000       5.00000e-20       5.00000e-20
 255.8000000       5.00000e-20       5.00000e-20
 255.9000000       5.00000e-20       5.00000e-20
 256.0000000       5.00000e-20       5.00000e-20
 256.1000000       5.00000e-20       5.00000e-20
 256.2000000       5.00000e-20       5.00000e-20
 256.3000000       5.00000e-20       5.00000e-20
 256.4000000       5.00000e-20       5.00000e-20
 256.5000000       5.00000e-20       5.00000e-20
 256.6000000       5.00000e-20       5.00000e-20
 256.7000000       5.00000e-20       5.00000e-20
 256.8000000       5.00000e-20       5.00000e-20
 256.9000000       5.00000e-20       5.00000e-20
 257.0000000       5.00000e-20       5.00000e-20
 257.1000000       5.00000e-20       5.00000e-20
 257.2000000       5.00000e-20       5.00000e-20
 257.3000000       5.00000e-20       5.00000e-20
 257.4000000       5.00000e-20       5.00000e-20
 257.5000000       5.00000e-20       5.00000e-20
 257.6000000       5.00000e-20       5.00000e-20
 257.7000000       5.00000e-20       5.00000e-20
 257.8000000       5.00000e-20       5.00000e-20
 257.9000000       5.00000e-20       5.00000e-20
 258.0000000       5.00000e-20       5.00000e-20
 258.1000000       5.00000e-20       5.00000e-20
 258.2000000       5.00000e-20       5.00000e-20
 258.3000000       5.00000e-20       5.00000e-20
 258.4000000       5.00000e-20       5.00000e-20
 258.5000000       5.00000e-20       5.00000e-20
 258.6000000       5.00000e-20       5.00000e-20
 258.7000000       5.00000e-20       5.00000e-20
 258.8000000       5.00000e-20       5.00000e-20
 258.9000000       5.00000e-20       5.00000e-20
 259.0000000       5.00000e-20       5.00000e-20
 259.1000000       5.00000e-20       5.00000e-20
 259.2000000       5.00000e-20       5.00000e-20
 259.3000000       5.00000e-20       5.00000e-20
 259.4000000       5.00000e-20       5.00000e-20
 259.5000000       5.00000e-20       5.00000e-20
 259.6000000       5.00000e-20       5.00000e-20
 259.7000000       5.00000e-20       5.00000e-20
 259.8000000       5.00000e-20       5.00000e-20
 259.9000000       5.00000e-20       5.00000e-20
 260.0000000       5.00000e-20       5.00000e-20
 260.1000000       5.00000e-20       5.00000e-20
 260.2000000       5.00000e-20       5.00000e-20
 260.3000000       5.00000e-20       5.00000e-20
 260.4000000       5.00000e-20       5.00000e-20
 260.5000000       5.00000e-20       5.00000e-20
 260.6000000       5.00000e-20       5.00000e-20
 260.7000000       5.00000e-20       5.00000e-20
 260.8000000       5.00000e-20       5.00000e-20
 260.9000000       5.00000e-20       5.00000e-20
 261.0000000       5.00000e-20       5.00000e-20
 261.1000000       5.00000e-20       5.00000e-20
 261.2000000       5.00000e-20       5.00000e-20
 261.3000000       5.00000e-20       5.00000e-20
 261.4000000       5.00000e-20       5.00000e-20
 261.5000000       5.00000e-20       5.00000e-20
 261.6000000       5.00000e-20       5.00000e-20
 261.7000000       5.00000e-20       5.00000e-20
 261.8000000       5.00000e-20       5.00000e-20
 261.9000000       5.00000e-20       5.00000e-20
 262.0000000       5.00000e-20       5.00000e-20
 262.1000000       5.00000e-20       5.00000e-20
 262.2000000       5.00000e-20       5.00000e-20
 262.3000000       5.00000e-20       5.00000e-20
 262.4000000       5.00000e-20       5.00000e-20
 262.5000000       5.00000e-20       5.00000e-20
 262.6000000       5.00000e-20       5.00000e-20
 262.7000000       5.00000e-20       5.00000e-20
 262.8000000       5.00000e-20       5.00000e-20
 262.9000000       5.00000e-20       5.00000e-20
 263.0000000       5.00000e-20       5.00000e-20
 263.1000000       5.00000e-20       5.00000e-20
 263.2000000       5.00000e-20       5.00000e-20
 263.3000000       5.00000e-20       5.00000e-20
 263.4000000       5.00000e-20       5.00000e-20
 263.5000000       5.00000e-20       5.00000e-20
 263.6000000       5.00000e-20       5.00000e-20
 263.7000000       5.00000e-20       5.00000e-20
 263.8000000       5.00000e-20       5.00000e-20
 263.9000000       5.00000e-20       5.00000e-20
 264.0000000       5.00000e-20       5.00000e-20
 264.1000000       5.00000e-20       5.00000e-20
 264.2000000       5.00000e-20       5.00000e-20
 264.3000000       5.00000e-20       5.00000e-20
 264.4000000       5.00000e-20       5.00000e-20
 264.5000000       5.00000e-20       5.00000e-20
 264.6000000       5.00000e-20       5.00000e-20
 264.7000000       5.00000e-20       5.00000e-20
 264.8000000       5.00000e-20       5.00000e-20
 264.9000000       5.00000e-20       5.00000e-20
 265.0000000       5.00000e-20       5.00000e-20
 265.1000000       5.00000e-20       5.00000e-20
 265.2000000       5.00000e-20       5.00000e-20
 265.3000000       5.00000e-20       5.00000e-20
 265.4000000       5.00000e-20       5.00000e-20
 265.5000000       5.00000e-20       5.00000e-20
 265.6000000       5.00000e-20       5.00000e-20
 265.7000000       5.00000e-20       5.00000e-20
 265.8000000       5.00000e-20       5.00000e-20
 265.9000000       5.00000e-20       5.00000e-20
 266.0000000       5.00000e-20       5.00000e-20
 266.1000000       5.00000e-20       5.00000e-20
 266.2000000       5.00000e-20       5.00000e-20
 266.3000000       5.00000e-20       5.00000e-20
 266.4000000       5.00000e-20       5.00000e-20
 266.5000000       5.00000e-20       5.00000e-20
 266.6000000       5.00000e-20       5.00000e-20
 266.7000000       5.00000e-20       5.00000e-20
 266.8000000       5.00000e-20       5.00000e-20
 266.9000000       5.00000e-20       5.00000e-20
 267.0000000       5.00000e-20       5.00000e-20
 267.1000000       5.00000e-20       5.00000e-20
 267.2000000       5.00000e-20       5.00000e-20
 267.3000000       6.96672e-20       6.96672e-20
 267.4000000       1.50170e-19       1.50170e-19
 267.5000000       3.41258e-19       3.41258e-19
 267.6000000       7.34149e-19       7.34149e-19
 267.7000000       1.49518e-18       1.49518e-18
 267.8000000       2.88283e-18       2.88283e-18
 267.9000000       5.26214e-18       5.26214e-18
 268.0000000       9.09350e-18       9.09350e-18
 268.1000000       1.48775e-17       1.48775e-17
 268.2000000       2.30441e-17       2.30441e-17
 268.3000000       3.37932e-17       3.37932e-17
 268.4000000       4.69180e-17       4.69180e-17
 268.5000000       6.16726e-17       6.16726e-17
 268.6000000       7.67525e-17       7.67525e-17
 268.7000000       9.04358e-17       9.04358e-17
 268.8000000       1.00888e-16       1.00888e-16
 268.9000000       1.06558e-16       1.06558e-16
 269.0000000       1.06558e-16       1.06558e-16
 269.1000000       1.00888e-16       1.00888e-16
 269.2000000       9.04358e-17       9.04358e-17
 269.3000000       7.67525e-17       7.67525e-17
 269.4000000       6.16726e-17       6.16726e-17
 269.5000000       4.69180e-17       4.69180e-17
 269.6000000       3.37932e-17       3.37932e-17
 269.7000000       2.30441e-17       2.30441e-17
 269.8000000       1.48775e-17       1.48775e-17
 269.9000000       9.09350e-18       9.09350e-18
 270.0000000       5.26214e-18       5.26214e-18
 270.1000000       2.88283e-18       2.88283e-18
 270.2000000       1.49518e-18       1.49518e-18
 270.3000000       7.34149e-19       7.34149e-19
 270.4000000       3.41258e-19       3.41258e-19
 270.5000000       1.50170e-19       1.50170e-19
 270.6000000       6.96672e-20       6.96672e-20
 270.7000000       5.00000e-20       5.00000e-20
 270.8000000       5.00000e-20       5.00000e-20
 270.9000000       5.00000e-20       5.00000e-20
 271.0000000       5.00000e-20       5.00000e-20
 271.1000000       5.00000e-20       5.00000e-20
 271.2000000       5.00000e-20       5.00000e-20
 271.3000000       5.00000e-20       5.00000e-20
 271.4000000       5.00000e-20       5.00000e-20
 271.5000000       5.00000e-20       5.00000e-20
 271.6000000       5.00000e-20       5.00000e-20
 271.7000000       5.00000e-20       5.00000e-20
 271.8000000       5.00000e-20       5.00000e-20
 271.9000000       5.00000e-20       5.00000e-20
 272.0000000       5.00000e-20       5.00000e-20
