# Cross sections for c-C3H2
# Converted from earlier Leiden database cross sections by Alan Heays 2016-02-24
# Photodissociation source: c-C3H2 van Hemert & van Dishoeck 2007
# Lines represented with gaussian of width 1.0 nm FWHM
# wavelength: (nm)
# photoabsorption:    cross section (cm2)
# photodissociation:  cross section (cm2)
# 
# wavelength   photoabsorption photodissociation
  91.3000000       5.00000e-20       5.00000e-20
  91.4000000       5.00000e-20       5.00000e-20
  91.5000000       5.00000e-20       5.00000e-20
  91.6000000       5.00000e-20       5.00000e-20
  91.7000000       5.00000e-20       5.00000e-20
  91.8000000       5.00000e-20       5.00000e-20
  91.9000000       5.00000e-20       5.00000e-20
  92.0000000       5.00000e-20       5.00000e-20
  92.1000000       5.00000e-20       5.00000e-20
  92.2000000       5.00000e-20       5.00000e-20
  92.3000000       5.00000e-20       5.00000e-20
  92.4000000       5.00000e-20       5.00000e-20
  92.5000000       5.00000e-20       5.00000e-20
  92.6000000       5.00000e-20       5.00000e-20
  92.7000000       5.00000e-20       5.00000e-20
  92.8000000       5.00000e-20       5.00000e-20
  92.9000000       5.00000e-20       5.00000e-20
  93.0000000       5.00000e-20       5.00000e-20
  93.1000000       5.00000e-20       5.00000e-20
  93.2000000       5.00000e-20       5.00000e-20
  93.3000000       5.00000e-20       5.00000e-20
  93.4000000       5.00000e-20       5.00000e-20
  93.5000000       5.00000e-20       5.00000e-20
  93.6000000       5.00000e-20       5.00000e-20
  93.7000000       5.00000e-20       5.00000e-20
  93.8000000       5.00000e-20       5.00000e-20
  93.9000000       5.00000e-20       5.00000e-20
  94.0000000       5.00000e-20       5.00000e-20
  94.1000000       5.00000e-20       5.00000e-20
  94.2000000       5.00000e-20       5.00000e-20
  94.3000000       5.00000e-20       5.00000e-20
  94.4000000       5.00000e-20       5.00000e-20
  94.5000000       5.00000e-20       5.00000e-20
  94.6000000       5.00000e-20       5.00000e-20
  94.7000000       5.00000e-20       5.00000e-20
  94.8000000       5.00000e-20       5.00000e-20
  94.9000000       5.00000e-20       5.00000e-20
  95.0000000       5.00000e-20       5.00000e-20
  95.1000000       5.00000e-20       5.00000e-20
  95.2000000       5.00000e-20       5.00000e-20
  95.3000000       5.00000e-20       5.00000e-20
  95.4000000       5.00000e-20       5.00000e-20
  95.5000000       5.00000e-20       5.00000e-20
  95.6000000       5.00000e-20       5.00000e-20
  95.7000000       5.00000e-20       5.00000e-20
  95.8000000       5.00000e-20       5.00000e-20
  95.9000000       5.00000e-20       5.00000e-20
  96.0000000       5.00000e-20       5.00000e-20
  96.1000000       5.00000e-20       5.00000e-20
  96.2000000       5.00000e-20       5.00000e-20
  96.3000000       5.00000e-20       5.00000e-20
  96.4000000       5.00000e-20       5.00000e-20
  96.5000000       5.00000e-20       5.00000e-20
  96.6000000       5.00000e-20       5.00000e-20
  96.7000000       5.00000e-20       5.00000e-20
  96.8000000       5.00000e-20       5.00000e-20
  96.9000000       5.00000e-20       5.00000e-20
  97.0000000       5.00000e-20       5.00000e-20
  97.1000000       5.00000e-20       5.00000e-20
  97.2000000       5.00000e-20       5.00000e-20
  97.3000000       5.00000e-20       5.00000e-20
  97.4000000       5.00000e-20       5.00000e-20
  97.5000000       5.00000e-20       5.00000e-20
  97.6000000       5.00000e-20       5.00000e-20
  97.7000000       5.00000e-20       5.00000e-20
  97.8000000       5.00000e-20       5.00000e-20
  97.9000000       5.00000e-20       5.00000e-20
  98.0000000       5.00000e-20       5.00000e-20
  98.1000000       5.00000e-20       5.00000e-20
  98.2000000       5.00000e-20       5.00000e-20
  98.3000000       5.00000e-20       5.00000e-20
  98.4000000       5.00000e-20       5.00000e-20
  98.5000000       5.00000e-20       5.00000e-20
  98.6000000       5.00000e-20       5.00000e-20
  98.7000000       5.00000e-20       5.00000e-20
  98.8000000       5.00000e-20       5.00000e-20
  98.9000000       5.00000e-20       5.00000e-20
  99.0000000       5.00000e-20       5.00000e-20
  99.1000000       5.00000e-20       5.00000e-20
  99.2000000       5.00000e-20       5.00000e-20
  99.3000000       5.00000e-20       5.00000e-20
  99.4000000       5.00000e-20       5.00000e-20
  99.5000000       5.00000e-20       5.00000e-20
  99.6000000       5.00000e-20       5.00000e-20
  99.7000000       5.00000e-20       5.00000e-20
  99.8000000       5.00000e-20       5.00000e-20
  99.9000000       5.00000e-20       5.00000e-20
 100.0000000       5.00000e-20       5.00000e-20
 100.1000000       5.00000e-20       5.00000e-20
 100.2000000       5.00000e-20       5.00000e-20
 100.3000000       5.00000e-20       5.00000e-20
 100.4000000       5.00000e-20       5.00000e-20
 100.5000000       5.00000e-20       5.00000e-20
 100.6000000       5.00000e-20       5.00000e-20
 100.7000000       5.00000e-20       5.00000e-20
 100.8000000       5.00000e-20       5.00000e-20
 100.9000000       5.00000e-20       5.00000e-20
 101.0000000       5.00000e-20       5.00000e-20
 101.1000000       5.00000e-20       5.00000e-20
 101.2000000       5.00000e-20       5.00000e-20
 101.3000000       5.00000e-20       5.00000e-20
 101.4000000       5.00000e-20       5.00000e-20
 101.5000000       5.00000e-20       5.00000e-20
 101.6000000       5.00000e-20       5.00000e-20
 101.7000000       5.00000e-20       5.00000e-20
 101.8000000       5.00000e-20       5.00000e-20
 101.9000000       5.00000e-20       5.00000e-20
 102.0000000       5.00000e-20       5.00000e-20
 102.1000000       5.00000e-20       5.00000e-20
 102.2000000       5.00000e-20       5.00000e-20
 102.3000000       5.00000e-20       5.00000e-20
 102.4000000       5.00000e-20       5.00000e-20
 102.5000000       5.00000e-20       5.00000e-20
 102.6000000       5.00000e-20       5.00000e-20
 102.7000000       5.00000e-20       5.00000e-20
 102.8000000       5.00000e-20       5.00000e-20
 102.9000000       5.00000e-20       5.00000e-20
 103.0000000       5.00000e-20       5.00000e-20
 103.1000000       5.00000e-20       5.00000e-20
 103.2000000       5.00000e-20       5.00000e-20
 103.3000000       5.00000e-20       5.00000e-20
 103.4000000       5.00000e-20       5.00000e-20
 103.5000000       5.00000e-20       5.00000e-20
 103.6000000       5.00000e-20       5.00000e-20
 103.7000000       5.00000e-20       5.00000e-20
 103.8000000       5.00000e-20       5.00000e-20
 103.9000000       5.00000e-20       5.00000e-20
 104.0000000       5.00000e-20       5.00000e-20
 104.1000000       5.00000e-20       5.00000e-20
 104.2000000       5.00000e-20       5.00000e-20
 104.3000000       5.00000e-20       5.00000e-20
 104.4000000       5.00000e-20       5.00000e-20
 104.5000000       5.00000e-20       5.00000e-20
 104.6000000       5.00000e-20       5.00000e-20
 104.7000000       5.00000e-20       5.00000e-20
 104.8000000       5.00000e-20       5.00000e-20
 104.9000000       5.00000e-20       5.00000e-20
 105.0000000       5.00000e-20       5.00000e-20
 105.1000000       5.00000e-20       5.00000e-20
 105.2000000       5.00000e-20       5.00000e-20
 105.3000000       5.00000e-20       5.00000e-20
 105.4000000       5.00000e-20       5.00000e-20
 105.5000000       5.00000e-20       5.00000e-20
 105.6000000       5.00000e-20       5.00000e-20
 105.7000000       5.00000e-20       5.00000e-20
 105.8000000       5.00000e-20       5.00000e-20
 105.9000000       5.00000e-20       5.00000e-20
 106.0000000       5.00000e-20       5.00000e-20
 106.1000000       5.00000e-20       5.00000e-20
 106.2000000       5.00000e-20       5.00000e-20
 106.3000000       5.00000e-20       5.00000e-20
 106.4000000       5.00000e-20       5.00000e-20
 106.5000000       5.00000e-20       5.00000e-20
 106.6000000       5.00000e-20       5.00000e-20
 106.7000000       5.00000e-20       5.00000e-20
 106.8000000       5.00000e-20       5.00000e-20
 106.9000000       5.00000e-20       5.00000e-20
 107.0000000       5.00000e-20       5.00000e-20
 107.1000000       5.00000e-20       5.00000e-20
 107.2000000       5.00000e-20       5.00000e-20
 107.3000000       5.00000e-20       5.00000e-20
 107.4000000       5.00000e-20       5.00000e-20
 107.5000000       5.00000e-20       5.00000e-20
 107.6000000       5.00000e-20       5.00000e-20
 107.7000000       5.00000e-20       5.00000e-20
 107.8000000       5.00000e-20       5.00000e-20
 107.9000000       5.00000e-20       5.00000e-20
 108.0000000       5.00000e-20       5.00000e-20
 108.1000000       5.00000e-20       5.00000e-20
 108.2000000       5.00000e-20       5.00000e-20
 108.3000000       5.00000e-20       5.00000e-20
 108.4000000       5.00000e-20       5.00000e-20
 108.5000000       5.00000e-20       5.00000e-20
 108.6000000       5.00000e-20       5.00000e-20
 108.7000000       5.00000e-20       5.00000e-20
 108.8000000       5.00000e-20       5.00000e-20
 108.9000000       5.00000e-20       5.00000e-20
 109.0000000       5.00000e-20       5.00000e-20
 109.1000000       5.00000e-20       5.00000e-20
 109.2000000       5.00000e-20       5.00000e-20
 109.3000000       5.00000e-20       5.00000e-20
 109.4000000       5.00000e-20       5.00000e-20
 109.5000000       5.00000e-20       5.00000e-20
 109.6000000       5.00000e-20       5.00000e-20
 109.7000000       5.00000e-20       5.00000e-20
 109.8000000       5.00000e-20       5.00000e-20
 109.9000000       5.00000e-20       5.00000e-20
 110.0000000       5.00000e-20       5.00000e-20
 110.1000000       5.00000e-20       5.00000e-20
 110.2000000       5.00000e-20       5.00000e-20
 110.3000000       5.00000e-20       5.00000e-20
 110.4000000       5.00000e-20       5.00000e-20
 110.5000000       5.00000e-20       5.00000e-20
 110.6000000       5.00000e-20       5.00000e-20
 110.7000000       5.00000e-20       5.00000e-20
 110.8000000       5.00000e-20       5.00000e-20
 110.9000000       5.00000e-20       5.00000e-20
 111.0000000       5.00000e-20       5.00000e-20
 111.1000000       5.00000e-20       5.00000e-20
 111.2000000       5.00000e-20       5.00000e-20
 111.3000000       5.00000e-20       5.00000e-20
 111.4000000       5.00000e-20       5.00000e-20
 111.5000000       5.00000e-20       5.00000e-20
 111.6000000       5.00000e-20       5.00000e-20
 111.7000000       5.00000e-20       5.00000e-20
 111.8000000       5.00000e-20       5.00000e-20
 111.9000000       5.00000e-20       5.00000e-20
 112.0000000       5.00000e-20       5.00000e-20
 112.1000000       5.00000e-20       5.00000e-20
 112.2000000       5.00000e-20       5.00000e-20
 112.3000000       5.00000e-20       5.00000e-20
 112.4000000       5.00000e-20       5.00000e-20
 112.5000000       5.00000e-20       5.00000e-20
 112.6000000       5.00000e-20       5.00000e-20
 112.7000000       5.00000e-20       5.00000e-20
 112.8000000       5.00000e-20       5.00000e-20
 112.9000000       5.00000e-20       5.00000e-20
 113.0000000       5.00000e-20       5.00000e-20
 113.1000000       5.00000e-20       5.00000e-20
 113.2000000       5.00000e-20       5.00000e-20
 113.3000000       5.00000e-20       5.00000e-20
 113.4000000       5.00000e-20       5.00000e-20
 113.5000000       5.00000e-20       5.00000e-20
 113.6000000       5.00000e-20       5.00000e-20
 113.7000000       5.00000e-20       5.00000e-20
 113.8000000       5.00000e-20       5.00000e-20
 113.9000000       5.00000e-20       5.00000e-20
 114.0000000       5.00000e-20       5.00000e-20
 114.1000000       5.00000e-20       5.00000e-20
 114.2000000       5.00000e-20       5.00000e-20
 114.3000000       5.00000e-20       5.00000e-20
 114.4000000       5.00000e-20       5.00000e-20
 114.5000000       5.00000e-20       5.00000e-20
 114.6000000       5.00000e-20       5.00000e-20
 114.7000000       5.00000e-20       5.00000e-20
 114.8000000       5.00000e-20       5.00000e-20
 114.9000000       5.00000e-20       5.00000e-20
 115.0000000       5.00000e-20       5.00000e-20
 115.1000000       5.00000e-20       5.00000e-20
 115.2000000       5.00000e-20       5.00000e-20
 115.3000000       5.00000e-20       5.00000e-20
 115.4000000       5.00000e-20       5.00000e-20
 115.5000000       5.00000e-20       5.00000e-20
 115.6000000       5.00000e-20       5.00000e-20
 115.7000000       5.00000e-20       5.00000e-20
 115.8000000       5.00000e-20       5.00000e-20
 115.9000000       5.00000e-20       5.00000e-20
 116.0000000       5.00000e-20       5.00000e-20
 116.1000000       5.00000e-20       5.00000e-20
 116.2000000       5.00000e-20       5.00000e-20
 116.3000000       5.00000e-20       5.00000e-20
 116.4000000       5.00000e-20       5.00000e-20
 116.5000000       5.00000e-20       5.00000e-20
 116.6000000       5.00000e-20       5.00000e-20
 116.7000000       5.00000e-20       5.00000e-20
 116.8000000       5.00000e-20       5.00000e-20
 116.9000000       5.00000e-20       5.00000e-20
 117.0000000       5.00000e-20       5.00000e-20
 117.1000000       5.00000e-20       5.00000e-20
 117.2000000       5.00000e-20       5.00000e-20
 117.3000000       5.00000e-20       5.00000e-20
 117.4000000       5.00000e-20       5.00000e-20
 117.5000000       5.00000e-20       5.00000e-20
 117.6000000       5.00000e-20       5.00000e-20
 117.7000000       5.00000e-20       5.00000e-20
 117.8000000       5.00000e-20       5.00000e-20
 117.9000000       5.00000e-20       5.00000e-20
 118.0000000       5.00000e-20       5.00000e-20
 118.1000000       5.00000e-20       5.00000e-20
 118.2000000       5.00000e-20       5.00000e-20
 118.3000000       5.00000e-20       5.00000e-20
 118.4000000       5.00000e-20       5.00000e-20
 118.5000000       5.00000e-20       5.00000e-20
 118.6000000       5.00000e-20       5.00000e-20
 118.7000000       5.00000e-20       5.00000e-20
 118.8000000       5.00000e-20       5.00000e-20
 118.9000000       5.00000e-20       5.00000e-20
 119.0000000       5.00000e-20       5.00000e-20
 119.1000000       5.00000e-20       5.00000e-20
 119.2000000       5.00000e-20       5.00000e-20
 119.3000000       5.00000e-20       5.00000e-20
 119.4000000       5.00000e-20       5.00000e-20
 119.5000000       5.00000e-20       5.00000e-20
 119.6000000       5.00000e-20       5.00000e-20
 119.7000000       5.00000e-20       5.00000e-20
 119.8000000       5.00000e-20       5.00000e-20
 119.9000000       5.00000e-20       5.00000e-20
 120.0000000       5.00000e-20       5.00000e-20
 120.1000000       5.00000e-20       5.00000e-20
 120.2000000       5.00000e-20       5.00000e-20
 120.3000000       5.00000e-20       5.00000e-20
 120.4000000       5.00000e-20       5.00000e-20
 120.5000000       5.00000e-20       5.00000e-20
 120.6000000       5.00000e-20       5.00000e-20
 120.7000000       5.00000e-20       5.00000e-20
 120.8000000       5.00000e-20       5.00000e-20
 120.9000000       5.00000e-20       5.00000e-20
 121.0000000       5.00000e-20       5.00000e-20
 121.1000000       5.00000e-20       5.00000e-20
 121.2000000       5.00000e-20       5.00000e-20
 121.3000000       5.00000e-20       5.00000e-20
 121.4000000       5.00000e-20       5.00000e-20
 121.5000000       5.00000e-20       5.00000e-20
 121.6000000       5.00000e-20       5.00000e-20
 121.7000000       5.00000e-20       5.00000e-20
 121.8000000       5.00000e-20       5.00000e-20
 121.9000000       5.00000e-20       5.00000e-20
 122.0000000       5.00000e-20       5.00000e-20
 122.1000000       5.00000e-20       5.00000e-20
 122.2000000       5.00000e-20       5.00000e-20
 122.3000000       5.00000e-20       5.00000e-20
 122.4000000       5.00000e-20       5.00000e-20
 122.5000000       5.00000e-20       5.00000e-20
 122.6000000       5.00000e-20       5.00000e-20
 122.7000000       5.00000e-20       5.00000e-20
 122.8000000       5.00000e-20       5.00000e-20
 122.9000000       5.00000e-20       5.00000e-20
 123.0000000       5.00000e-20       5.00000e-20
 123.1000000       5.00000e-20       5.00000e-20
 123.2000000       5.00000e-20       5.00000e-20
 123.3000000       5.00000e-20       5.00000e-20
 123.4000000       5.00000e-20       5.00000e-20
 123.5000000       5.00000e-20       5.00000e-20
 123.6000000       5.00000e-20       5.00000e-20
 123.7000000       5.00000e-20       5.00000e-20
 123.8000000       5.00000e-20       5.00000e-20
 123.9000000       5.00000e-20       5.00000e-20
 124.0000000       5.00000e-20       5.00000e-20
 124.1000000       5.00000e-20       5.00000e-20
 124.2000000       5.00000e-20       5.00000e-20
 124.3000000       5.00000e-20       5.00000e-20
 124.4000000       5.00000e-20       5.00000e-20
 124.5000000       5.00000e-20       5.00000e-20
 124.6000000       5.00000e-20       5.00000e-20
 124.7000000       5.00000e-20       5.00000e-20
 124.8000000       5.00000e-20       5.00000e-20
 124.9000000       5.00000e-20       5.00000e-20
 125.0000000       5.00000e-20       5.00000e-20
 125.1000000       5.00000e-20       5.00000e-20
 125.2000000       5.00000e-20       5.00000e-20
 125.3000000       5.00000e-20       5.00000e-20
 125.4000000       5.00000e-20       5.00000e-20
 125.5000000       5.00000e-20       5.00000e-20
 125.6000000       5.00000e-20       5.00000e-20
 125.7000000       5.00000e-20       5.00000e-20
 125.8000000       5.00000e-20       5.00000e-20
 125.9000000       5.00000e-20       5.00000e-20
 126.0000000       5.00000e-20       5.00000e-20
 126.1000000       5.00000e-20       5.00000e-20
 126.2000000       5.00000e-20       5.00000e-20
 126.3000000       5.00000e-20       5.00000e-20
 126.4000000       5.00000e-20       5.00000e-20
 126.5000000       5.00000e-20       5.00000e-20
 126.6000000       5.00000e-20       5.00000e-20
 126.7000000       5.00000e-20       5.00000e-20
 126.8000000       5.00000e-20       5.00000e-20
 126.9000000       5.00000e-20       5.00000e-20
 127.0000000       5.00000e-20       5.00000e-20
 127.1000000       5.00000e-20       5.00000e-20
 127.2000000       5.00000e-20       5.00000e-20
 127.3000000       5.00000e-20       5.00000e-20
 127.4000000       5.00000e-20       5.00000e-20
 127.5000000       5.00000e-20       5.00000e-20
 127.6000000       5.00000e-20       5.00000e-20
 127.7000000       5.00000e-20       5.00000e-20
 127.8000000       5.00000e-20       5.00000e-20
 127.9000000       5.00000e-20       5.00000e-20
 128.0000000       5.00000e-20       5.00000e-20
 128.1000000       5.00000e-20       5.00000e-20
 128.2000000       5.00000e-20       5.00000e-20
 128.3000000       5.00000e-20       5.00000e-20
 128.4000000       5.00000e-20       5.00000e-20
 128.5000000       5.00000e-20       5.00000e-20
 128.6000000       5.00000e-20       5.00000e-20
 128.7000000       5.00000e-20       5.00000e-20
 128.8000000       5.00000e-20       5.00000e-20
 128.9000000       5.00000e-20       5.00000e-20
 129.0000000       5.00000e-20       5.00000e-20
 129.1000000       5.00000e-20       5.00000e-20
 129.2000000       5.00000e-20       5.00000e-20
 129.3000000       5.00000e-20       5.00000e-20
 129.4000000       5.00000e-20       5.00000e-20
 129.5000000       5.00000e-20       5.00000e-20
 129.6000000       5.00000e-20       5.00000e-20
 129.7000000       5.00000e-20       5.00000e-20
 129.8000000       5.00000e-20       5.00000e-20
 129.9000000       5.00000e-20       5.00000e-20
 130.0000000       5.00000e-20       5.00000e-20
 130.1000000       5.00000e-20       5.00000e-20
 130.2000000       5.00000e-20       5.00000e-20
 130.3000000       5.00000e-20       5.00000e-20
 130.4000000       5.00000e-20       5.00000e-20
 130.5000000       5.00000e-20       5.00000e-20
 130.6000000       5.00000e-20       5.00000e-20
 130.7000000       5.00000e-20       5.00000e-20
 130.8000000       5.00000e-20       5.00000e-20
 130.9000000       5.00000e-20       5.00000e-20
 131.0000000       5.00000e-20       5.00000e-20
 131.1000000       5.00000e-20       5.00000e-20
 131.2000000       5.00000e-20       5.00000e-20
 131.3000000       5.00000e-20       5.00000e-20
 131.4000000       5.00000e-20       5.00000e-20
 131.5000000       5.00000e-20       5.00000e-20
 131.6000000       5.00000e-20       5.00000e-20
 131.7000000       5.00000e-20       5.00000e-20
 131.8000000       5.00000e-20       5.00000e-20
 131.9000000       5.00000e-20       5.00000e-20
 132.0000000       5.00000e-20       5.00000e-20
 132.1000000       5.00000e-20       5.00000e-20
 132.2000000       5.00000e-20       5.00000e-20
 132.3000000       5.00000e-20       5.00000e-20
 132.4000000       5.00000e-20       5.00000e-20
 132.5000000       5.00000e-20       5.00000e-20
 132.6000000       5.00000e-20       5.00000e-20
 132.7000000       5.00000e-20       5.00000e-20
 132.8000000       5.00000e-20       5.00000e-20
 132.9000000       5.00000e-20       5.00000e-20
 133.0000000       5.00000e-20       5.00000e-20
 133.1000000       5.00000e-20       5.00000e-20
 133.2000000       5.00000e-20       5.00000e-20
 133.3000000       5.00000e-20       5.00000e-20
 133.4000000       5.00000e-20       5.00000e-20
 133.5000000       5.00000e-20       5.00000e-20
 133.6000000       5.00000e-20       5.00000e-20
 133.7000000       5.00000e-20       5.00000e-20
 133.8000000       5.00000e-20       5.00000e-20
 133.9000000       5.00000e-20       5.00000e-20
 134.0000000       5.00000e-20       5.00000e-20
 134.1000000       5.00000e-20       5.00000e-20
 134.2000000       5.00000e-20       5.00000e-20
 134.3000000       5.00000e-20       5.00000e-20
 134.4000000       5.00000e-20       5.00000e-20
 134.5000000       5.00000e-20       5.00000e-20
 134.6000000       5.00000e-20       5.00000e-20
 134.7000000       5.00000e-20       5.00000e-20
 134.8000000       5.00000e-20       5.00000e-20
 134.9000000       5.00000e-20       5.00000e-20
 135.0000000       5.00000e-20       5.00000e-20
 135.1000000       5.00000e-20       5.00000e-20
 135.2000000       5.00000e-20       5.00000e-20
 135.3000000       5.00000e-20       5.00000e-20
 135.4000000       5.00000e-20       5.00000e-20
 135.5000000       5.00000e-20       5.00000e-20
 135.6000000       5.00000e-20       5.00000e-20
 135.7000000       5.00000e-20       5.00000e-20
 135.8000000       5.00000e-20       5.00000e-20
 135.9000000       5.28982e-20       5.28982e-20
 136.0000000       8.91014e-20       8.91014e-20
 136.1000000       2.02643e-19       2.02643e-19
 136.2000000       4.50410e-19       4.50410e-19
 136.3000000       9.47825e-19       9.47825e-19
 136.4000000       1.88838e-18       1.88838e-18
 136.5000000       3.56200e-18       3.56200e-18
 136.6000000       6.36116e-18       6.36116e-18
 136.7000000       1.07552e-17       1.07552e-17
 136.8000000       1.72162e-17       1.72162e-17
 136.9000000       2.60913e-17       2.60913e-17
 137.0000000       3.74361e-17       3.74361e-17
 137.1000000       5.08540e-17       5.08540e-17
 137.2000000       6.54029e-17       6.54029e-17
 137.3000000       7.96359e-17       7.96359e-17
 137.4000000       9.18039e-17       9.18039e-17
 137.5000000       1.00197e-16       1.00197e-16
 137.6000000       1.03536e-16       1.03536e-16
 137.7000000       1.01292e-16       1.01292e-16
 137.8000000       9.38216e-17       9.38216e-17
 137.9000000       8.22774e-17       8.22774e-17
 138.0000000       6.83140e-17       6.83140e-17
 138.1000000       5.37023e-17       5.37023e-17
 138.2000000       3.99698e-17       3.99698e-17
 138.3000000       2.81663e-17       2.81663e-17
 138.4000000       1.87927e-17       1.87927e-17
 138.5000000       1.18717e-17       1.18717e-17
 138.6000000       7.10078e-18       7.10078e-18
 138.7000000       4.02131e-18       4.02131e-18
 138.8000000       2.15626e-18       2.15626e-18
 138.9000000       1.09474e-18       1.09474e-18
 139.0000000       5.26255e-19       5.26255e-19
 139.1000000       2.39531e-19       2.39531e-19
 139.2000000       1.04468e-19       1.04468e-19
 139.3000000       5.65209e-20       5.65209e-20
 139.4000000       5.00000e-20       5.00000e-20
 139.5000000       5.00000e-20       5.00000e-20
 139.6000000       5.00000e-20       5.00000e-20
 139.7000000       5.00000e-20       5.00000e-20
 139.8000000       5.00000e-20       5.00000e-20
 139.9000000       5.00000e-20       5.00000e-20
 140.0000000       5.00000e-20       5.00000e-20
 140.1000000       5.00000e-20       5.00000e-20
 140.2000000       5.00000e-20       5.00000e-20
 140.3000000       5.00000e-20       5.00000e-20
 140.4000000       5.00000e-20       5.00000e-20
 140.5000000       5.00000e-20       5.00000e-20
 140.6000000       5.00000e-20       5.00000e-20
 140.7000000       5.00000e-20       5.00000e-20
 140.8000000       5.00000e-20       5.00000e-20
 140.9000000       5.00000e-20       5.00000e-20
 141.0000000       5.00000e-20       5.00000e-20
 141.1000000       5.00000e-20       5.00000e-20
 141.2000000       5.00000e-20       5.00000e-20
 141.3000000       5.00000e-20       5.00000e-20
 141.4000000       5.00000e-20       5.00000e-20
 141.5000000       5.00000e-20       5.00000e-20
 141.6000000       5.00000e-20       5.00000e-20
 141.7000000       5.00000e-20       5.00000e-20
 141.8000000       5.00000e-20       5.00000e-20
 141.9000000       5.00000e-20       5.00000e-20
 142.0000000       5.00000e-20       5.00000e-20
 142.1000000       5.00000e-20       5.00000e-20
 142.2000000       6.03763e-20       6.03763e-20
 142.3000000       1.11169e-19       1.11169e-19
 142.4000000       2.28229e-19       2.28229e-19
 142.5000000       4.44742e-19       4.44742e-19
 142.6000000       8.20751e-19       8.20751e-19
 142.7000000       1.43465e-18       1.43465e-18
 142.8000000       2.37590e-18       2.37590e-18
 142.9000000       3.72957e-18       3.72957e-18
 143.0000000       5.55365e-18       5.55365e-18
 143.1000000       7.85539e-18       7.85539e-18
 143.2000000       1.05780e-17       1.05780e-17
 143.3000000       1.36114e-17       1.36114e-17
 143.4000000       1.68364e-17       1.68364e-17
 143.5000000       2.02002e-17       2.02002e-17
 143.6000000       2.38042e-17       2.38042e-17
 143.7000000       2.79666e-17       2.79666e-17
 143.8000000       3.32187e-17       3.32187e-17
 143.9000000       4.02015e-17       4.02015e-17
 144.0000000       4.94614e-17       4.94614e-17
 144.1000000       6.11889e-17       6.11889e-17
 144.2000000       7.49813e-17       7.49813e-17
 144.3000000       8.97311e-17       8.97311e-17
 144.4000000       1.03716e-16       1.03716e-16
 144.5000000       1.14907e-16       1.14907e-16
 144.6000000       1.21427e-16       1.21427e-16
 144.7000000       1.22021e-16       1.22021e-16
 144.8000000       1.16390e-16       1.16390e-16
 144.9000000       1.05267e-16       1.05267e-16
 145.0000000       9.02165e-17       9.02165e-17
 145.1000000       7.32376e-17       7.32376e-17
 145.2000000       5.63041e-17       5.63041e-17
 145.3000000       4.09870e-17       4.09870e-17
 145.4000000       2.82500e-17       2.82500e-17
 145.5000000       1.84346e-17       1.84346e-17
 145.6000000       1.13888e-17       1.13888e-17
 145.7000000       6.66100e-18       6.66100e-18
 145.8000000       3.68819e-18       3.68819e-18
 145.9000000       1.93326e-18       1.93326e-18
 146.0000000       9.59333e-19       9.59333e-19
 146.1000000       4.50654e-19       4.50654e-19
 146.2000000       2.00406e-19       2.00406e-19
 146.3000000       8.74219e-20       8.74219e-20
 146.4000000       5.10197e-20       5.10197e-20
 146.5000000       5.00000e-20       5.00000e-20
 146.6000000       5.00000e-20       5.00000e-20
 146.7000000       5.00000e-20       5.00000e-20
 146.8000000       5.00000e-20       5.00000e-20
 146.9000000       5.00000e-20       5.00000e-20
 147.0000000       5.00000e-20       5.00000e-20
 147.1000000       5.00000e-20       5.00000e-20
 147.2000000       5.00000e-20       5.00000e-20
 147.3000000       5.00000e-20       5.00000e-20
 147.4000000       5.00000e-20       5.00000e-20
 147.5000000       5.00000e-20       5.00000e-20
 147.6000000       5.00000e-20       5.00000e-20
 147.7000000       5.00000e-20       5.00000e-20
 147.8000000       5.00000e-20       5.00000e-20
 147.9000000       5.00000e-20       5.00000e-20
 148.0000000       5.00000e-20       5.00000e-20
 148.1000000       6.49190e-20       6.49190e-20
 148.2000000       1.29790e-19       1.29790e-19
 148.3000000       2.65406e-19       2.65406e-19
 148.4000000       5.14462e-19       5.14462e-19
 148.5000000       9.44423e-19       9.44423e-19
 148.6000000       1.64209e-18       1.64209e-18
 148.7000000       2.70468e-18       2.70468e-18
 148.8000000       4.22108e-18       4.22108e-18
 148.9000000       6.24416e-18       6.24416e-18
 149.0000000       8.75964e-18       8.75964e-18
 149.1000000       1.16623e-17       1.16623e-17
 149.2000000       1.47514e-17       1.47514e-17
 149.3000000       1.77542e-17       1.77542e-17
 149.4000000       2.03763e-17       2.03763e-17
 149.5000000       2.23658e-17       2.23658e-17
 149.6000000       2.35701e-17       2.35701e-17
 149.7000000       2.39639e-17       2.39639e-17
 149.8000000       2.36371e-17       2.36371e-17
 149.9000000       2.27485e-17       2.27485e-17
 150.0000000       2.14667e-17       2.14667e-17
 150.1000000       1.99218e-17       1.99218e-17
 150.2000000       1.81873e-17       1.81873e-17
 150.3000000       1.62926e-17       1.62926e-17
 150.4000000       1.42556e-17       1.42556e-17
 150.5000000       1.21143e-17       1.21143e-17
 150.6000000       9.94210e-18       9.94210e-18
 150.7000000       7.84086e-18       7.84086e-18
 150.8000000       5.91923e-18       5.91923e-18
 150.9000000       4.26684e-18       4.26684e-18
 151.0000000       2.93659e-18       2.93659e-18
 151.1000000       1.94074e-18       1.94074e-18
 151.2000000       1.25981e-18       1.25981e-18
 151.3000000       8.58996e-19       8.58996e-19
 151.4000000       7.05416e-19       7.05416e-19
 151.5000000       7.80811e-19       7.80811e-19
 151.6000000       1.08663e-18       1.08663e-18
 151.7000000       1.64053e-18       1.64053e-18
 151.8000000       2.46523e-18       2.46523e-18
 151.9000000       3.57203e-18       3.57203e-18
 152.0000000       4.94319e-18       4.94319e-18
 152.1000000       6.51810e-18       6.51810e-18
 152.2000000       8.18864e-18       8.18864e-18
 152.3000000       9.80681e-18       9.80681e-18
 152.4000000       1.12049e-17       1.12049e-17
 152.5000000       1.22237e-17       1.22237e-17
 152.6000000       1.27422e-17       1.27422e-17
 152.7000000       1.27006e-17       1.27006e-17
 152.8000000       1.21104e-17       1.21104e-17
 152.9000000       1.10504e-17       1.10504e-17
 153.0000000       9.64982e-18       9.64982e-18
 153.1000000       8.06349e-18       8.06349e-18
 153.2000000       6.44509e-18       6.44509e-18
 153.3000000       4.92490e-18       4.92490e-18
 153.4000000       3.59519e-18       3.59519e-18
 153.5000000       2.50527e-18       2.50527e-18
 153.6000000       1.66503e-18       1.66503e-18
 153.7000000       1.05451e-18       1.05451e-18
 153.8000000       6.35870e-19       6.35870e-19
 153.9000000       3.64783e-19       3.64783e-19
 154.0000000       1.98945e-19       1.98945e-19
 154.1000000       1.03081e-19       1.03081e-19
 154.2000000       5.77481e-20       5.77481e-20
 154.3000000       5.01922e-20       5.01922e-20
 154.4000000       5.00000e-20       5.00000e-20
 154.5000000       5.00000e-20       5.00000e-20
 154.6000000       5.00000e-20       5.00000e-20
 154.7000000       5.00000e-20       5.00000e-20
 154.8000000       5.00000e-20       5.00000e-20
 154.9000000       5.00000e-20       5.00000e-20
 155.0000000       5.00000e-20       5.00000e-20
 155.1000000       5.00000e-20       5.00000e-20
 155.2000000       5.00000e-20       5.00000e-20
 155.3000000       5.00000e-20       5.00000e-20
 155.4000000       5.00000e-20       5.00000e-20
 155.5000000       5.00000e-20       5.00000e-20
 155.6000000       5.00000e-20       5.00000e-20
 155.7000000       5.00000e-20       5.00000e-20
 155.8000000       5.00000e-20       5.00000e-20
 155.9000000       5.00000e-20       5.00000e-20
 156.0000000       5.00000e-20       5.00000e-20
 156.1000000       5.00000e-20       5.00000e-20
 156.2000000       5.00000e-20       5.00000e-20
 156.3000000       5.00000e-20       5.00000e-20
 156.4000000       5.00000e-20       5.00000e-20
 156.5000000       5.00000e-20       5.00000e-20
 156.6000000       5.00000e-20       5.00000e-20
 156.7000000       5.00000e-20       5.00000e-20
 156.8000000       5.00000e-20       5.00000e-20
 156.9000000       5.00000e-20       5.00000e-20
 157.0000000       5.09699e-20       5.09699e-20
 157.1000000       7.35027e-20       7.35027e-20
 157.2000000       1.56816e-19       1.56816e-19
 157.3000000       3.19142e-19       3.19142e-19
 157.4000000       6.14962e-19       6.14962e-19
 157.5000000       1.12198e-18       1.12198e-18
 157.6000000       1.93816e-18       1.93816e-18
 157.7000000       3.17006e-18       3.17006e-18
 157.8000000       4.90923e-18       4.90923e-18
 157.9000000       7.19829e-18       7.19829e-18
 158.0000000       9.99337e-18       9.99337e-18
 158.1000000       1.31359e-17       1.31359e-17
 158.2000000       1.63482e-17       1.63482e-17
 158.3000000       1.92638e-17       1.92638e-17
 158.4000000       2.14916e-17       2.14916e-17
 158.5000000       2.27013e-17       2.27013e-17
 158.6000000       2.27030e-17       2.27030e-17
 158.7000000       2.14962e-17       2.14962e-17
 158.8000000       1.92701e-17       1.92701e-17
 158.9000000       1.63548e-17       1.63548e-17
 159.0000000       1.31414e-17       1.31414e-17
 159.1000000       9.99694e-18       9.99694e-18
 159.2000000       7.19978e-18       7.19978e-18
 159.3000000       4.90901e-18       4.90901e-18
 159.4000000       3.16873e-18       3.16873e-18
 159.5000000       1.93638e-18       1.93638e-18
 159.6000000       1.12023e-18       1.12023e-18
 159.7000000       6.13517e-19       6.13517e-19
 159.8000000       3.18089e-19       3.18089e-19
 159.9000000       1.56124e-19       1.56124e-19
 160.0000000       7.63738e-20       7.63738e-20
 160.1000000       5.07182e-20       5.07182e-20
 160.2000000       5.00000e-20       5.00000e-20
 160.3000000       5.00000e-20       5.00000e-20
 160.4000000       5.00000e-20       5.00000e-20
 160.5000000       5.00000e-20       5.00000e-20
 160.6000000       5.00000e-20       5.00000e-20
 160.7000000       5.00000e-20       5.00000e-20
 160.8000000       5.00000e-20       5.00000e-20
 160.9000000       5.00000e-20       5.00000e-20
 161.0000000       5.00000e-20       5.00000e-20
 161.1000000       5.00000e-20       5.00000e-20
 161.2000000       5.00000e-20       5.00000e-20
 161.3000000       5.00000e-20       5.00000e-20
 161.4000000       5.00000e-20       5.00000e-20
 161.5000000       5.00000e-20       5.00000e-20
 161.6000000       5.00000e-20       5.00000e-20
 161.7000000       5.00000e-20       5.00000e-20
 161.8000000       5.00000e-20       5.00000e-20
 161.9000000       5.00000e-20       5.00000e-20
 162.0000000       5.00000e-20       5.00000e-20
 162.1000000       5.00000e-20       5.00000e-20
 162.2000000       5.00000e-20       5.00000e-20
 162.3000000       5.00000e-20       5.00000e-20
 162.4000000       5.00000e-20       5.00000e-20
 162.5000000       5.00000e-20       5.00000e-20
 162.6000000       5.00000e-20       5.00000e-20
 162.7000000       5.00000e-20       5.00000e-20
 162.8000000       5.00000e-20       5.00000e-20
 162.9000000       5.00000e-20       5.00000e-20
 163.0000000       5.00000e-20       5.00000e-20
 163.1000000       5.00000e-20       5.00000e-20
 163.2000000       5.00000e-20       5.00000e-20
 163.3000000       5.00000e-20       5.00000e-20
 163.4000000       5.00000e-20       5.00000e-20
 163.5000000       5.00000e-20       5.00000e-20
 163.6000000       5.00000e-20       5.00000e-20
 163.7000000       5.00000e-20       5.00000e-20
 163.8000000       5.00000e-20       5.00000e-20
 163.9000000       5.00000e-20       5.00000e-20
 164.0000000       5.00000e-20       5.00000e-20
 164.1000000       5.00000e-20       5.00000e-20
 164.2000000       5.00000e-20       5.00000e-20
 164.3000000       5.00000e-20       5.00000e-20
 164.4000000       5.00000e-20       5.00000e-20
 164.5000000       5.00000e-20       5.00000e-20
 164.6000000       5.00000e-20       5.00000e-20
 164.7000000       5.00000e-20       5.00000e-20
 164.8000000       5.00000e-20       5.00000e-20
 164.9000000       5.00000e-20       5.00000e-20
 165.0000000       5.00000e-20       5.00000e-20
 165.1000000       5.00000e-20       5.00000e-20
 165.2000000       5.00000e-20       5.00000e-20
 165.3000000       5.00000e-20       5.00000e-20
 165.4000000       5.00000e-20       5.00000e-20
 165.5000000       5.00000e-20       5.00000e-20
 165.6000000       5.00000e-20       5.00000e-20
 165.7000000       5.00000e-20       5.00000e-20
 165.8000000       5.00000e-20       5.00000e-20
 165.9000000       5.00000e-20       5.00000e-20
 166.0000000       5.00000e-20       5.00000e-20
 166.1000000       5.00000e-20       5.00000e-20
 166.2000000       5.00000e-20       5.00000e-20
 166.3000000       5.00000e-20       5.00000e-20
 166.4000000       5.00000e-20       5.00000e-20
 166.5000000       5.00000e-20       5.00000e-20
 166.6000000       5.00000e-20       5.00000e-20
 166.7000000       5.00000e-20       5.00000e-20
 166.8000000       5.00000e-20       5.00000e-20
 166.9000000       5.00000e-20       5.00000e-20
 167.0000000       5.00000e-20       5.00000e-20
 167.1000000       5.00000e-20       5.00000e-20
 167.2000000       5.00000e-20       5.00000e-20
 167.3000000       5.00000e-20       5.00000e-20
 167.4000000       5.00000e-20       5.00000e-20
 167.5000000       5.00000e-20       5.00000e-20
 167.6000000       5.00000e-20       5.00000e-20
 167.7000000       5.00000e-20       5.00000e-20
 167.8000000       5.00000e-20       5.00000e-20
 167.9000000       5.00000e-20       5.00000e-20
 168.0000000       5.00000e-20       5.00000e-20
 168.1000000       5.00000e-20       5.00000e-20
 168.2000000       5.00000e-20       5.00000e-20
 168.3000000       5.00000e-20       5.00000e-20
 168.4000000       5.00000e-20       5.00000e-20
 168.5000000       5.00000e-20       5.00000e-20
 168.6000000       5.00000e-20       5.00000e-20
 168.7000000       5.00000e-20       5.00000e-20
 168.8000000       5.00000e-20       5.00000e-20
 168.9000000       5.00000e-20       5.00000e-20
 169.0000000       5.00000e-20       5.00000e-20
 169.1000000       5.00000e-20       5.00000e-20
 169.2000000       5.00000e-20       5.00000e-20
 169.3000000       5.00000e-20       5.00000e-20
 169.4000000       5.00000e-20       5.00000e-20
 169.5000000       5.00000e-20       5.00000e-20
 169.6000000       5.00000e-20       5.00000e-20
 169.7000000       5.00000e-20       5.00000e-20
 169.8000000       5.00000e-20       5.00000e-20
 169.9000000       5.00000e-20       5.00000e-20
 170.0000000       5.00000e-20       5.00000e-20
 170.1000000       5.00000e-20       5.00000e-20
 170.2000000       5.00000e-20       5.00000e-20
 170.3000000       5.00000e-20       5.00000e-20
 170.4000000       5.00000e-20       5.00000e-20
 170.5000000       5.00000e-20       5.00000e-20
 170.6000000       5.00000e-20       5.00000e-20
 170.7000000       5.00000e-20       5.00000e-20
 170.8000000       5.00000e-20       5.00000e-20
 170.9000000       5.00000e-20       5.00000e-20
 171.0000000       5.00000e-20       5.00000e-20
 171.1000000       5.00000e-20       5.00000e-20
 171.2000000       5.00000e-20       5.00000e-20
 171.3000000       5.00000e-20       5.00000e-20
 171.4000000       5.00000e-20       5.00000e-20
 171.5000000       5.00000e-20       5.00000e-20
 171.6000000       5.00000e-20       5.00000e-20
 171.7000000       5.00000e-20       5.00000e-20
 171.8000000       5.00000e-20       5.00000e-20
 171.9000000       5.00000e-20       5.00000e-20
 172.0000000       5.00000e-20       5.00000e-20
 172.1000000       5.00000e-20       5.00000e-20
 172.2000000       5.00000e-20       5.00000e-20
 172.3000000       5.00000e-20       5.00000e-20
 172.4000000       5.00000e-20       5.00000e-20
 172.5000000       5.00000e-20       5.00000e-20
 172.6000000       5.00000e-20       5.00000e-20
 172.7000000       5.00000e-20       5.00000e-20
 172.8000000       5.00000e-20       5.00000e-20
 172.9000000       5.00000e-20       5.00000e-20
 173.0000000       5.00000e-20       5.00000e-20
 173.1000000       5.00000e-20       5.00000e-20
 173.2000000       5.00000e-20       5.00000e-20
 173.3000000       5.00000e-20       5.00000e-20
 173.4000000       5.00000e-20       5.00000e-20
 173.5000000       5.00000e-20       5.00000e-20
 173.6000000       5.00000e-20       5.00000e-20
 173.7000000       5.00000e-20       5.00000e-20
 173.8000000       5.00000e-20       5.00000e-20
 173.9000000       5.00000e-20       5.00000e-20
 174.0000000       5.00000e-20       5.00000e-20
 174.1000000       5.00000e-20       5.00000e-20
 174.2000000       5.00000e-20       5.00000e-20
 174.3000000       5.00000e-20       5.00000e-20
 174.4000000       5.00000e-20       5.00000e-20
 174.5000000       5.00000e-20       5.00000e-20
 174.6000000       5.00000e-20       5.00000e-20
 174.7000000       5.00000e-20       5.00000e-20
 174.8000000       5.00000e-20       5.00000e-20
 174.9000000       5.00000e-20       5.00000e-20
 175.0000000       5.00000e-20       5.00000e-20
 175.1000000       5.00000e-20       5.00000e-20
 175.2000000       5.00000e-20       5.00000e-20
 175.3000000       5.00000e-20       5.00000e-20
 175.4000000       5.00000e-20       5.00000e-20
 175.5000000       5.00000e-20       5.00000e-20
 175.6000000       5.00000e-20       5.00000e-20
 175.7000000       5.00000e-20       5.00000e-20
 175.8000000       5.00000e-20       5.00000e-20
 175.9000000       5.00000e-20       5.00000e-20
 176.0000000       5.00000e-20       5.00000e-20
 176.1000000       5.00000e-20       5.00000e-20
 176.2000000       5.00000e-20       5.00000e-20
 176.3000000       5.00000e-20       5.00000e-20
 176.4000000       5.00000e-20       5.00000e-20
 176.5000000       5.00000e-20       5.00000e-20
 176.6000000       5.00000e-20       5.00000e-20
 176.7000000       5.00000e-20       5.00000e-20
 176.8000000       5.00000e-20       5.00000e-20
 176.9000000       5.00000e-20       5.00000e-20
 177.0000000       5.00000e-20       5.00000e-20
 177.1000000       5.00000e-20       5.00000e-20
 177.2000000       5.00000e-20       5.00000e-20
 177.3000000       5.00000e-20       5.00000e-20
 177.4000000       5.00000e-20       5.00000e-20
 177.5000000       5.00000e-20       5.00000e-20
 177.6000000       5.00000e-20       5.00000e-20
 177.7000000       5.00000e-20       5.00000e-20
 177.8000000       5.09853e-20       5.09853e-20
 177.9000000       8.59510e-20       8.59510e-20
 178.0000000       1.87541e-19       1.87541e-19
 178.1000000       3.99227e-19       3.99227e-19
 178.2000000       8.04525e-19       8.04525e-19
 178.3000000       1.53482e-18       1.53482e-18
 178.4000000       2.77190e-18       2.77190e-18
 178.5000000       4.73920e-18       4.73920e-18
 178.6000000       7.67084e-18       7.67084e-18
 178.7000000       1.17543e-17       1.17543e-17
 178.8000000       1.70518e-17       1.70518e-17
 178.9000000       2.34193e-17       2.34193e-17
 179.0000000       3.04523e-17       3.04523e-17
 179.1000000       3.74915e-17       3.74915e-17
 179.2000000       4.37085e-17       4.37085e-17
 179.3000000       4.82655e-17       4.82655e-17
 179.4000000       5.05152e-17       5.05152e-17
 179.5000000       5.01832e-17       5.01832e-17
 179.6000000       4.74816e-17       4.74816e-17
 179.7000000       4.31212e-17       4.31212e-17
 179.8000000       3.82276e-17       3.82276e-17
 179.9000000       3.41926e-17       3.41926e-17
 180.0000000       3.24985e-17       3.24985e-17
 180.1000000       3.45373e-17       3.45373e-17
 180.2000000       4.14207e-17       4.14207e-17
 180.3000000       5.37703e-17       5.37703e-17
 180.4000000       7.14929e-17       7.14929e-17
 180.5000000       9.35885e-17       9.35885e-17
 180.6000000       1.18079e-16       1.18079e-16
 180.7000000       1.42151e-16       1.42151e-16
 180.8000000       1.62565e-16       1.62565e-16
 180.9000000       1.76265e-16       1.76265e-16
 181.0000000       1.81057e-16       1.81057e-16
 181.1000000       1.76127e-16       1.76127e-16
 181.2000000       1.62231e-16       1.62231e-16
 181.3000000       1.41488e-16       1.41488e-16
 181.4000000       1.16835e-16       1.16835e-16
 181.5000000       9.13462e-17       9.13462e-17
 181.6000000       6.76198e-17       6.76198e-17
 181.7000000       4.73941e-17       4.73941e-17
 181.8000000       3.14516e-17       3.14516e-17
 181.9000000       1.97620e-17       1.97620e-17
 182.0000000       1.17568e-17       1.17568e-17
 182.1000000       6.62243e-18       6.62243e-18
 182.2000000       3.53198e-18       3.53198e-18
 182.3000000       1.78356e-18       1.78356e-18
 182.4000000       8.52766e-19       8.52766e-19
 182.5000000       3.86046e-19       3.86046e-19
 182.6000000       1.65561e-19       1.65561e-19
 182.7000000       7.08632e-20       7.08632e-20
 182.8000000       5.00000e-20       5.00000e-20
 182.9000000       5.00000e-20       5.00000e-20
 183.0000000       5.00000e-20       5.00000e-20
 183.1000000       5.00000e-20       5.00000e-20
 183.2000000       5.00000e-20       5.00000e-20
 183.3000000       5.00000e-20       5.00000e-20
 183.4000000       5.00000e-20       5.00000e-20
 183.5000000       5.00000e-20       5.00000e-20
 183.6000000       5.00000e-20       5.00000e-20
 183.7000000       5.00000e-20       5.00000e-20
 183.8000000       5.00000e-20       5.00000e-20
 183.9000000       5.00000e-20       5.00000e-20
 184.0000000       5.00000e-20       5.00000e-20
 184.1000000       5.00000e-20       5.00000e-20
 184.2000000       5.00000e-20       5.00000e-20
 184.3000000       5.00000e-20       5.00000e-20
 184.4000000       5.00000e-20       5.00000e-20
 184.5000000       5.00000e-20       5.00000e-20
 184.6000000       5.00000e-20       5.00000e-20
 184.7000000       5.05899e-20       5.05899e-20
 184.8000000       7.09432e-20       7.09432e-20
 184.9000000       1.10838e-19       1.10838e-19
 185.0000000       1.67680e-19       1.67680e-19
 185.1000000       2.46277e-19       2.46277e-19
 185.2000000       3.54201e-19       3.54201e-19
 185.3000000       5.03135e-19       5.03135e-19
 185.4000000       7.10476e-19       7.10476e-19
 185.5000000       9.99691e-19       9.99691e-19
 185.6000000       1.39795e-18       1.39795e-18
 185.7000000       1.92986e-18       1.92986e-18
 185.8000000       2.60753e-18       2.60753e-18
 185.9000000       3.41893e-18       3.41893e-18
 186.0000000       4.31880e-18       4.31880e-18
 186.1000000       5.22686e-18       5.22686e-18
 186.2000000       6.03666e-18       6.03666e-18
 186.3000000       6.63506e-18       6.63506e-18
 186.4000000       6.92781e-18       6.92781e-18
 186.5000000       6.86329e-18       6.86329e-18
 186.6000000       6.44644e-18       6.44644e-18
 186.7000000       5.73781e-18       5.73781e-18
 186.8000000       4.83809e-18       4.83809e-18
 186.9000000       3.86383e-18       3.86383e-18
 187.0000000       2.92229e-18       2.92229e-18
 187.1000000       2.09294e-18       2.09294e-18
 187.2000000       1.41938e-18       1.41938e-18
 187.3000000       9.11453e-19       9.11453e-19
 187.4000000       5.54187e-19       5.54187e-19
 187.5000000       3.19050e-19       3.19050e-19
 187.6000000       1.73916e-19       1.73916e-19
 187.7000000       9.01087e-20       9.01087e-20
 187.8000000       5.59942e-20       5.59942e-20
 187.9000000       5.00000e-20       5.00000e-20
 188.0000000       5.00000e-20       5.00000e-20
 188.1000000       5.00000e-20       5.00000e-20
 188.2000000       5.00000e-20       5.00000e-20
 188.3000000       5.00000e-20       5.00000e-20
 188.4000000       5.00000e-20       5.00000e-20
 188.5000000       5.00000e-20       5.00000e-20
 188.6000000       5.00000e-20       5.00000e-20
 188.7000000       5.00000e-20       5.00000e-20
 188.8000000       5.00000e-20       5.00000e-20
 188.9000000       5.00000e-20       5.00000e-20
 189.0000000       5.00000e-20       5.00000e-20
 189.1000000       5.00000e-20       5.00000e-20
 189.2000000       5.00000e-20       5.00000e-20
 189.3000000       5.00000e-20       5.00000e-20
 189.4000000       5.00000e-20       5.00000e-20
 189.5000000       5.00000e-20       5.00000e-20
 189.6000000       5.00000e-20       5.00000e-20
 189.7000000       5.00000e-20       5.00000e-20
 189.8000000       5.00000e-20       5.00000e-20
 189.9000000       5.00000e-20       5.00000e-20
 190.0000000       5.00000e-20       5.00000e-20
 190.1000000       5.00000e-20       5.00000e-20
 190.2000000       5.00000e-20       5.00000e-20
 190.3000000       5.00000e-20       5.00000e-20
 190.4000000       5.00000e-20       5.00000e-20
 190.5000000       5.00000e-20       5.00000e-20
 190.6000000       5.00000e-20       5.00000e-20
 190.7000000       5.00000e-20       5.00000e-20
 190.8000000       5.00000e-20       5.00000e-20
 190.9000000       5.00000e-20       5.00000e-20
 191.0000000       5.00000e-20       5.00000e-20
 191.1000000       5.00000e-20       5.00000e-20
 191.2000000       5.00000e-20       5.00000e-20
 191.3000000       5.00000e-20       5.00000e-20
 191.4000000       5.00000e-20       5.00000e-20
 191.5000000       5.00000e-20       5.00000e-20
 191.6000000       5.00000e-20       5.00000e-20
 191.7000000       5.00000e-20       5.00000e-20
 191.8000000       5.00000e-20       5.00000e-20
 191.9000000       5.00000e-20       5.00000e-20
 192.0000000       5.00000e-20       5.00000e-20
 192.1000000       5.00000e-20       5.00000e-20
 192.2000000       5.00000e-20       5.00000e-20
 192.3000000       5.00000e-20       5.00000e-20
 192.4000000       5.00000e-20       5.00000e-20
 192.5000000       5.00000e-20       5.00000e-20
 192.6000000       5.00000e-20       5.00000e-20
 192.7000000       5.00000e-20       5.00000e-20
 192.8000000       5.00000e-20       5.00000e-20
 192.9000000       5.00000e-20       5.00000e-20
 193.0000000       5.00000e-20       5.00000e-20
 193.1000000       5.00000e-20       5.00000e-20
 193.2000000       5.00000e-20       5.00000e-20
 193.3000000       5.00000e-20       5.00000e-20
 193.4000000       5.00000e-20       5.00000e-20
 193.5000000       5.00000e-20       5.00000e-20
 193.6000000       5.00000e-20       5.00000e-20
 193.7000000       5.00000e-20       5.00000e-20
 193.8000000       5.00000e-20       5.00000e-20
 193.9000000       5.00000e-20       5.00000e-20
 194.0000000       5.00000e-20       5.00000e-20
 194.1000000       5.00000e-20       5.00000e-20
 194.2000000       5.00000e-20       5.00000e-20
 194.3000000       5.00000e-20       5.00000e-20
 194.4000000       5.00000e-20       5.00000e-20
 194.5000000       5.00000e-20       5.00000e-20
 194.6000000       5.00000e-20       5.00000e-20
 194.7000000       5.00000e-20       5.00000e-20
 194.8000000       5.00000e-20       5.00000e-20
 194.9000000       5.00000e-20       5.00000e-20
 195.0000000       5.00000e-20       5.00000e-20
 195.1000000       5.00000e-20       5.00000e-20
 195.2000000       5.00000e-20       5.00000e-20
 195.3000000       5.00000e-20       5.00000e-20
 195.4000000       5.00000e-20       5.00000e-20
 195.5000000       5.00000e-20       5.00000e-20
 195.6000000       5.17818e-20       5.17818e-20
 195.7000000       6.46673e-20       6.46673e-20
 195.8000000       9.54103e-20       9.54103e-20
 195.9000000       1.35393e-19       1.35393e-19
 196.0000000       1.81910e-19       1.81910e-19
 196.1000000       2.31406e-19       2.31406e-19
 196.2000000       2.78705e-19       2.78705e-19
 196.3000000       3.17810e-19       3.17810e-19
 196.4000000       3.43114e-19       3.43114e-19
 196.5000000       3.50717e-19       3.50717e-19
 196.6000000       3.39406e-19       3.39406e-19
 196.7000000       3.10975e-19       3.10975e-19
 196.8000000       2.69758e-19       2.69758e-19
 196.9000000       2.21545e-19       2.21545e-19
 197.0000000       1.72262e-19       1.72262e-19
 197.1000000       1.26811e-19       1.26811e-19
 197.2000000       8.83813e-20       8.83813e-20
 197.3000000       6.05884e-20       6.05884e-20
 197.4000000       5.07919e-20       5.07919e-20
 197.5000000       5.00000e-20       5.00000e-20
 197.6000000       5.00000e-20       5.00000e-20
 197.7000000       5.00000e-20       5.00000e-20
 197.8000000       5.00000e-20       5.00000e-20
 197.9000000       5.00000e-20       5.00000e-20
 198.0000000       5.00000e-20       5.00000e-20
 198.1000000       5.00000e-20       5.00000e-20
 198.2000000       5.00000e-20       5.00000e-20
 198.3000000       5.00000e-20       5.00000e-20
 198.4000000       5.00000e-20       5.00000e-20
 198.5000000       5.00000e-20       5.00000e-20
 198.6000000       5.00000e-20       5.00000e-20
 198.7000000       5.00000e-20       5.00000e-20
 198.8000000       5.00000e-20       5.00000e-20
 198.9000000       5.00000e-20       5.00000e-20
 199.0000000       5.00000e-20       5.00000e-20
 199.1000000       5.00000e-20       5.00000e-20
 199.2000000       5.00000e-20       5.00000e-20
 199.3000000       5.00000e-20       5.00000e-20
 199.4000000       5.00000e-20       5.00000e-20
 199.5000000       5.00000e-20       5.00000e-20
 199.6000000       5.00000e-20       5.00000e-20
 199.7000000       5.00000e-20       5.00000e-20
 199.8000000       5.00000e-20       5.00000e-20
 199.9000000       5.00000e-20       5.00000e-20
 200.0000000       5.00000e-20       5.00000e-20
 200.1000000       5.00000e-20       5.00000e-20
 200.2000000       5.00000e-20       5.00000e-20
 200.3000000       5.00000e-20       5.00000e-20
 200.4000000       5.00000e-20       5.00000e-20
 200.5000000       5.00000e-20       5.00000e-20
 200.6000000       5.00000e-20       5.00000e-20
 200.7000000       5.00000e-20       5.00000e-20
 200.8000000       5.00000e-20       5.00000e-20
 200.9000000       5.00000e-20       5.00000e-20
 201.0000000       5.00000e-20       5.00000e-20
 201.1000000       5.00000e-20       5.00000e-20
 201.2000000       5.00000e-20       5.00000e-20
 201.3000000       5.00000e-20       5.00000e-20
 201.4000000       5.00000e-20       5.00000e-20
 201.5000000       5.00000e-20       5.00000e-20
 201.6000000       5.00000e-20       5.00000e-20
 201.7000000       5.00000e-20       5.00000e-20
 201.8000000       5.00000e-20       5.00000e-20
 201.9000000       5.00000e-20       5.00000e-20
 202.0000000       5.00000e-20       5.00000e-20
 202.1000000       5.00000e-20       5.00000e-20
 202.2000000       5.00000e-20       5.00000e-20
 202.3000000       5.00000e-20       5.00000e-20
 202.4000000       5.00000e-20       5.00000e-20
 202.5000000       5.00000e-20       5.00000e-20
 202.6000000       5.00000e-20       5.00000e-20
 202.7000000       5.00000e-20       5.00000e-20
 202.8000000       5.00000e-20       5.00000e-20
 202.9000000       5.00000e-20       5.00000e-20
 203.0000000       5.00000e-20       5.00000e-20
 203.1000000       5.00000e-20       5.00000e-20
 203.2000000       5.00000e-20       5.00000e-20
 203.3000000       5.00000e-20       5.00000e-20
 203.4000000       5.00000e-20       5.00000e-20
 203.5000000       5.00000e-20       5.00000e-20
 203.6000000       5.00000e-20       5.00000e-20
 203.7000000       5.00000e-20       5.00000e-20
 203.8000000       5.00000e-20       5.00000e-20
 203.9000000       5.00000e-20       5.00000e-20
 204.0000000       5.00000e-20       5.00000e-20
 204.1000000       5.00000e-20       5.00000e-20
 204.2000000       5.00000e-20       5.00000e-20
 204.3000000       5.00000e-20       5.00000e-20
 204.4000000       5.00000e-20       5.00000e-20
 204.5000000       5.00000e-20       5.00000e-20
 204.6000000       5.00000e-20       5.00000e-20
 204.7000000       5.00000e-20       5.00000e-20
 204.8000000       5.00000e-20       5.00000e-20
 204.9000000       5.00000e-20       5.00000e-20
 205.0000000       5.00000e-20       5.00000e-20
 205.1000000       5.00000e-20       5.00000e-20
 205.2000000       5.00000e-20       5.00000e-20
 205.3000000       5.00000e-20       5.00000e-20
 205.4000000       5.00000e-20       5.00000e-20
 205.5000000       5.00000e-20       5.00000e-20
 205.6000000       5.00000e-20       5.00000e-20
 205.7000000       5.00000e-20       5.00000e-20
 205.8000000       5.00000e-20       5.00000e-20
 205.9000000       5.00000e-20       5.00000e-20
 206.0000000       5.00000e-20       5.00000e-20
 206.1000000       5.00000e-20       5.00000e-20
 206.2000000       5.00000e-20       5.00000e-20
 206.3000000       5.00000e-20       5.00000e-20
 206.4000000       5.00000e-20       5.00000e-20
 206.5000000       5.00000e-20       5.00000e-20
 206.6000000       5.00000e-20       5.00000e-20
 206.7000000       5.00000e-20       5.00000e-20
 206.8000000       5.00000e-20       5.00000e-20
 206.9000000       5.00000e-20       5.00000e-20
 207.0000000       5.00000e-20       5.00000e-20
 207.1000000       5.00000e-20       5.00000e-20
 207.2000000       5.00000e-20       5.00000e-20
 207.3000000       5.00000e-20       5.00000e-20
 207.4000000       5.00000e-20       5.00000e-20
 207.5000000       5.00000e-20       5.00000e-20
 207.6000000       5.00000e-20       5.00000e-20
 207.7000000       5.00000e-20       5.00000e-20
 207.8000000       5.00000e-20       5.00000e-20
 207.9000000       5.00000e-20       5.00000e-20
 208.0000000       5.00000e-20       5.00000e-20
 208.1000000       5.00000e-20       5.00000e-20
 208.2000000       5.00000e-20       5.00000e-20
 208.3000000       5.00000e-20       5.00000e-20
 208.4000000       5.00000e-20       5.00000e-20
 208.5000000       5.00000e-20       5.00000e-20
 208.6000000       5.00000e-20       5.00000e-20
 208.7000000       5.00000e-20       5.00000e-20
 208.8000000       5.00000e-20       5.00000e-20
 208.9000000       5.00000e-20       5.00000e-20
 209.0000000       5.00000e-20       5.00000e-20
 209.1000000       5.00000e-20       5.00000e-20
 209.2000000       5.00000e-20       5.00000e-20
 209.3000000       5.00000e-20       5.00000e-20
 209.4000000       5.00000e-20       5.00000e-20
 209.5000000       5.00000e-20       5.00000e-20
 209.6000000       5.00000e-20       5.00000e-20
 209.7000000       5.00000e-20       5.00000e-20
 209.8000000       5.00000e-20       5.00000e-20
 209.9000000       5.00000e-20       5.00000e-20
 210.0000000       5.00000e-20       5.00000e-20
 210.1000000       5.00000e-20       5.00000e-20
 210.2000000       5.00000e-20       5.00000e-20
 210.3000000       5.00000e-20       5.00000e-20
 210.4000000       5.00000e-20       5.00000e-20
 210.5000000       5.00000e-20       5.00000e-20
 210.6000000       5.00000e-20       5.00000e-20
 210.7000000       5.00000e-20       5.00000e-20
 210.8000000       5.00000e-20       5.00000e-20
 210.9000000       5.00000e-20       5.00000e-20
 211.0000000       5.00000e-20       5.00000e-20
 211.1000000       5.00000e-20       5.00000e-20
 211.2000000       5.00000e-20       5.00000e-20
 211.3000000       5.00000e-20       5.00000e-20
 211.4000000       5.00000e-20       5.00000e-20
 211.5000000       5.00000e-20       5.00000e-20
 211.6000000       5.00000e-20       5.00000e-20
 211.7000000       5.00000e-20       5.00000e-20
 211.8000000       5.00000e-20       5.00000e-20
 211.9000000       5.00000e-20       5.00000e-20
 212.0000000       5.00000e-20       5.00000e-20
 212.1000000       5.00000e-20       5.00000e-20
 212.2000000       5.00000e-20       5.00000e-20
 212.3000000       5.00000e-20       5.00000e-20
 212.4000000       5.00000e-20       5.00000e-20
 212.5000000       5.00000e-20       5.00000e-20
 212.6000000       5.00000e-20       5.00000e-20
 212.7000000       5.00000e-20       5.00000e-20
 212.8000000       5.00000e-20       5.00000e-20
 212.9000000       5.00000e-20       5.00000e-20
 213.0000000       5.00000e-20       5.00000e-20
 213.1000000       5.00000e-20       5.00000e-20
 213.2000000       5.00000e-20       5.00000e-20
 213.3000000       5.00000e-20       5.00000e-20
 213.4000000       5.00000e-20       5.00000e-20
 213.5000000       5.00000e-20       5.00000e-20
 213.6000000       5.00000e-20       5.00000e-20
 213.7000000       5.00000e-20       5.00000e-20
 213.8000000       5.00000e-20       5.00000e-20
 213.9000000       5.00000e-20       5.00000e-20
 214.0000000       5.00000e-20       5.00000e-20
 214.1000000       5.00000e-20       5.00000e-20
 214.2000000       5.00000e-20       5.00000e-20
 214.3000000       5.00000e-20       5.00000e-20
 214.4000000       5.00000e-20       5.00000e-20
 214.5000000       5.00000e-20       5.00000e-20
 214.6000000       5.00000e-20       5.00000e-20
 214.7000000       5.00000e-20       5.00000e-20
 214.8000000       5.00000e-20       5.00000e-20
 214.9000000       5.00000e-20       5.00000e-20
 215.0000000       5.00000e-20       5.00000e-20
 215.1000000       5.00000e-20       5.00000e-20
 215.2000000       5.00000e-20       5.00000e-20
 215.3000000       5.00000e-20       5.00000e-20
 215.4000000       5.00000e-20       5.00000e-20
 215.5000000       5.00000e-20       5.00000e-20
 215.6000000       5.00000e-20       5.00000e-20
 215.7000000       5.00000e-20       5.00000e-20
 215.8000000       5.00000e-20       5.00000e-20
 215.9000000       5.00000e-20       5.00000e-20
 216.0000000       5.00000e-20       5.00000e-20
 216.1000000       5.00000e-20       5.00000e-20
 216.2000000       5.00000e-20       5.00000e-20
 216.3000000       5.00000e-20       5.00000e-20
 216.4000000       5.00000e-20       5.00000e-20
 216.5000000       5.00000e-20       5.00000e-20
 216.6000000       5.00000e-20       5.00000e-20
 216.7000000       5.00000e-20       5.00000e-20
 216.8000000       5.00000e-20       5.00000e-20
 216.9000000       5.00000e-20       5.00000e-20
 217.0000000       5.00000e-20       5.00000e-20
 217.1000000       5.00000e-20       5.00000e-20
 217.2000000       5.00000e-20       5.00000e-20
 217.3000000       5.00000e-20       5.00000e-20
 217.4000000       5.00000e-20       5.00000e-20
 217.5000000       5.00000e-20       5.00000e-20
 217.6000000       5.00000e-20       5.00000e-20
 217.7000000       5.00000e-20       5.00000e-20
 217.8000000       5.00000e-20       5.00000e-20
 217.9000000       5.00000e-20       5.00000e-20
 218.0000000       5.00000e-20       5.00000e-20
 218.1000000       5.00000e-20       5.00000e-20
 218.2000000       5.00000e-20       5.00000e-20
 218.3000000       5.00000e-20       5.00000e-20
 218.4000000       5.00000e-20       5.00000e-20
 218.5000000       5.00000e-20       5.00000e-20
 218.6000000       5.00000e-20       5.00000e-20
 218.7000000       5.00000e-20       5.00000e-20
 218.8000000       5.00000e-20       5.00000e-20
 218.9000000       5.00000e-20       5.00000e-20
 219.0000000       5.00000e-20       5.00000e-20
 219.1000000       5.00000e-20       5.00000e-20
 219.2000000       5.00000e-20       5.00000e-20
 219.3000000       5.00000e-20       5.00000e-20
 219.4000000       5.00000e-20       5.00000e-20
 219.5000000       5.00000e-20       5.00000e-20
 219.6000000       5.00000e-20       5.00000e-20
 219.7000000       5.00000e-20       5.00000e-20
 219.8000000       5.00000e-20       5.00000e-20
 219.9000000       5.00000e-20       5.00000e-20
 220.0000000       5.00000e-20       5.00000e-20
 220.1000000       5.00000e-20       5.00000e-20
 220.2000000       5.00000e-20       5.00000e-20
 220.3000000       5.00000e-20       5.00000e-20
 220.4000000       5.00000e-20       5.00000e-20
 220.5000000       5.00000e-20       5.00000e-20
 220.6000000       5.00000e-20       5.00000e-20
 220.7000000       5.00000e-20       5.00000e-20
 220.8000000       5.00000e-20       5.00000e-20
 220.9000000       5.00000e-20       5.00000e-20
 221.0000000       5.00000e-20       5.00000e-20
 221.1000000       5.00000e-20       5.00000e-20
 221.2000000       5.00000e-20       5.00000e-20
 221.3000000       5.00000e-20       5.00000e-20
 221.4000000       5.00000e-20       5.00000e-20
 221.5000000       5.00000e-20       5.00000e-20
 221.6000000       5.00000e-20       5.00000e-20
 221.7000000       5.00000e-20       5.00000e-20
 221.8000000       5.00000e-20       5.00000e-20
 221.9000000       5.00000e-20       5.00000e-20
 222.0000000       5.00000e-20       5.00000e-20
 222.1000000       5.00000e-20       5.00000e-20
 222.2000000       5.00000e-20       5.00000e-20
 222.3000000       5.00000e-20       5.00000e-20
 222.4000000       5.00000e-20       5.00000e-20
 222.5000000       5.00000e-20       5.00000e-20
 222.6000000       5.00000e-20       5.00000e-20
 222.7000000       5.00000e-20       5.00000e-20
 222.8000000       5.00000e-20       5.00000e-20
 222.9000000       5.00000e-20       5.00000e-20
 223.0000000       5.00000e-20       5.00000e-20
 223.1000000       5.00000e-20       5.00000e-20
 223.2000000       5.00000e-20       5.00000e-20
 223.3000000       5.00000e-20       5.00000e-20
 223.4000000       5.00000e-20       5.00000e-20
 223.5000000       5.00000e-20       5.00000e-20
 223.6000000       5.00000e-20       5.00000e-20
 223.7000000       5.00000e-20       5.00000e-20
 223.8000000       5.00000e-20       5.00000e-20
 223.9000000       5.00000e-20       5.00000e-20
 224.0000000       5.00000e-20       5.00000e-20
 224.1000000       5.00000e-20       5.00000e-20
 224.2000000       5.00000e-20       5.00000e-20
 224.3000000       5.00000e-20       5.00000e-20
 224.4000000       5.00000e-20       5.00000e-20
 224.5000000       5.00000e-20       5.00000e-20
 224.6000000       5.00000e-20       5.00000e-20
 224.7000000       5.00000e-20       5.00000e-20
 224.8000000       5.00000e-20       5.00000e-20
 224.9000000       5.00000e-20       5.00000e-20
 225.0000000       5.00000e-20       5.00000e-20
 225.1000000       5.00000e-20       5.00000e-20
 225.2000000       5.00000e-20       5.00000e-20
 225.3000000       5.00000e-20       5.00000e-20
 225.4000000       5.00000e-20       5.00000e-20
 225.5000000       5.00000e-20       5.00000e-20
 225.6000000       5.00000e-20       5.00000e-20
 225.7000000       5.00000e-20       5.00000e-20
 225.8000000       5.00000e-20       5.00000e-20
 225.9000000       5.00000e-20       5.00000e-20
 226.0000000       5.00000e-20       5.00000e-20
 226.1000000       5.00000e-20       5.00000e-20
 226.2000000       5.00000e-20       5.00000e-20
 226.3000000       5.00000e-20       5.00000e-20
 226.4000000       5.00000e-20       5.00000e-20
 226.5000000       5.00000e-20       5.00000e-20
 226.6000000       5.00000e-20       5.00000e-20
 226.7000000       5.00000e-20       5.00000e-20
 226.8000000       5.00000e-20       5.00000e-20
 226.9000000       5.00000e-20       5.00000e-20
 227.0000000       5.00000e-20       5.00000e-20
 227.1000000       5.00000e-20       5.00000e-20
 227.2000000       5.00000e-20       5.00000e-20
 227.3000000       5.00000e-20       5.00000e-20
 227.4000000       5.00000e-20       5.00000e-20
 227.5000000       5.00000e-20       5.00000e-20
 227.6000000       5.00000e-20       5.00000e-20
 227.7000000       5.00000e-20       5.00000e-20
 227.8000000       5.00000e-20       5.00000e-20
 227.9000000       5.00000e-20       5.00000e-20
 228.0000000       5.00000e-20       5.00000e-20
 228.1000000       5.00000e-20       5.00000e-20
 228.2000000       5.00000e-20       5.00000e-20
 228.3000000       5.00000e-20       5.00000e-20
 228.4000000       5.00000e-20       5.00000e-20
 228.5000000       5.00000e-20       5.00000e-20
 228.6000000       5.00000e-20       5.00000e-20
 228.7000000       5.00000e-20       5.00000e-20
 228.8000000       5.00000e-20       5.00000e-20
 228.9000000       5.00000e-20       5.00000e-20
 229.0000000       5.00000e-20       5.00000e-20
 229.1000000       5.00000e-20       5.00000e-20
 229.2000000       5.00000e-20       5.00000e-20
 229.3000000       5.00000e-20       5.00000e-20
 229.4000000       5.00000e-20       5.00000e-20
 229.5000000       5.00000e-20       5.00000e-20
 229.6000000       5.00000e-20       5.00000e-20
 229.7000000       5.00000e-20       5.00000e-20
 229.8000000       5.00000e-20       5.00000e-20
 229.9000000       5.00000e-20       5.00000e-20
 230.0000000       5.00000e-20       5.00000e-20
 230.1000000       5.00000e-20       5.00000e-20
 230.2000000       5.00000e-20       5.00000e-20
 230.3000000       5.00000e-20       5.00000e-20
 230.4000000       5.00000e-20       5.00000e-20
 230.5000000       5.00000e-20       5.00000e-20
 230.6000000       5.00000e-20       5.00000e-20
 230.7000000       5.00000e-20       5.00000e-20
 230.8000000       5.00000e-20       5.00000e-20
 230.9000000       5.00000e-20       5.00000e-20
 231.0000000       5.00000e-20       5.00000e-20
 231.1000000       5.00000e-20       5.00000e-20
 231.2000000       5.00000e-20       5.00000e-20
 231.3000000       5.00000e-20       5.00000e-20
 231.4000000       5.00000e-20       5.00000e-20
 231.5000000       5.00000e-20       5.00000e-20
 231.6000000       5.00000e-20       5.00000e-20
 231.7000000       5.00000e-20       5.00000e-20
 231.8000000       5.00000e-20       5.00000e-20
 231.9000000       5.00000e-20       5.00000e-20
 232.0000000       5.00000e-20       5.00000e-20
 232.1000000       5.00000e-20       5.00000e-20
 232.2000000       5.00000e-20       5.00000e-20
 232.3000000       5.00000e-20       5.00000e-20
 232.4000000       5.00000e-20       5.00000e-20
 232.5000000       5.00000e-20       5.00000e-20
 232.6000000       5.00000e-20       5.00000e-20
 232.7000000       5.00000e-20       5.00000e-20
 232.8000000       5.00000e-20       5.00000e-20
 232.9000000       5.00000e-20       5.00000e-20
 233.0000000       5.00000e-20       5.00000e-20
 233.1000000       5.00000e-20       5.00000e-20
 233.2000000       5.00000e-20       5.00000e-20
 233.3000000       5.00000e-20       5.00000e-20
 233.4000000       5.00000e-20       5.00000e-20
 233.5000000       5.00000e-20       5.00000e-20
 233.6000000       5.00000e-20       5.00000e-20
 233.7000000       5.00000e-20       5.00000e-20
 233.8000000       5.00000e-20       5.00000e-20
 233.9000000       5.00000e-20       5.00000e-20
 234.0000000       5.00000e-20       5.00000e-20
 234.1000000       5.00000e-20       5.00000e-20
 234.2000000       5.00000e-20       5.00000e-20
 234.3000000       5.00000e-20       5.00000e-20
 234.4000000       5.00000e-20       5.00000e-20
 234.5000000       5.00000e-20       5.00000e-20
 234.6000000       5.00000e-20       5.00000e-20
 234.7000000       5.00000e-20       5.00000e-20
 234.8000000       5.00000e-20       5.00000e-20
 234.9000000       5.00000e-20       5.00000e-20
 235.0000000       5.00000e-20       5.00000e-20
 235.1000000       5.00000e-20       5.00000e-20
 235.2000000       5.00000e-20       5.00000e-20
 235.3000000       5.00000e-20       5.00000e-20
 235.4000000       5.00000e-20       5.00000e-20
 235.5000000       5.00000e-20       5.00000e-20
 235.6000000       5.00000e-20       5.00000e-20
 235.7000000       5.00000e-20       5.00000e-20
 235.8000000       5.00000e-20       5.00000e-20
 235.9000000       5.00000e-20       5.00000e-20
 236.0000000       5.00000e-20       5.00000e-20
 236.1000000       5.00000e-20       5.00000e-20
 236.2000000       5.00000e-20       5.00000e-20
 236.3000000       5.00000e-20       5.00000e-20
 236.4000000       5.00000e-20       5.00000e-20
 236.5000000       5.00000e-20       5.00000e-20
 236.6000000       5.00000e-20       5.00000e-20
 236.7000000       5.00000e-20       5.00000e-20
 236.8000000       5.00000e-20       5.00000e-20
 236.9000000       5.00000e-20       5.00000e-20
 237.0000000       5.00000e-20       5.00000e-20
 237.1000000       5.00000e-20       5.00000e-20
 237.2000000       5.00000e-20       5.00000e-20
 237.3000000       5.00000e-20       5.00000e-20
 237.4000000       5.00000e-20       5.00000e-20
 237.5000000       5.00000e-20       5.00000e-20
 237.6000000       5.00000e-20       5.00000e-20
 237.7000000       5.00000e-20       5.00000e-20
 237.8000000       5.00000e-20       5.00000e-20
 237.9000000       5.00000e-20       5.00000e-20
 238.0000000       5.00000e-20       5.00000e-20
 238.1000000       5.00000e-20       5.00000e-20
 238.2000000       5.00000e-20       5.00000e-20
 238.3000000       5.00000e-20       5.00000e-20
 238.4000000       5.00000e-20       5.00000e-20
 238.5000000       5.00000e-20       5.00000e-20
 238.6000000       5.00000e-20       5.00000e-20
 238.7000000       5.00000e-20       5.00000e-20
 238.8000000       5.00000e-20       5.00000e-20
 238.9000000       5.00000e-20       5.00000e-20
 239.0000000       5.00000e-20       5.00000e-20
 239.1000000       5.00000e-20       5.00000e-20
 239.2000000       5.00000e-20       5.00000e-20
 239.3000000       5.00000e-20       5.00000e-20
 239.4000000       5.00000e-20       5.00000e-20
 239.5000000       5.00000e-20       5.00000e-20
 239.6000000       5.00000e-20       5.00000e-20
 239.7000000       5.00000e-20       5.00000e-20
 239.8000000       5.00000e-20       5.00000e-20
 239.9000000       5.00000e-20       5.00000e-20
 240.0000000       5.00000e-20       5.00000e-20
 240.1000000       5.00000e-20       5.00000e-20
 240.2000000       5.00000e-20       5.00000e-20
 240.3000000       5.00000e-20       5.00000e-20
 240.4000000       5.00000e-20       5.00000e-20
 240.5000000       5.00000e-20       5.00000e-20
 240.6000000       5.00000e-20       5.00000e-20
 240.7000000       5.00000e-20       5.00000e-20
 240.8000000       5.00000e-20       5.00000e-20
 240.9000000       5.00000e-20       5.00000e-20
 241.0000000       5.00000e-20       5.00000e-20
 241.1000000       5.00000e-20       5.00000e-20
 241.2000000       5.00000e-20       5.00000e-20
 241.3000000       5.00000e-20       5.00000e-20
 241.4000000       5.00000e-20       5.00000e-20
 241.5000000       5.00000e-20       5.00000e-20
 241.6000000       5.00000e-20       5.00000e-20
 241.7000000       5.00000e-20       5.00000e-20
 241.8000000       5.00000e-20       5.00000e-20
 241.9000000       5.00000e-20       5.00000e-20
 242.0000000       5.00000e-20       5.00000e-20
 242.1000000       5.00000e-20       5.00000e-20
 242.2000000       5.00000e-20       5.00000e-20
 242.3000000       5.00000e-20       5.00000e-20
 242.4000000       5.00000e-20       5.00000e-20
 242.5000000       5.00000e-20       5.00000e-20
 242.6000000       5.00000e-20       5.00000e-20
 242.7000000       5.00000e-20       5.00000e-20
 242.8000000       5.00000e-20       5.00000e-20
 242.9000000       5.00000e-20       5.00000e-20
 243.0000000       5.00000e-20       5.00000e-20
 243.1000000       5.00000e-20       5.00000e-20
 243.2000000       5.00000e-20       5.00000e-20
 243.3000000       5.00000e-20       5.00000e-20
 243.4000000       5.00000e-20       5.00000e-20
 243.5000000       5.00000e-20       5.00000e-20
 243.6000000       5.00000e-20       5.00000e-20
 243.7000000       5.00000e-20       5.00000e-20
 243.8000000       5.00000e-20       5.00000e-20
 243.9000000       5.00000e-20       5.00000e-20
 244.0000000       5.00000e-20       5.00000e-20
 244.1000000       5.00000e-20       5.00000e-20
 244.2000000       5.00000e-20       5.00000e-20
 244.3000000       5.00000e-20       5.00000e-20
 244.4000000       5.00000e-20       5.00000e-20
 244.5000000       5.00000e-20       5.00000e-20
 244.6000000       5.00000e-20       5.00000e-20
 244.7000000       5.00000e-20       5.00000e-20
 244.8000000       5.00000e-20       5.00000e-20
 244.9000000       5.00000e-20       5.00000e-20
 245.0000000       5.00000e-20       5.00000e-20
 245.1000000       5.00000e-20       5.00000e-20
 245.2000000       5.00000e-20       5.00000e-20
 245.3000000       5.00000e-20       5.00000e-20
 245.4000000       5.00000e-20       5.00000e-20
 245.5000000       5.00000e-20       5.00000e-20
 245.6000000       5.00000e-20       5.00000e-20
 245.7000000       5.00000e-20       5.00000e-20
 245.8000000       5.00000e-20       5.00000e-20
 245.9000000       5.00000e-20       5.00000e-20
 246.0000000       5.00000e-20       5.00000e-20
 246.1000000       5.00000e-20       5.00000e-20
 246.2000000       5.00000e-20       5.00000e-20
 246.3000000       5.00000e-20       5.00000e-20
 246.4000000       5.00000e-20       5.00000e-20
 246.5000000       5.00000e-20       5.00000e-20
 246.6000000       5.00000e-20       5.00000e-20
 246.7000000       5.00000e-20       5.00000e-20
 246.8000000       5.00000e-20       5.00000e-20
 246.9000000       5.00000e-20       5.00000e-20
 247.0000000       5.00000e-20       5.00000e-20
 247.1000000       5.00000e-20       5.00000e-20
 247.2000000       5.00000e-20       5.00000e-20
 247.3000000       5.00000e-20       5.00000e-20
 247.4000000       5.00000e-20       5.00000e-20
 247.5000000       5.00000e-20       5.00000e-20
 247.6000000       5.00000e-20       5.00000e-20
 247.7000000       5.00000e-20       5.00000e-20
 247.8000000       5.00000e-20       5.00000e-20
 247.9000000       5.00000e-20       5.00000e-20
 248.0000000       5.00000e-20       5.00000e-20
 248.1000000       5.00000e-20       5.00000e-20
 248.2000000       5.00000e-20       5.00000e-20
 248.3000000       5.00000e-20       5.00000e-20
 248.4000000       5.00000e-20       5.00000e-20
 248.5000000       5.00000e-20       5.00000e-20
 248.6000000       5.00000e-20       5.00000e-20
 248.7000000       5.00000e-20       5.00000e-20
 248.8000000       5.00000e-20       5.00000e-20
 248.9000000       5.00000e-20       5.00000e-20
 249.0000000       5.00000e-20       5.00000e-20
 249.1000000       5.00000e-20       5.00000e-20
 249.2000000       5.00000e-20       5.00000e-20
 249.3000000       5.00000e-20       5.00000e-20
 249.4000000       5.00000e-20       5.00000e-20
 249.5000000       5.00000e-20       5.00000e-20
 249.6000000       5.00000e-20       5.00000e-20
 249.7000000       5.00000e-20       5.00000e-20
 249.8000000       5.00000e-20       5.00000e-20
 249.9000000       5.00000e-20       5.00000e-20
 250.0000000       5.00000e-20       5.00000e-20
 250.1000000       5.00000e-20       5.00000e-20
 250.2000000       5.00000e-20       5.00000e-20
 250.3000000       5.00000e-20       5.00000e-20
 250.4000000       5.00000e-20       5.00000e-20
 250.5000000       5.00000e-20       5.00000e-20
 250.6000000       5.00000e-20       5.00000e-20
 250.7000000       5.00000e-20       5.00000e-20
 250.8000000       5.00000e-20       5.00000e-20
 250.9000000       5.00000e-20       5.00000e-20
 251.0000000       5.00000e-20       5.00000e-20
 251.1000000       5.00000e-20       5.00000e-20
 251.2000000       5.00000e-20       5.00000e-20
 251.3000000       5.00000e-20       5.00000e-20
 251.4000000       5.00000e-20       5.00000e-20
 251.5000000       5.00000e-20       5.00000e-20
 251.6000000       5.00000e-20       5.00000e-20
 251.7000000       5.00000e-20       5.00000e-20
 251.8000000       5.00000e-20       5.00000e-20
 251.9000000       8.67572e-20       8.67572e-20
 252.0000000       2.07627e-19       2.07627e-19
 252.1000000       4.71826e-19       4.71826e-19
 252.2000000       1.01504e-18       1.01504e-18
 252.3000000       2.06725e-18       2.06725e-18
 252.4000000       3.98582e-18       3.98582e-18
 252.5000000       7.27548e-18       7.27548e-18
 252.6000000       1.25728e-17       1.25728e-17
 252.7000000       2.05697e-17       2.05697e-17
 252.8000000       3.18610e-17       3.18610e-17
 252.9000000       4.67228e-17       4.67228e-17
 253.0000000       6.48692e-17       6.48692e-17
 253.1000000       8.52691e-17       8.52691e-17
 253.2000000       1.06119e-16       1.06119e-16
 253.3000000       1.25037e-16       1.25037e-16
 253.4000000       1.39488e-16       1.39488e-16
 253.5000000       1.47328e-16       1.47328e-16
 253.6000000       1.47328e-16       1.47328e-16
 253.7000000       1.39488e-16       1.39488e-16
 253.8000000       1.25037e-16       1.25037e-16
 253.9000000       1.06119e-16       1.06119e-16
 254.0000000       8.52691e-17       8.52691e-17
 254.1000000       6.48692e-17       6.48692e-17
 254.2000000       4.67228e-17       4.67228e-17
 254.3000000       3.18610e-17       3.18610e-17
 254.4000000       2.05697e-17       2.05697e-17
 254.5000000       1.25728e-17       1.25728e-17
 254.6000000       7.27548e-18       7.27548e-18
 254.7000000       3.98582e-18       3.98582e-18
 254.8000000       2.06725e-18       2.06725e-18
 254.9000000       1.01504e-18       1.01504e-18
 255.0000000       4.71826e-19       4.71826e-19
 255.1000000       2.07627e-19       2.07627e-19
 255.2000000       8.67572e-20       8.67572e-20
 255.3000000       5.00000e-20       5.00000e-20
 255.4000000       5.00000e-20       5.00000e-20
 255.5000000       5.00000e-20       5.00000e-20
 255.6000000       5.00000e-20       5.00000e-20
 255.7000000       5.00000e-20       5.00000e-20
 255.8000000       5.00000e-20       5.00000e-20
 255.9000000       5.00000e-20       5.00000e-20
 256.0000000       5.00000e-20       5.00000e-20
 256.1000000       5.00000e-20       5.00000e-20
 256.2000000       5.00000e-20       5.00000e-20
 256.3000000       5.00000e-20       5.00000e-20
 256.4000000       5.00000e-20       5.00000e-20
 256.5000000       5.00000e-20       5.00000e-20
 256.6000000       5.00000e-20       5.00000e-20
