# Cross sections for C2H4
# Converted from earlier Leiden database cross sections by Alan Heays 2016-02-24
# Photodissociation source: C2H4 P.D. CF. ZELIKOFF AND WATANABE ('53)
# Photoionisation source: C2H4 P.I. CF. HUDSON ('71)
# Lines represented with gaussian of width 1.0 nm FWHM
# wavelength: (nm)
# photoabsorption:    cross section (cm2)
# photodissociation:  cross section (cm2)
# photoionisation:    cross section (cm2)
# 
# wavelength   photoabsorption photodissociation   photoionisation
  91.3000000       5.20000e-17       2.00000e-17       3.20000e-17
  91.4000000       5.20000e-17       2.00000e-17       3.20000e-17
  91.5000000       5.20000e-17       2.00000e-17       3.20000e-17
  91.6000000       5.20000e-17       2.00000e-17       3.20000e-17
  91.7000000       5.20000e-17       2.00000e-17       3.20000e-17
  91.8000000       5.20000e-17       2.00000e-17       3.20000e-17
  91.9000000       5.20000e-17       2.00000e-17       3.20000e-17
  92.0000000       5.19937e-17       2.00000e-17       3.19937e-17
  92.1000000       5.19500e-17       2.00000e-17       3.19500e-17
  92.2000000       5.19000e-17       2.00000e-17       3.19000e-17
  92.3000000       5.18500e-17       2.00000e-17       3.18500e-17
  92.4000000       5.18000e-17       2.00000e-17       3.18000e-17
  92.5000000       5.17500e-17       2.00000e-17       3.17500e-17
  92.6000000       5.17000e-17       2.00000e-17       3.17000e-17
  92.7000000       5.16500e-17       2.00000e-17       3.16500e-17
  92.8000000       5.16000e-17       2.00000e-17       3.16000e-17
  92.9000000       5.15500e-17       2.00000e-17       3.15500e-17
  93.0000000       5.15000e-17       2.00000e-17       3.15000e-17
  93.1000000       5.14500e-17       2.00000e-17       3.14500e-17
  93.2000000       5.14000e-17       2.00000e-17       3.14000e-17
  93.3000000       5.13500e-17       2.00000e-17       3.13500e-17
  93.4000000       5.13000e-17       2.00000e-17       3.13000e-17
  93.5000000       5.12500e-17       2.00000e-17       3.12500e-17
  93.6000000       5.12000e-17       2.00000e-17       3.12000e-17
  93.7000000       5.11500e-17       2.00000e-17       3.11500e-17
  93.8000000       5.11000e-17       2.00000e-17       3.11000e-17
  93.9000000       5.10500e-17       2.00000e-17       3.10500e-17
  94.0000000       5.10062e-17       2.00000e-17       3.10062e-17
  94.1000000       5.10000e-17       2.00000e-17       3.10000e-17
  94.2000000       5.10000e-17       2.00000e-17       3.10000e-17
  94.3000000       5.10000e-17       2.00000e-17       3.10000e-17
  94.4000000       5.10000e-17       2.00000e-17       3.10000e-17
  94.5000000       5.10000e-17       2.00000e-17       3.10000e-17
  94.6000000       5.10000e-17       2.00000e-17       3.10000e-17
  94.7000000       5.10000e-17       2.00000e-17       3.10000e-17
  94.8000000       5.10000e-17       2.00000e-17       3.10000e-17
  94.9000000       5.10000e-17       2.00000e-17       3.10000e-17
  95.0000000       5.10250e-17       2.00250e-17       3.10000e-17
  95.1000000       5.12000e-17       2.02000e-17       3.10000e-17
  95.2000000       5.14000e-17       2.04000e-17       3.10000e-17
  95.3000000       5.16000e-17       2.06000e-17       3.10000e-17
  95.4000000       5.18000e-17       2.08000e-17       3.10000e-17
  95.5000000       5.20000e-17       2.10000e-17       3.10000e-17
  95.6000000       5.22000e-17       2.12000e-17       3.10000e-17
  95.7000000       5.24000e-17       2.14000e-17       3.10000e-17
  95.8000000       5.26000e-17       2.16000e-17       3.10000e-17
  95.9000000       5.28000e-17       2.18000e-17       3.10000e-17
  96.0000000       5.29688e-17       2.20000e-17       3.09687e-17
  96.1000000       5.29500e-17       2.22000e-17       3.07500e-17
  96.2000000       5.29000e-17       2.24000e-17       3.05000e-17
  96.3000000       5.28500e-17       2.26000e-17       3.02500e-17
  96.4000000       5.28000e-17       2.28000e-17       3.00000e-17
  96.5000000       5.27500e-17       2.30000e-17       2.97500e-17
  96.6000000       5.27000e-17       2.32000e-17       2.95000e-17
  96.7000000       5.26500e-17       2.34000e-17       2.92500e-17
  96.8000000       5.26000e-17       2.36000e-17       2.90000e-17
  96.9000000       5.25500e-17       2.38000e-17       2.87500e-17
  97.0000000       5.25000e-17       2.40000e-17       2.85000e-17
  97.1000000       5.24500e-17       2.42000e-17       2.82500e-17
  97.2000000       5.24000e-17       2.44000e-17       2.80000e-17
  97.3000000       5.23500e-17       2.46000e-17       2.77500e-17
  97.4000000       5.23000e-17       2.48000e-17       2.75000e-17
  97.5000000       5.22500e-17       2.50000e-17       2.72500e-17
  97.6000000       5.22000e-17       2.52000e-17       2.70000e-17
  97.7000000       5.21500e-17       2.54000e-17       2.67500e-17
  97.8000000       5.21001e-17       2.56001e-17       2.65000e-17
  97.9000000       5.20502e-17       2.58002e-17       2.62500e-17
  98.0000000       5.19820e-17       2.60007e-17       2.59812e-17
  98.1000000       5.18021e-17       2.62021e-17       2.56000e-17
  98.2000000       5.16058e-17       2.64058e-17       2.52000e-17
  98.3000000       5.14152e-17       2.66152e-17       2.48000e-17
  98.4000000       5.12374e-17       2.68374e-17       2.44000e-17
  98.5000000       5.10874e-17       2.70874e-17       2.40000e-17
  98.6000000       5.09931e-17       2.73931e-17       2.36000e-17
  98.7000000       5.10039e-17       2.78039e-17       2.32000e-17
  98.8000000       5.12001e-17       2.84001e-17       2.28000e-17
  98.9000000       5.17007e-17       2.93007e-17       2.24000e-17
  99.0000000       5.26649e-17       3.06649e-17       2.20000e-17
  99.1000000       5.42804e-17       3.26804e-17       2.16000e-17
  99.2000000       5.67320e-17       3.55320e-17       2.12000e-17
  99.3000000       6.01488e-17       3.93488e-17       2.08000e-17
  99.4000000       6.45376e-17       4.41376e-17       2.04000e-17
  99.5000000       6.97207e-17       4.97207e-17       2.00000e-17
  99.6000000       7.53033e-17       5.57033e-17       1.96000e-17
  99.7000000       8.06954e-17       6.14954e-17       1.92000e-17
  99.8000000       8.51985e-17       6.63985e-17       1.88000e-17
  99.9000000       8.81451e-17       6.97451e-17       1.84000e-17
 100.0000000       8.90152e-17       7.10027e-17       1.80125e-17
 100.1000000       8.74451e-17       6.97451e-17       1.77000e-17
 100.2000000       8.37985e-17       6.63985e-17       1.74000e-17
 100.3000000       7.85954e-17       6.14954e-17       1.71000e-17
 100.4000000       7.25033e-17       5.57033e-17       1.68000e-17
 100.5000000       6.62207e-17       4.97207e-17       1.65000e-17
 100.6000000       6.03376e-17       4.41376e-17       1.62000e-17
 100.7000000       5.52488e-17       3.93488e-17       1.59000e-17
 100.8000000       5.11320e-17       3.55320e-17       1.56000e-17
 100.9000000       4.79804e-17       3.26804e-17       1.53000e-17
 101.0000000       4.56649e-17       3.06649e-17       1.50000e-17
 101.1000000       4.40007e-17       2.93007e-17       1.47000e-17
 101.2000000       4.28001e-17       2.84001e-17       1.44000e-17
 101.3000000       4.19039e-17       2.78039e-17       1.41000e-17
 101.4000000       4.11931e-17       2.73931e-17       1.38000e-17
 101.5000000       4.05874e-17       2.70874e-17       1.35000e-17
 101.6000000       4.00374e-17       2.68374e-17       1.32000e-17
 101.7000000       3.95152e-17       2.66152e-17       1.29000e-17
 101.8000000       3.90058e-17       2.64058e-17       1.26000e-17
 101.9000000       3.85021e-17       2.62021e-17       1.23000e-17
 102.0000000       3.80320e-17       2.60007e-17       1.20312e-17
 102.1000000       3.77502e-17       2.58002e-17       1.19500e-17
 102.2000000       3.75001e-17       2.56001e-17       1.19000e-17
 102.3000000       3.72500e-17       2.54000e-17       1.18500e-17
 102.4000000       3.70000e-17       2.52000e-17       1.18000e-17
 102.5000000       3.67500e-17       2.50000e-17       1.17500e-17
 102.6000000       3.65000e-17       2.48000e-17       1.17000e-17
 102.7000000       3.62500e-17       2.46000e-17       1.16500e-17
 102.8000000       3.60000e-17       2.44000e-17       1.16000e-17
 102.9000000       3.57500e-17       2.42000e-17       1.15500e-17
 103.0000000       3.55000e-17       2.40000e-17       1.15000e-17
 103.1000000       3.52500e-17       2.38000e-17       1.14500e-17
 103.2000000       3.50000e-17       2.36000e-17       1.14000e-17
 103.3000000       3.47500e-17       2.34000e-17       1.13500e-17
 103.4000000       3.45000e-17       2.32000e-17       1.13000e-17
 103.5000000       3.42500e-17       2.30000e-17       1.12500e-17
 103.6000000       3.40000e-17       2.28000e-17       1.12000e-17
 103.7000000       3.37500e-17       2.26000e-17       1.11500e-17
 103.8000000       3.35000e-17       2.24000e-17       1.11000e-17
 103.9000000       3.32500e-17       2.22000e-17       1.10500e-17
 104.0000000       3.30000e-17       2.20000e-17       1.10000e-17
 104.1000000       3.27500e-17       2.18000e-17       1.09500e-17
 104.2000000       3.25000e-17       2.16000e-17       1.09000e-17
 104.3000000       3.22500e-17       2.14000e-17       1.08500e-17
 104.4000000       3.20000e-17       2.12000e-17       1.08000e-17
 104.5000000       3.17500e-17       2.10000e-17       1.07500e-17
 104.6000000       3.15000e-17       2.08000e-17       1.07000e-17
 104.7000000       3.12500e-17       2.06000e-17       1.06500e-17
 104.8000000       3.10000e-17       2.04000e-17       1.06000e-17
 104.9000000       3.07500e-17       2.02000e-17       1.05500e-17
 105.0000000       3.05000e-17       2.00000e-17       1.05000e-17
 105.1000000       3.02500e-17       1.98000e-17       1.04500e-17
 105.2000000       3.00000e-17       1.96000e-17       1.04000e-17
 105.3000000       2.97500e-17       1.94000e-17       1.03500e-17
 105.4000000       2.95000e-17       1.92000e-17       1.03000e-17
 105.5000000       2.92500e-17       1.90000e-17       1.02500e-17
 105.6000000       2.90000e-17       1.88000e-17       1.02000e-17
 105.7000000       2.87500e-17       1.86000e-17       1.01500e-17
 105.8000000       2.85000e-17       1.84000e-17       1.01000e-17
 105.9000000       2.82500e-17       1.82000e-17       1.00500e-17
 106.0000000       2.80000e-17       1.80000e-17       1.00000e-17
 106.1000000       2.77500e-17       1.78000e-17       9.95000e-18
 106.2000000       2.75000e-17       1.76000e-17       9.90000e-18
 106.3000000       2.72500e-17       1.74000e-17       9.85000e-18
 106.4000000       2.70000e-17       1.72000e-17       9.80000e-18
 106.5000000       2.67500e-17       1.70000e-17       9.75000e-18
 106.6000000       2.65000e-17       1.68000e-17       9.70000e-18
 106.7000000       2.62500e-17       1.66000e-17       9.65000e-18
 106.8000000       2.60000e-17       1.64000e-17       9.60000e-18
 106.9000000       2.57500e-17       1.62000e-17       9.55000e-18
 107.0000000       2.55000e-17       1.60000e-17       9.50000e-18
 107.1000000       2.52500e-17       1.58000e-17       9.45000e-18
 107.2000000       2.50000e-17       1.56000e-17       9.40000e-18
 107.3000000       2.47500e-17       1.54000e-17       9.35000e-18
 107.4000000       2.45000e-17       1.52000e-17       9.30000e-18
 107.5000000       2.42500e-17       1.50000e-17       9.25000e-18
 107.6000000       2.40000e-17       1.48000e-17       9.20000e-18
 107.7000000       2.37500e-17       1.46000e-17       9.15000e-18
 107.8000000       2.35000e-17       1.44000e-17       9.10000e-18
 107.9000000       2.32500e-17       1.42000e-17       9.05000e-18
 108.0000000       2.30062e-17       1.40000e-17       9.00625e-18
 108.1000000       2.28000e-17       1.38000e-17       9.00000e-18
 108.2000000       2.26000e-17       1.36000e-17       9.00000e-18
 108.3000000       2.24000e-17       1.34000e-17       9.00000e-18
 108.4000000       2.22000e-17       1.32000e-17       9.00000e-18
 108.5000000       2.20000e-17       1.30000e-17       9.00000e-18
 108.6000000       2.18000e-17       1.28000e-17       9.00000e-18
 108.7000000       2.16000e-17       1.26000e-17       9.00000e-18
 108.8000000       2.14000e-17       1.24000e-17       9.00000e-18
 108.9000000       2.12000e-17       1.22000e-17       9.00000e-18
 109.0000000       2.10000e-17       1.20000e-17       9.00000e-18
 109.1000000       2.08000e-17       1.18000e-17       9.00000e-18
 109.2000000       2.06000e-17       1.16000e-17       9.00000e-18
 109.3000000       2.04000e-17       1.14000e-17       9.00000e-18
 109.4000000       2.02000e-17       1.12000e-17       9.00000e-18
 109.5000000       2.00000e-17       1.10000e-17       9.00000e-18
 109.6000000       1.98000e-17       1.08000e-17       9.00000e-18
 109.7000000       1.96000e-17       1.06000e-17       9.00000e-18
 109.8000000       1.94000e-17       1.04000e-17       9.00000e-18
 109.9000000       1.92000e-17       1.02000e-17       9.00000e-18
 110.0000000       1.90250e-17       1.00250e-17       9.00000e-18
 110.1000000       1.90000e-17       1.00000e-17       9.00000e-18
 110.2000000       1.90000e-17       1.00000e-17       9.00000e-18
 110.3000000       1.90000e-17       1.00000e-17       9.00000e-18
 110.4000000       1.90000e-17       1.00000e-17       9.00000e-18
 110.5000000       1.90000e-17       1.00000e-17       9.00000e-18
 110.6000000       1.90000e-17       1.00000e-17       9.00000e-18
 110.7000000       1.90000e-17       1.00000e-17       9.00000e-18
 110.8000000       1.90000e-17       1.00000e-17       9.00000e-18
 110.9000000       1.90000e-17       1.00000e-17       9.00000e-18
 111.0000000       1.90000e-17       1.00000e-17       9.00000e-18
 111.1000000       1.90000e-17       1.00000e-17       9.00000e-18
 111.2000000       1.90000e-17       1.00000e-17       9.00000e-18
 111.3000000       1.90000e-17       1.00000e-17       9.00000e-18
 111.4000000       1.90000e-17       1.00000e-17       9.00000e-18
 111.5000000       1.90000e-17       1.00000e-17       9.00000e-18
 111.6000000       1.90000e-17       1.00000e-17       9.00000e-18
 111.7000000       1.90000e-17       1.00000e-17       9.00000e-18
 111.8000000       1.90000e-17       1.00000e-17       9.00000e-18
 111.9000000       1.90000e-17       1.00000e-17       9.00000e-18
 112.0000000       1.90000e-17       1.00000e-17       9.00000e-18
 112.1000000       1.90000e-17       1.00000e-17       9.00000e-18
 112.2000000       1.90000e-17       1.00000e-17       9.00000e-18
 112.3000000       1.90000e-17       1.00000e-17       9.00000e-18
 112.4000000       1.90000e-17       1.00000e-17       9.00000e-18
 112.5000000       1.90000e-17       1.00000e-17       9.00000e-18
 112.6000000       1.90000e-17       1.00000e-17       9.00000e-18
 112.7000000       1.90000e-17       1.00000e-17       9.00000e-18
 112.8000000       1.90000e-17       1.00000e-17       9.00000e-18
 112.9000000       1.90000e-17       1.00000e-17       9.00000e-18
 113.0000000       1.90000e-17       1.00000e-17       9.00000e-18
 113.1000000       1.90000e-17       1.00000e-17       9.00000e-18
 113.2000000       1.90000e-17       1.00000e-17       9.00000e-18
 113.3000000       1.90000e-17       1.00000e-17       9.00000e-18
 113.4000000       1.90000e-17       1.00000e-17       9.00000e-18
 113.5000000       1.90000e-17       1.00000e-17       9.00000e-18
 113.6000000       1.90000e-17       1.00000e-17       9.00000e-18
 113.7000000       1.90000e-17       1.00000e-17       9.00000e-18
 113.8000000       1.90000e-17       1.00000e-17       9.00000e-18
 113.9000000       1.90000e-17       1.00000e-17       9.00000e-18
 114.0000000       1.89812e-17       1.00000e-17       8.98125e-18
 114.1000000       1.88500e-17       1.00000e-17       8.85000e-18
 114.2000000       1.87000e-17       1.00000e-17       8.70000e-18
 114.3000000       1.85500e-17       1.00000e-17       8.55000e-18
 114.4000000       1.84000e-17       1.00000e-17       8.40000e-18
 114.5000000       1.82500e-17       1.00000e-17       8.25000e-18
 114.6000000       1.81000e-17       1.00000e-17       8.10000e-18
 114.7000000       1.79500e-17       1.00000e-17       7.95000e-18
 114.8000000       1.78000e-17       1.00000e-17       7.80000e-18
 114.9000000       1.76500e-17       1.00000e-17       7.65000e-18
 115.0000000       1.75300e-17       1.00300e-17       7.50000e-18
 115.1000000       1.75900e-17       1.02400e-17       7.35000e-18
 115.2000000       1.76800e-17       1.04800e-17       7.20000e-18
 115.3000000       1.77700e-17       1.07200e-17       7.05000e-18
 115.4000000       1.78600e-17       1.09600e-17       6.90000e-18
 115.5000000       1.79500e-17       1.12000e-17       6.75000e-18
 115.6000000       1.80400e-17       1.14400e-17       6.60000e-18
 115.7000000       1.81300e-17       1.16800e-17       6.45000e-18
 115.8000000       1.82200e-17       1.19200e-17       6.30000e-18
 115.9000000       1.83100e-17       1.21600e-17       6.15000e-18
 116.0000000       1.83875e-17       1.24000e-17       5.98750e-18
 116.1000000       1.83900e-17       1.26400e-17       5.75000e-18
 116.2000000       1.83800e-17       1.28800e-17       5.50000e-18
 116.3000000       1.83700e-17       1.31200e-17       5.25000e-18
 116.4000000       1.83600e-17       1.33600e-17       5.00000e-18
 116.5000000       1.83500e-17       1.36000e-17       4.75000e-18
 116.6000000       1.83400e-17       1.38400e-17       4.50000e-18
 116.7000000       1.83300e-17       1.40800e-17       4.25000e-18
 116.8000000       1.83200e-17       1.43200e-17       4.00000e-18
 116.9000000       1.83100e-17       1.45600e-17       3.75000e-18
 117.0000000       1.83000e-17       1.48000e-17       3.50000e-18
 117.1000000       1.82900e-17       1.50400e-17       3.25000e-18
 117.2000000       1.82800e-17       1.52800e-17       3.00000e-18
 117.3000000       1.82700e-17       1.55200e-17       2.75000e-18
 117.4000000       1.82600e-17       1.57600e-17       2.50000e-18
 117.5000000       1.82500e-17       1.60000e-17       2.25000e-18
 117.6000000       1.82400e-17       1.62400e-17       2.00000e-18
 117.7000000       1.82300e-17       1.64800e-17       1.75000e-18
 117.8000000       1.82200e-17       1.67200e-17       1.50000e-18
 117.9000000       1.82100e-17       1.69600e-17       1.25000e-18
 118.0000000       1.81062e-17       1.72000e-17       9.06250e-19
 118.1000000       1.75650e-17       1.74400e-17       1.25000e-19
 118.2000000       1.76800e-17       1.76800e-17       0.00000e+00
 118.3000000       1.79200e-17       1.79200e-17       0.00000e+00
 118.4000000       1.81600e-17       1.81600e-17       0.00000e+00
 118.5000000       1.84000e-17       1.84000e-17       0.00000e+00
 118.6000000       1.86400e-17       1.86400e-17       0.00000e+00
 118.7000000       1.88800e-17       1.88800e-17       0.00000e+00
 118.8000000       1.91200e-17       1.91200e-17       0.00000e+00
 118.9000000       1.93600e-17       1.93600e-17       0.00000e+00
 119.0000000       1.96000e-17       1.96000e-17       0.00000e+00
 119.1000000       1.98400e-17       1.98400e-17       0.00000e+00
 119.2000000       2.00800e-17       2.00800e-17       0.00000e+00
 119.3000000       2.03200e-17       2.03200e-17       0.00000e+00
 119.4000000       2.05600e-17       2.05600e-17       0.00000e+00
 119.5000000       2.08000e-17       2.08000e-17       0.00000e+00
 119.6000000       2.10400e-17       2.10400e-17       0.00000e+00
 119.7000000       2.12800e-17       2.12800e-17       0.00000e+00
 119.8000000       2.15200e-17       2.15200e-17       0.00000e+00
 119.9000000       2.17600e-17       2.17600e-17       0.00000e+00
 120.0000000       2.19825e-17       2.19825e-17       0.00000e+00
 120.1000000       2.21000e-17       2.21000e-17       0.00000e+00
 120.2000000       2.22000e-17       2.22000e-17       0.00000e+00
 120.3000000       2.23000e-17       2.23000e-17       0.00000e+00
 120.4000000       2.24000e-17       2.24000e-17       0.00000e+00
 120.5000000       2.25000e-17       2.25000e-17       0.00000e+00
 120.6000000       2.26000e-17       2.26000e-17       0.00000e+00
 120.7000000       2.27000e-17       2.27000e-17       0.00000e+00
 120.8000000       2.28000e-17       2.28000e-17       0.00000e+00
 120.9000000       2.29000e-17       2.29000e-17       0.00000e+00
 121.0000000       2.30000e-17       2.30000e-17       0.00000e+00
 121.1000000       2.31000e-17       2.31000e-17       0.00000e+00
 121.2000000       2.32000e-17       2.32000e-17       0.00000e+00
 121.3000000       2.33000e-17       2.33000e-17       0.00000e+00
 121.4000000       2.34000e-17       2.34000e-17       0.00000e+00
 121.5000000       2.35000e-17       2.35000e-17       0.00000e+00
 121.6000000       2.36000e-17       2.36000e-17       0.00000e+00
 121.7000000       2.37000e-17       2.37000e-17       0.00000e+00
 121.8000000       2.38000e-17       2.38000e-17       0.00000e+00
 121.9000000       2.39000e-17       2.39000e-17       0.00000e+00
 122.0000000       2.40000e-17       2.40000e-17       0.00000e+00
 122.1000000       2.41000e-17       2.41000e-17       0.00000e+00
 122.2000000       2.42000e-17       2.42000e-17       0.00000e+00
 122.3000000       2.43000e-17       2.43000e-17       0.00000e+00
 122.4000000       2.44000e-17       2.44000e-17       0.00000e+00
 122.5000000       2.45000e-17       2.45000e-17       0.00000e+00
 122.6000000       2.46000e-17       2.46000e-17       0.00000e+00
 122.7000000       2.47000e-17       2.47000e-17       0.00000e+00
 122.8000000       2.48000e-17       2.48000e-17       0.00000e+00
 122.9000000       2.49000e-17       2.49000e-17       0.00000e+00
 123.0000000       2.50000e-17       2.50000e-17       0.00000e+00
 123.1000000       2.51000e-17       2.51000e-17       0.00000e+00
 123.2000000       2.52000e-17       2.52000e-17       0.00000e+00
 123.3000000       2.53000e-17       2.53000e-17       0.00000e+00
 123.4000000       2.54000e-17       2.54000e-17       0.00000e+00
 123.5000000       2.55000e-17       2.55000e-17       0.00000e+00
 123.6000000       2.56000e-17       2.56000e-17       0.00000e+00
 123.7000000       2.57000e-17       2.57000e-17       0.00000e+00
 123.8000000       2.58000e-17       2.58000e-17       0.00000e+00
 123.9000000       2.59000e-17       2.59000e-17       0.00000e+00
 124.0000000       2.59931e-17       2.59931e-17       0.00000e+00
 124.1000000       2.60444e-17       2.60444e-17       0.00000e+00
 124.2000000       2.60889e-17       2.60889e-17       0.00000e+00
 124.3000000       2.61333e-17       2.61333e-17       0.00000e+00
 124.4000000       2.61778e-17       2.61778e-17       0.00000e+00
 124.5000000       2.62222e-17       2.62222e-17       0.00000e+00
 124.6000000       2.62667e-17       2.62667e-17       0.00000e+00
 124.7000000       2.63111e-17       2.63111e-17       0.00000e+00
 124.8000000       2.63556e-17       2.63556e-17       0.00000e+00
 124.9000000       2.64000e-17       2.64000e-17       0.00000e+00
 125.0000000       2.64444e-17       2.64444e-17       0.00000e+00
 125.1000000       2.64889e-17       2.64889e-17       0.00000e+00
 125.2000000       2.65333e-17       2.65333e-17       0.00000e+00
 125.3000000       2.65778e-17       2.65778e-17       0.00000e+00
 125.4000000       2.66222e-17       2.66222e-17       0.00000e+00
 125.5000000       2.66667e-17       2.66667e-17       0.00000e+00
 125.6000000       2.67111e-17       2.67111e-17       0.00000e+00
 125.7000000       2.67556e-17       2.67556e-17       0.00000e+00
 125.8000000       2.68000e-17       2.68000e-17       0.00000e+00
 125.9000000       2.68444e-17       2.68444e-17       0.00000e+00
 126.0000000       2.68889e-17       2.68889e-17       0.00000e+00
 126.1000000       2.69333e-17       2.69333e-17       0.00000e+00
 126.2000000       2.69778e-17       2.69778e-17       0.00000e+00
 126.3000000       2.70222e-17       2.70222e-17       0.00000e+00
 126.4000000       2.70667e-17       2.70667e-17       0.00000e+00
 126.5000000       2.71111e-17       2.71111e-17       0.00000e+00
 126.6000000       2.71556e-17       2.71556e-17       0.00000e+00
 126.7000000       2.72000e-17       2.72000e-17       0.00000e+00
 126.8000000       2.72444e-17       2.72444e-17       0.00000e+00
 126.9000000       2.72889e-17       2.72889e-17       0.00000e+00
 127.0000000       2.73333e-17       2.73333e-17       0.00000e+00
 127.1000000       2.73778e-17       2.73778e-17       0.00000e+00
 127.2000000       2.74222e-17       2.74222e-17       0.00000e+00
 127.3000000       2.74667e-17       2.74667e-17       0.00000e+00
 127.4000000       2.75111e-17       2.75111e-17       0.00000e+00
 127.5000000       2.75556e-17       2.75556e-17       0.00000e+00
 127.6000000       2.76000e-17       2.76000e-17       0.00000e+00
 127.7000000       2.76444e-17       2.76444e-17       0.00000e+00
 127.8000000       2.76889e-17       2.76889e-17       0.00000e+00
 127.9000000       2.77333e-17       2.77333e-17       0.00000e+00
 128.0000000       2.77778e-17       2.77778e-17       0.00000e+00
 128.1000000       2.78222e-17       2.78222e-17       0.00000e+00
 128.2000000       2.78667e-17       2.78667e-17       0.00000e+00
 128.3000000       2.79111e-17       2.79111e-17       0.00000e+00
 128.4000000       2.79556e-17       2.79556e-17       0.00000e+00
 128.5000000       2.78694e-17       2.78694e-17       0.00000e+00
 128.6000000       2.70000e-17       2.70000e-17       0.00000e+00
 128.7000000       2.60000e-17       2.60000e-17       0.00000e+00
 128.8000000       2.50000e-17       2.50000e-17       0.00000e+00
 128.9000000       2.40000e-17       2.40000e-17       0.00000e+00
 129.0000000       2.30000e-17       2.30000e-17       0.00000e+00
 129.1000000       2.20000e-17       2.20000e-17       0.00000e+00
 129.2000000       2.10000e-17       2.10000e-17       0.00000e+00
 129.3000000       2.00000e-17       2.00000e-17       0.00000e+00
 129.4000000       1.90000e-17       1.90000e-17       0.00000e+00
 129.5000000       1.80000e-17       1.80000e-17       0.00000e+00
 129.6000000       1.70000e-17       1.70000e-17       0.00000e+00
 129.7000000       1.60000e-17       1.60000e-17       0.00000e+00
 129.8000000       1.50000e-17       1.50000e-17       0.00000e+00
 129.9000000       1.40000e-17       1.40000e-17       0.00000e+00
 130.0000000       1.31200e-17       1.31200e-17       0.00000e+00
 130.1000000       1.29600e-17       1.29600e-17       0.00000e+00
 130.2000000       1.29200e-17       1.29200e-17       0.00000e+00
 130.3000000       1.28800e-17       1.28800e-17       0.00000e+00
 130.4000000       1.28400e-17       1.28400e-17       0.00000e+00
 130.5000000       1.28000e-17       1.28000e-17       0.00000e+00
 130.6000000       1.27600e-17       1.27600e-17       0.00000e+00
 130.7000000       1.27200e-17       1.27200e-17       0.00000e+00
 130.8000000       1.26800e-17       1.26800e-17       0.00000e+00
 130.9000000       1.26400e-17       1.26400e-17       0.00000e+00
 131.0000000       1.26000e-17       1.26000e-17       0.00000e+00
 131.1000000       1.25600e-17       1.25600e-17       0.00000e+00
 131.2000000       1.25200e-17       1.25200e-17       0.00000e+00
 131.3000000       1.24800e-17       1.24800e-17       0.00000e+00
 131.4000000       1.24400e-17       1.24400e-17       0.00000e+00
 131.5000000       1.24000e-17       1.24000e-17       0.00000e+00
 131.6000000       1.23600e-17       1.23600e-17       0.00000e+00
 131.7000000       1.23200e-17       1.23200e-17       0.00000e+00
 131.8000000       1.22800e-17       1.22800e-17       0.00000e+00
 131.9000000       1.22400e-17       1.22400e-17       0.00000e+00
 132.0000000       1.22000e-17       1.22000e-17       0.00000e+00
 132.1000000       1.21600e-17       1.21600e-17       0.00000e+00
 132.2000000       1.21200e-17       1.21200e-17       0.00000e+00
 132.3000000       1.20800e-17       1.20800e-17       0.00000e+00
 132.4000000       1.20400e-17       1.20400e-17       0.00000e+00
 132.5000000       1.20000e-17       1.20000e-17       0.00000e+00
 132.6000000       1.19600e-17       1.19600e-17       0.00000e+00
 132.7000000       1.19200e-17       1.19200e-17       0.00000e+00
 132.8000000       1.18801e-17       1.18801e-17       0.00000e+00
 132.9000000       1.18404e-17       1.18404e-17       0.00000e+00
 133.0000000       1.18013e-17       1.18013e-17       0.00000e+00
 133.1000000       1.17639e-17       1.17639e-17       0.00000e+00
 133.2000000       1.17307e-17       1.17307e-17       0.00000e+00
 133.3000000       1.17080e-17       1.17080e-17       0.00000e+00
 133.4000000       1.17089e-17       1.17089e-17       0.00000e+00
 133.5000000       1.17608e-17       1.17608e-17       0.00000e+00
 133.6000000       1.19154e-17       1.19154e-17       0.00000e+00
 133.7000000       1.22636e-17       1.22636e-17       0.00000e+00
 133.8000000       1.29530e-17       1.29530e-17       0.00000e+00
 133.9000000       1.42026e-17       1.42026e-17       0.00000e+00
 134.0000000       1.63058e-17       1.63058e-17       0.00000e+00
 134.1000000       1.96080e-17       1.96080e-17       0.00000e+00
 134.2000000       2.44494e-17       2.44494e-17       0.00000e+00
 134.3000000       3.10675e-17       3.10675e-17       0.00000e+00
 134.4000000       3.94751e-17       3.94751e-17       0.00000e+00
 134.5000000       4.93450e-17       4.93450e-17       0.00000e+00
 134.6000000       5.99502e-17       5.99502e-17       0.00000e+00
 134.7000000       7.02047e-17       7.02047e-17       0.00000e+00
 134.8000000       7.88228e-17       7.88228e-17       0.00000e+00
 134.9000000       8.45753e-17       8.45753e-17       0.00000e+00
 135.0000000       8.65617e-17       8.65617e-17       0.00000e+00
 135.1000000       8.43953e-17       8.43953e-17       0.00000e+00
 135.2000000       7.84628e-17       7.84628e-17       0.00000e+00
 135.3000000       6.96647e-17       6.96647e-17       0.00000e+00
 135.4000000       5.92302e-17       5.92302e-17       0.00000e+00
 135.5000000       4.84450e-17       4.84450e-17       0.00000e+00
 135.6000000       3.83951e-17       3.83951e-17       0.00000e+00
 135.7000000       2.98075e-17       2.98075e-17       0.00000e+00
 135.8000000       2.30094e-17       2.30094e-17       0.00000e+00
 135.9000000       1.79880e-17       1.79880e-17       0.00000e+00
 136.0000000       1.45058e-17       1.45058e-17       0.00000e+00
 136.1000000       1.22226e-17       1.22226e-17       0.00000e+00
 136.2000000       1.07930e-17       1.07930e-17       0.00000e+00
 136.3000000       9.92360e-18       9.92360e-18       0.00000e+00
 136.4000000       9.39542e-18       9.39542e-18       0.00000e+00
 136.5000000       9.06085e-18       9.06085e-18       0.00000e+00
 136.6000000       8.82892e-18       8.82892e-18       0.00000e+00
 136.7000000       8.64796e-18       8.64796e-18       0.00000e+00
 136.8000000       8.49074e-18       8.49074e-18       0.00000e+00
 136.9000000       8.34391e-18       8.34391e-18       0.00000e+00
 137.0000000       8.20135e-18       8.20135e-18       0.00000e+00
 137.1000000       8.06044e-18       8.06044e-18       0.00000e+00
 137.2000000       7.92014e-18       7.92014e-18       0.00000e+00
 137.3000000       7.78004e-18       7.78004e-18       0.00000e+00
 137.4000000       7.64001e-18       7.64001e-18       0.00000e+00
 137.5000000       7.50000e-18       7.50000e-18       0.00000e+00
 137.6000000       7.36000e-18       7.36000e-18       0.00000e+00
 137.7000000       7.22000e-18       7.22000e-18       0.00000e+00
 137.8000000       7.08000e-18       7.08000e-18       0.00000e+00
 137.9000000       6.94000e-18       6.94000e-18       0.00000e+00
 138.0000000       6.80000e-18       6.80000e-18       0.00000e+00
 138.1000000       6.66000e-18       6.66000e-18       0.00000e+00
 138.2000000       6.52000e-18       6.52000e-18       0.00000e+00
 138.3000000       6.38000e-18       6.38000e-18       0.00000e+00
 138.4000000       6.24000e-18       6.24000e-18       0.00000e+00
 138.5000000       6.10000e-18       6.10000e-18       0.00000e+00
 138.6000000       5.96000e-18       5.96000e-18       0.00000e+00
 138.7000000       5.82000e-18       5.82000e-18       0.00000e+00
 138.8000000       5.68000e-18       5.68000e-18       0.00000e+00
 138.9000000       5.54000e-18       5.54000e-18       0.00000e+00
 139.0000000       5.40000e-18       5.40000e-18       0.00000e+00
 139.1000000       5.26000e-18       5.26000e-18       0.00000e+00
 139.2000000       5.12000e-18       5.12000e-18       0.00000e+00
 139.3000000       4.98000e-18       4.98000e-18       0.00000e+00
 139.4000000       4.84000e-18       4.84000e-18       0.00000e+00
 139.5000000       4.70000e-18       4.70000e-18       0.00000e+00
 139.6000000       4.56000e-18       4.56000e-18       0.00000e+00
 139.7000000       4.42000e-18       4.42000e-18       0.00000e+00
 139.8000000       4.28000e-18       4.28000e-18       0.00000e+00
 139.9000000       4.14000e-18       4.14000e-18       0.00000e+00
 140.0000000       4.03000e-18       4.03000e-18       0.00000e+00
 140.1000000       4.10000e-18       4.10000e-18       0.00000e+00
 140.2000000       4.20000e-18       4.20000e-18       0.00000e+00
 140.3000000       4.30000e-18       4.30000e-18       0.00000e+00
 140.4000000       4.40000e-18       4.40000e-18       0.00000e+00
 140.5000000       4.50000e-18       4.50000e-18       0.00000e+00
 140.6000000       4.60000e-18       4.60000e-18       0.00000e+00
 140.7000000       4.70000e-18       4.70000e-18       0.00000e+00
 140.8000000       4.80000e-18       4.80000e-18       0.00000e+00
 140.9000000       4.90000e-18       4.90000e-18       0.00000e+00
 141.0000000       5.00000e-18       5.00000e-18       0.00000e+00
 141.1000000       5.10000e-18       5.10000e-18       0.00000e+00
 141.2000000       5.20000e-18       5.20000e-18       0.00000e+00
 141.3000000       5.30000e-18       5.30000e-18       0.00000e+00
 141.4000000       5.40000e-18       5.40000e-18       0.00000e+00
 141.5000000       5.50000e-18       5.50000e-18       0.00000e+00
 141.6000000       5.60000e-18       5.60000e-18       0.00000e+00
 141.7000000       5.70000e-18       5.70000e-18       0.00000e+00
 141.8000000       5.80000e-18       5.80000e-18       0.00000e+00
 141.9000000       5.90000e-18       5.90000e-18       0.00000e+00
 142.0000000       6.00000e-18       6.00000e-18       0.00000e+00
 142.1000000       6.10000e-18       6.10000e-18       0.00000e+00
 142.2000000       6.20000e-18       6.20000e-18       0.00000e+00
 142.3000000       6.30000e-18       6.30000e-18       0.00000e+00
 142.4000000       6.40000e-18       6.40000e-18       0.00000e+00
 142.5000000       6.50000e-18       6.50000e-18       0.00000e+00
 142.6000000       6.60000e-18       6.60000e-18       0.00000e+00
 142.7000000       6.70000e-18       6.70000e-18       0.00000e+00
 142.8000000       6.80000e-18       6.80000e-18       0.00000e+00
 142.9000000       6.90000e-18       6.90000e-18       0.00000e+00
 143.0000000       7.00000e-18       7.00000e-18       0.00000e+00
 143.1000000       7.10000e-18       7.10000e-18       0.00000e+00
 143.2000000       7.20000e-18       7.20000e-18       0.00000e+00
 143.3000000       7.30000e-18       7.30000e-18       0.00000e+00
 143.4000000       7.40000e-18       7.40000e-18       0.00000e+00
 143.5000000       7.50000e-18       7.50000e-18       0.00000e+00
 143.6000000       7.60000e-18       7.60000e-18       0.00000e+00
 143.7000000       7.70000e-18       7.70000e-18       0.00000e+00
 143.8000000       7.80000e-18       7.80000e-18       0.00000e+00
 143.9000000       7.90000e-18       7.90000e-18       0.00000e+00
 144.0000000       8.00000e-18       8.00000e-18       0.00000e+00
 144.1000000       8.10000e-18       8.10000e-18       0.00000e+00
 144.2000000       8.20000e-18       8.20000e-18       0.00000e+00
 144.3000000       8.30000e-18       8.30000e-18       0.00000e+00
 144.4000000       8.40000e-18       8.40000e-18       0.00000e+00
 144.5000000       8.50000e-18       8.50000e-18       0.00000e+00
 144.6000000       8.60000e-18       8.60000e-18       0.00000e+00
 144.7000000       8.70000e-18       8.70000e-18       0.00000e+00
 144.8000000       8.80000e-18       8.80000e-18       0.00000e+00
 144.9000000       8.90000e-18       8.90000e-18       0.00000e+00
 145.0000000       9.01000e-18       9.01000e-18       0.00000e+00
 145.1000000       9.18000e-18       9.18000e-18       0.00000e+00
 145.2000000       9.36000e-18       9.36000e-18       0.00000e+00
 145.3000000       9.54000e-18       9.54000e-18       0.00000e+00
 145.4000000       9.72000e-18       9.72000e-18       0.00000e+00
 145.5000000       9.90000e-18       9.90000e-18       0.00000e+00
 145.6000000       1.00800e-17       1.00800e-17       0.00000e+00
 145.7000000       1.02600e-17       1.02600e-17       0.00000e+00
 145.8000000       1.04400e-17       1.04400e-17       0.00000e+00
 145.9000000       1.06200e-17       1.06200e-17       0.00000e+00
 146.0000000       1.08000e-17       1.08000e-17       0.00000e+00
 146.1000000       1.09800e-17       1.09800e-17       0.00000e+00
 146.2000000       1.11600e-17       1.11600e-17       0.00000e+00
 146.3000000       1.13400e-17       1.13400e-17       0.00000e+00
 146.4000000       1.15200e-17       1.15200e-17       0.00000e+00
 146.5000000       1.17000e-17       1.17000e-17       0.00000e+00
 146.6000000       1.18800e-17       1.18800e-17       0.00000e+00
 146.7000000       1.20600e-17       1.20600e-17       0.00000e+00
 146.8000000       1.22400e-17       1.22400e-17       0.00000e+00
 146.9000000       1.24200e-17       1.24200e-17       0.00000e+00
 147.0000000       1.26000e-17       1.26000e-17       0.00000e+00
 147.1000000       1.27800e-17       1.27800e-17       0.00000e+00
 147.2000000       1.29600e-17       1.29600e-17       0.00000e+00
 147.3000000       1.31400e-17       1.31400e-17       0.00000e+00
 147.4000000       1.33200e-17       1.33200e-17       0.00000e+00
 147.5000000       1.35000e-17       1.35000e-17       0.00000e+00
 147.6000000       1.36800e-17       1.36800e-17       0.00000e+00
 147.7000000       1.38600e-17       1.38600e-17       0.00000e+00
 147.8000000       1.40400e-17       1.40400e-17       0.00000e+00
 147.9000000       1.42200e-17       1.42200e-17       0.00000e+00
 148.0000000       1.44000e-17       1.44000e-17       0.00000e+00
 148.1000000       1.45800e-17       1.45800e-17       0.00000e+00
 148.2000000       1.47600e-17       1.47600e-17       0.00000e+00
 148.3000000       1.49400e-17       1.49400e-17       0.00000e+00
 148.4000000       1.51200e-17       1.51200e-17       0.00000e+00
 148.5000000       1.53000e-17       1.53000e-17       0.00000e+00
 148.6000000       1.54800e-17       1.54800e-17       0.00000e+00
 148.7000000       1.56600e-17       1.56600e-17       0.00000e+00
 148.8000000       1.58400e-17       1.58400e-17       0.00000e+00
 148.9000000       1.60200e-17       1.60200e-17       0.00000e+00
 149.0000000       1.62000e-17       1.62000e-17       0.00000e+00
 149.1000000       1.63800e-17       1.63800e-17       0.00000e+00
 149.2000000       1.65600e-17       1.65600e-17       0.00000e+00
 149.3000000       1.67400e-17       1.67400e-17       0.00000e+00
 149.4000000       1.69200e-17       1.69200e-17       0.00000e+00
 149.5000000       1.71000e-17       1.71000e-17       0.00000e+00
 149.6000000       1.72800e-17       1.72800e-17       0.00000e+00
 149.7000000       1.74600e-17       1.74600e-17       0.00000e+00
 149.8000000       1.76400e-17       1.76400e-17       0.00000e+00
 149.9000000       1.78200e-17       1.78200e-17       0.00000e+00
 150.0000000       1.79925e-17       1.79925e-17       0.00000e+00
 150.1000000       1.81200e-17       1.81200e-17       0.00000e+00
 150.2000000       1.82400e-17       1.82400e-17       0.00000e+00
 150.3000000       1.83600e-17       1.83600e-17       0.00000e+00
 150.4000000       1.84800e-17       1.84800e-17       0.00000e+00
 150.5000000       1.86000e-17       1.86000e-17       0.00000e+00
 150.6000000       1.87200e-17       1.87200e-17       0.00000e+00
 150.7000000       1.88400e-17       1.88400e-17       0.00000e+00
 150.8000000       1.89600e-17       1.89600e-17       0.00000e+00
 150.9000000       1.90800e-17       1.90800e-17       0.00000e+00
 151.0000000       1.92000e-17       1.92000e-17       0.00000e+00
 151.1000000       1.93200e-17       1.93200e-17       0.00000e+00
 151.2000000       1.94400e-17       1.94400e-17       0.00000e+00
 151.3000000       1.95600e-17       1.95600e-17       0.00000e+00
 151.4000000       1.96800e-17       1.96800e-17       0.00000e+00
 151.5000000       1.98000e-17       1.98000e-17       0.00000e+00
 151.6000000       1.99200e-17       1.99200e-17       0.00000e+00
 151.7000000       2.00400e-17       2.00400e-17       0.00000e+00
 151.8000000       2.01600e-17       2.01600e-17       0.00000e+00
 151.9000000       2.02800e-17       2.02800e-17       0.00000e+00
 152.0000000       2.04000e-17       2.04000e-17       0.00000e+00
 152.1000000       2.05200e-17       2.05200e-17       0.00000e+00
 152.2000000       2.06400e-17       2.06400e-17       0.00000e+00
 152.3000000       2.07600e-17       2.07600e-17       0.00000e+00
 152.4000000       2.08800e-17       2.08800e-17       0.00000e+00
 152.5000000       2.10000e-17       2.10000e-17       0.00000e+00
 152.6000000       2.11200e-17       2.11200e-17       0.00000e+00
 152.7000000       2.12400e-17       2.12400e-17       0.00000e+00
 152.8000000       2.13600e-17       2.13600e-17       0.00000e+00
 152.9000000       2.14800e-17       2.14800e-17       0.00000e+00
 153.0000000       2.16000e-17       2.16000e-17       0.00000e+00
 153.1000000       2.17200e-17       2.17200e-17       0.00000e+00
 153.2000000       2.18400e-17       2.18400e-17       0.00000e+00
 153.3000000       2.19600e-17       2.19600e-17       0.00000e+00
 153.4000000       2.20800e-17       2.20800e-17       0.00000e+00
 153.5000000       2.22000e-17       2.22000e-17       0.00000e+00
 153.6000000       2.23200e-17       2.23200e-17       0.00000e+00
 153.7000000       2.24400e-17       2.24400e-17       0.00000e+00
 153.8000000       2.25600e-17       2.25600e-17       0.00000e+00
 153.9000000       2.26800e-17       2.26800e-17       0.00000e+00
 154.0000000       2.28000e-17       2.28000e-17       0.00000e+00
 154.1000000       2.29200e-17       2.29200e-17       0.00000e+00
 154.2000000       2.30400e-17       2.30400e-17       0.00000e+00
 154.3000000       2.31600e-17       2.31600e-17       0.00000e+00
 154.4000000       2.32800e-17       2.32800e-17       0.00000e+00
 154.5000000       2.34000e-17       2.34000e-17       0.00000e+00
 154.6000000       2.35200e-17       2.35200e-17       0.00000e+00
 154.7000000       2.36400e-17       2.36400e-17       0.00000e+00
 154.8000000       2.37600e-17       2.37600e-17       0.00000e+00
 154.9000000       2.38800e-17       2.38800e-17       0.00000e+00
 155.0000000       2.39875e-17       2.39875e-17       0.00000e+00
 155.1000000       2.40200e-17       2.40200e-17       0.00000e+00
 155.2000000       2.40400e-17       2.40400e-17       0.00000e+00
 155.3000000       2.40600e-17       2.40600e-17       0.00000e+00
 155.4000000       2.40800e-17       2.40800e-17       0.00000e+00
 155.5000000       2.41000e-17       2.41000e-17       0.00000e+00
 155.6000000       2.41200e-17       2.41200e-17       0.00000e+00
 155.7000000       2.41400e-17       2.41400e-17       0.00000e+00
 155.8000000       2.41600e-17       2.41600e-17       0.00000e+00
 155.9000000       2.41800e-17       2.41800e-17       0.00000e+00
 156.0000000       2.42000e-17       2.42000e-17       0.00000e+00
 156.1000000       2.42200e-17       2.42200e-17       0.00000e+00
 156.2000000       2.42400e-17       2.42400e-17       0.00000e+00
 156.3000000       2.42600e-17       2.42600e-17       0.00000e+00
 156.4000000       2.42800e-17       2.42800e-17       0.00000e+00
 156.5000000       2.43000e-17       2.43000e-17       0.00000e+00
 156.6000000       2.43200e-17       2.43200e-17       0.00000e+00
 156.7000000       2.43400e-17       2.43400e-17       0.00000e+00
 156.8000000       2.43600e-17       2.43600e-17       0.00000e+00
 156.9000000       2.43800e-17       2.43800e-17       0.00000e+00
 157.0000000       2.44000e-17       2.44000e-17       0.00000e+00
 157.1000000       2.44200e-17       2.44200e-17       0.00000e+00
 157.2000000       2.44400e-17       2.44400e-17       0.00000e+00
 157.3000000       2.44600e-17       2.44600e-17       0.00000e+00
 157.4000000       2.44800e-17       2.44800e-17       0.00000e+00
 157.5000000       2.45000e-17       2.45000e-17       0.00000e+00
 157.6000000       2.45200e-17       2.45200e-17       0.00000e+00
 157.7000000       2.45400e-17       2.45400e-17       0.00000e+00
 157.8000000       2.45600e-17       2.45600e-17       0.00000e+00
 157.9000000       2.45800e-17       2.45800e-17       0.00000e+00
 158.0000000       2.46000e-17       2.46000e-17       0.00000e+00
 158.1000000       2.46200e-17       2.46200e-17       0.00000e+00
 158.2000000       2.46400e-17       2.46400e-17       0.00000e+00
 158.3000000       2.46600e-17       2.46600e-17       0.00000e+00
 158.4000000       2.46800e-17       2.46800e-17       0.00000e+00
 158.5000000       2.47000e-17       2.47000e-17       0.00000e+00
 158.6000000       2.47200e-17       2.47200e-17       0.00000e+00
 158.7000000       2.47400e-17       2.47400e-17       0.00000e+00
 158.8000000       2.47600e-17       2.47600e-17       0.00000e+00
 158.9000000       2.47800e-17       2.47800e-17       0.00000e+00
 159.0000000       2.48000e-17       2.48000e-17       0.00000e+00
 159.1000000       2.48200e-17       2.48200e-17       0.00000e+00
 159.2000000       2.48400e-17       2.48400e-17       0.00000e+00
 159.3000000       2.48600e-17       2.48600e-17       0.00000e+00
 159.4000000       2.48800e-17       2.48800e-17       0.00000e+00
 159.5000000       2.49000e-17       2.49000e-17       0.00000e+00
 159.6000000       2.49200e-17       2.49200e-17       0.00000e+00
 159.7000000       2.49400e-17       2.49400e-17       0.00000e+00
 159.8000000       2.49600e-17       2.49600e-17       0.00000e+00
 159.9000000       2.49800e-17       2.49800e-17       0.00000e+00
 160.0000000       2.50100e-17       2.50100e-17       0.00000e+00
 160.1000000       2.51000e-17       2.51000e-17       0.00000e+00
 160.2000000       2.52000e-17       2.52000e-17       0.00000e+00
 160.3000000       2.53000e-17       2.53000e-17       0.00000e+00
 160.4000000       2.54000e-17       2.54000e-17       0.00000e+00
 160.5000000       2.55000e-17       2.55000e-17       0.00000e+00
 160.6000000       2.56000e-17       2.56000e-17       0.00000e+00
 160.7000000       2.57000e-17       2.57000e-17       0.00000e+00
 160.8000000       2.58000e-17       2.58000e-17       0.00000e+00
 160.9000000       2.59000e-17       2.59000e-17       0.00000e+00
 161.0000000       2.60000e-17       2.60000e-17       0.00000e+00
 161.1000000       2.61000e-17       2.61000e-17       0.00000e+00
 161.2000000       2.62000e-17       2.62000e-17       0.00000e+00
 161.3000000       2.63000e-17       2.63000e-17       0.00000e+00
 161.4000000       2.64000e-17       2.64000e-17       0.00000e+00
 161.5000000       2.65000e-17       2.65000e-17       0.00000e+00
 161.6000000       2.66000e-17       2.66000e-17       0.00000e+00
 161.7000000       2.67000e-17       2.67000e-17       0.00000e+00
 161.8000000       2.68000e-17       2.68000e-17       0.00000e+00
 161.9000000       2.69000e-17       2.69000e-17       0.00000e+00
 162.0000000       2.70000e-17       2.70000e-17       0.00000e+00
 162.1000000       2.71000e-17       2.71000e-17       0.00000e+00
 162.2000000       2.72000e-17       2.72000e-17       0.00000e+00
 162.3000000       2.73000e-17       2.73000e-17       0.00000e+00
 162.4000000       2.74000e-17       2.74000e-17       0.00000e+00
 162.5000000       2.75000e-17       2.75000e-17       0.00000e+00
 162.6000000       2.76000e-17       2.76000e-17       0.00000e+00
 162.7000000       2.77000e-17       2.77000e-17       0.00000e+00
 162.8000000       2.78000e-17       2.78000e-17       0.00000e+00
 162.9000000       2.79000e-17       2.79000e-17       0.00000e+00
 163.0000000       2.80000e-17       2.80000e-17       0.00000e+00
 163.1000000       2.81000e-17       2.81000e-17       0.00000e+00
 163.2000000       2.82000e-17       2.82000e-17       0.00000e+00
 163.3000000       2.83000e-17       2.83000e-17       0.00000e+00
 163.4000000       2.84000e-17       2.84000e-17       0.00000e+00
 163.5000000       2.85000e-17       2.85000e-17       0.00000e+00
 163.6000000       2.86000e-17       2.86000e-17       0.00000e+00
 163.7000000       2.87000e-17       2.87000e-17       0.00000e+00
 163.8000000       2.88000e-17       2.88000e-17       0.00000e+00
 163.9000000       2.89000e-17       2.89000e-17       0.00000e+00
 164.0000000       2.90000e-17       2.90000e-17       0.00000e+00
 164.1000000       2.91000e-17       2.91000e-17       0.00000e+00
 164.2000000       2.92000e-17       2.92000e-17       0.00000e+00
 164.3000000       2.93000e-17       2.93000e-17       0.00000e+00
 164.4000000       2.94000e-17       2.94000e-17       0.00000e+00
 164.5000000       2.95000e-17       2.95000e-17       0.00000e+00
 164.6000000       2.96000e-17       2.96000e-17       0.00000e+00
 164.7000000       2.97000e-17       2.97000e-17       0.00000e+00
 164.8000000       2.98000e-17       2.98000e-17       0.00000e+00
 164.9000000       2.99000e-17       2.99000e-17       0.00000e+00
 165.0000000       2.99500e-17       2.99500e-17       0.00000e+00
 165.1000000       2.97000e-17       2.97000e-17       0.00000e+00
 165.2000000       2.94000e-17       2.94000e-17       0.00000e+00
 165.3000000       2.91000e-17       2.91000e-17       0.00000e+00
 165.4000000       2.88000e-17       2.88000e-17       0.00000e+00
 165.5000000       2.85000e-17       2.85000e-17       0.00000e+00
 165.6000000       2.82000e-17       2.82000e-17       0.00000e+00
 165.7000000       2.79000e-17       2.79000e-17       0.00000e+00
 165.8000000       2.76000e-17       2.76000e-17       0.00000e+00
 165.9000000       2.73000e-17       2.73000e-17       0.00000e+00
 166.0000000       2.70000e-17       2.70000e-17       0.00000e+00
 166.1000000       2.67000e-17       2.67000e-17       0.00000e+00
 166.2000000       2.64000e-17       2.64000e-17       0.00000e+00
 166.3000000       2.61000e-17       2.61000e-17       0.00000e+00
 166.4000000       2.58000e-17       2.58000e-17       0.00000e+00
 166.5000000       2.55000e-17       2.55000e-17       0.00000e+00
 166.6000000       2.52000e-17       2.52000e-17       0.00000e+00
 166.7000000       2.49000e-17       2.49000e-17       0.00000e+00
 166.8000000       2.46000e-17       2.46000e-17       0.00000e+00
 166.9000000       2.43000e-17       2.43000e-17       0.00000e+00
 167.0000000       2.40000e-17       2.40000e-17       0.00000e+00
 167.1000000       2.37000e-17       2.37000e-17       0.00000e+00
 167.2000000       2.34000e-17       2.34000e-17       0.00000e+00
 167.3000000       2.31000e-17       2.31000e-17       0.00000e+00
 167.4000000       2.28000e-17       2.28000e-17       0.00000e+00
 167.5000000       2.25000e-17       2.25000e-17       0.00000e+00
 167.6000000       2.22000e-17       2.22000e-17       0.00000e+00
 167.7000000       2.19001e-17       2.19001e-17       0.00000e+00
 167.8000000       2.16002e-17       2.16002e-17       0.00000e+00
 167.9000000       2.13007e-17       2.13007e-17       0.00000e+00
 168.0000000       2.10022e-17       2.10022e-17       0.00000e+00
 168.1000000       2.07063e-17       2.07063e-17       0.00000e+00
 168.2000000       2.04172e-17       2.04172e-17       0.00000e+00
 168.3000000       2.01449e-17       2.01449e-17       0.00000e+00
 168.4000000       1.99106e-17       1.99106e-17       0.00000e+00
 168.5000000       1.97581e-17       1.97581e-17       0.00000e+00
 168.6000000       1.97704e-17       1.97704e-17       0.00000e+00
 168.7000000       2.00934e-17       2.00934e-17       0.00000e+00
 168.8000000       2.09641e-17       2.09641e-17       0.00000e+00
 168.9000000       2.27339e-17       2.27339e-17       0.00000e+00
 169.0000000       2.58735e-17       2.58735e-17       0.00000e+00
 169.1000000       3.09376e-17       3.09376e-17       0.00000e+00
 169.2000000       3.84718e-17       3.84718e-17       0.00000e+00
 169.3000000       4.88578e-17       4.88578e-17       0.00000e+00
 169.4000000       6.21157e-17       6.21157e-17       0.00000e+00
 169.5000000       7.77204e-17       7.77204e-17       0.00000e+00
 169.6000000       9.45053e-17       9.45053e-17       0.00000e+00
 169.7000000       1.10727e-16       1.10727e-16       0.00000e+00
 169.8000000       1.24323e-16       1.24323e-16       0.00000e+00
 169.9000000       1.33320e-16       1.33320e-16       0.00000e+00
 170.0000000       1.36314e-16       1.36314e-16       0.00000e+00
 170.1000000       1.32900e-16       1.32900e-16       0.00000e+00
 170.2000000       1.23483e-16       1.23483e-16       0.00000e+00
 170.3000000       1.09467e-16       1.09467e-16       0.00000e+00
 170.4000000       9.28253e-17       9.28253e-17       0.00000e+00
 170.5000000       7.56204e-17       7.56204e-17       0.00000e+00
 170.6000000       5.95957e-17       5.95957e-17       0.00000e+00
 170.7000000       4.59178e-17       4.59178e-17       0.00000e+00
 170.8000000       3.51118e-17       3.51118e-17       0.00000e+00
 170.9000000       2.71576e-17       2.71576e-17       0.00000e+00
 171.0000000       2.16735e-17       2.16735e-17       0.00000e+00
 171.1000000       1.81139e-17       1.81139e-17       0.00000e+00
 171.2000000       1.59241e-17       1.59241e-17       0.00000e+00
 171.3000000       1.46334e-17       1.46334e-17       0.00000e+00
 171.4000000       1.38904e-17       1.38904e-17       0.00000e+00
 171.5000000       1.34581e-17       1.34581e-17       0.00000e+00
 171.6000000       1.31906e-17       1.31906e-17       0.00000e+00
 171.7000000       1.30049e-17       1.30049e-17       0.00000e+00
 171.8000000       1.28572e-17       1.28572e-17       0.00000e+00
 171.9000000       1.27263e-17       1.27263e-17       0.00000e+00
 172.0000000       1.26022e-17       1.26022e-17       0.00000e+00
 172.1000000       1.24807e-17       1.24807e-17       0.00000e+00
 172.2000000       1.23602e-17       1.23602e-17       0.00000e+00
 172.3000000       1.22401e-17       1.22401e-17       0.00000e+00
 172.4000000       1.21200e-17       1.21200e-17       0.00000e+00
 172.5000000       1.20000e-17       1.20000e-17       0.00000e+00
 172.6000000       1.18800e-17       1.18800e-17       0.00000e+00
 172.7000000       1.17600e-17       1.17600e-17       0.00000e+00
 172.8000000       1.16400e-17       1.16400e-17       0.00000e+00
 172.9000000       1.15200e-17       1.15200e-17       0.00000e+00
 173.0000000       1.14000e-17       1.14000e-17       0.00000e+00
 173.1000000       1.12800e-17       1.12800e-17       0.00000e+00
 173.2000000       1.11600e-17       1.11600e-17       0.00000e+00
 173.3000000       1.10400e-17       1.10400e-17       0.00000e+00
 173.4000000       1.09200e-17       1.09200e-17       0.00000e+00
 173.5000000       1.08000e-17       1.08000e-17       0.00000e+00
 173.6000000       1.06800e-17       1.06800e-17       0.00000e+00
 173.7000000       1.05600e-17       1.05600e-17       0.00000e+00
 173.8000000       1.04400e-17       1.04400e-17       0.00000e+00
 173.9000000       1.03200e-17       1.03200e-17       0.00000e+00
 174.0000000       1.02000e-17       1.02000e-17       0.00000e+00
 174.1000000       1.00800e-17       1.00800e-17       0.00000e+00
 174.2000000       9.96000e-18       9.96000e-18       0.00000e+00
 174.3000000       9.84000e-18       9.84000e-18       0.00000e+00
 174.4000000       9.72000e-18       9.72000e-18       0.00000e+00
 174.5000000       9.60000e-18       9.60000e-18       0.00000e+00
 174.6000000       9.48000e-18       9.48000e-18       0.00000e+00
 174.7000000       9.36000e-18       9.36000e-18       0.00000e+00
 174.8000000       9.24000e-18       9.24000e-18       0.00000e+00
 174.9000000       9.12000e-18       9.12000e-18       0.00000e+00
 175.0000000       8.99500e-18       8.99500e-18       0.00000e+00
 175.1000000       8.84000e-18       8.84000e-18       0.00000e+00
 175.2000000       8.68000e-18       8.68000e-18       0.00000e+00
 175.3000000       8.52000e-18       8.52000e-18       0.00000e+00
 175.4000000       8.36000e-18       8.36000e-18       0.00000e+00
 175.5000000       8.20000e-18       8.20000e-18       0.00000e+00
 175.6000000       8.04000e-18       8.04000e-18       0.00000e+00
 175.7000000       7.88000e-18       7.88000e-18       0.00000e+00
 175.8000000       7.72000e-18       7.72000e-18       0.00000e+00
 175.9000000       7.56000e-18       7.56000e-18       0.00000e+00
 176.0000000       7.40000e-18       7.40000e-18       0.00000e+00
 176.1000000       7.24000e-18       7.24000e-18       0.00000e+00
 176.2000000       7.08000e-18       7.08000e-18       0.00000e+00
 176.3000000       6.92000e-18       6.92000e-18       0.00000e+00
 176.4000000       6.76000e-18       6.76000e-18       0.00000e+00
 176.5000000       6.60000e-18       6.60000e-18       0.00000e+00
 176.6000000       6.44000e-18       6.44000e-18       0.00000e+00
 176.7000000       6.28000e-18       6.28000e-18       0.00000e+00
 176.8000000       6.12000e-18       6.12000e-18       0.00000e+00
 176.9000000       5.96000e-18       5.96000e-18       0.00000e+00
 177.0000000       5.80000e-18       5.80000e-18       0.00000e+00
 177.1000000       5.64000e-18       5.64000e-18       0.00000e+00
 177.2000000       5.48000e-18       5.48000e-18       0.00000e+00
 177.3000000       5.32000e-18       5.32000e-18       0.00000e+00
 177.4000000       5.16000e-18       5.16000e-18       0.00000e+00
 177.5000000       5.00000e-18       5.00000e-18       0.00000e+00
 177.6000000       4.84000e-18       4.84000e-18       0.00000e+00
 177.7000000       4.68000e-18       4.68000e-18       0.00000e+00
 177.8000000       4.52000e-18       4.52000e-18       0.00000e+00
 177.9000000       4.36000e-18       4.36000e-18       0.00000e+00
 178.0000000       4.20000e-18       4.20000e-18       0.00000e+00
 178.1000000       4.04000e-18       4.04000e-18       0.00000e+00
 178.2000000       3.88000e-18       3.88000e-18       0.00000e+00
 178.3000000       3.72000e-18       3.72000e-18       0.00000e+00
 178.4000000       3.56000e-18       3.56000e-18       0.00000e+00
 178.5000000       3.40000e-18       3.40000e-18       0.00000e+00
 178.6000000       3.24000e-18       3.24000e-18       0.00000e+00
 178.7000000       3.08000e-18       3.08000e-18       0.00000e+00
 178.8000000       2.92000e-18       2.92000e-18       0.00000e+00
 178.9000000       2.76000e-18       2.76000e-18       0.00000e+00
 179.0000000       2.60000e-18       2.60000e-18       0.00000e+00
 179.1000000       2.44000e-18       2.44000e-18       0.00000e+00
 179.2000000       2.28000e-18       2.28000e-18       0.00000e+00
 179.3000000       2.12000e-18       2.12000e-18       0.00000e+00
 179.4000000       1.96000e-18       1.96000e-18       0.00000e+00
 179.5000000       1.80000e-18       1.80000e-18       0.00000e+00
 179.6000000       1.64000e-18       1.64000e-18       0.00000e+00
 179.7000000       1.48000e-18       1.48000e-18       0.00000e+00
 179.8000000       1.32000e-18       1.32000e-18       0.00000e+00
 179.9000000       1.16000e-18       1.16000e-18       0.00000e+00
 180.0000000       1.01842e-18       1.01842e-18       0.00000e+00
 180.1000000       9.87400e-19       9.87400e-19       0.00000e+00
 180.2000000       9.74800e-19       9.74800e-19       0.00000e+00
 180.3000000       9.62200e-19       9.62200e-19       0.00000e+00
 180.4000000       9.49600e-19       9.49600e-19       0.00000e+00
 180.5000000       9.37000e-19       9.37000e-19       0.00000e+00
 180.6000000       9.24400e-19       9.24400e-19       0.00000e+00
 180.7000000       9.11800e-19       9.11800e-19       0.00000e+00
 180.8000000       8.99200e-19       8.99200e-19       0.00000e+00
 180.9000000       8.86600e-19       8.86600e-19       0.00000e+00
 181.0000000       8.74000e-19       8.74000e-19       0.00000e+00
 181.1000000       8.61400e-19       8.61400e-19       0.00000e+00
 181.2000000       8.48800e-19       8.48800e-19       0.00000e+00
 181.3000000       8.36200e-19       8.36200e-19       0.00000e+00
 181.4000000       8.23600e-19       8.23600e-19       0.00000e+00
 181.5000000       8.11000e-19       8.11000e-19       0.00000e+00
 181.6000000       7.98400e-19       7.98400e-19       0.00000e+00
 181.7000000       7.85800e-19       7.85800e-19       0.00000e+00
 181.8000000       7.73200e-19       7.73200e-19       0.00000e+00
 181.9000000       7.60600e-19       7.60600e-19       0.00000e+00
 182.0000000       7.48000e-19       7.48000e-19       0.00000e+00
 182.1000000       7.35400e-19       7.35400e-19       0.00000e+00
 182.2000000       7.22800e-19       7.22800e-19       0.00000e+00
 182.3000000       7.10200e-19       7.10200e-19       0.00000e+00
 182.4000000       6.97600e-19       6.97600e-19       0.00000e+00
 182.5000000       6.85000e-19       6.85000e-19       0.00000e+00
 182.6000000       6.72400e-19       6.72400e-19       0.00000e+00
 182.7000000       6.59800e-19       6.59800e-19       0.00000e+00
 182.8000000       6.47200e-19       6.47200e-19       0.00000e+00
 182.9000000       6.34600e-19       6.34600e-19       0.00000e+00
 183.0000000       6.22000e-19       6.22000e-19       0.00000e+00
 183.1000000       6.09400e-19       6.09400e-19       0.00000e+00
 183.2000000       5.96800e-19       5.96800e-19       0.00000e+00
 183.3000000       5.84200e-19       5.84200e-19       0.00000e+00
 183.4000000       5.71600e-19       5.71600e-19       0.00000e+00
 183.5000000       5.59000e-19       5.59000e-19       0.00000e+00
 183.6000000       5.46400e-19       5.46400e-19       0.00000e+00
 183.7000000       5.33800e-19       5.33800e-19       0.00000e+00
 183.8000000       5.21200e-19       5.21200e-19       0.00000e+00
 183.9000000       5.08600e-19       5.08600e-19       0.00000e+00
 184.0000000       4.96000e-19       4.96000e-19       0.00000e+00
 184.1000000       4.83400e-19       4.83400e-19       0.00000e+00
 184.2000000       4.70800e-19       4.70800e-19       0.00000e+00
 184.3000000       4.58200e-19       4.58200e-19       0.00000e+00
 184.4000000       4.45600e-19       4.45600e-19       0.00000e+00
 184.5000000       4.33000e-19       4.33000e-19       0.00000e+00
 184.6000000       4.20400e-19       4.20400e-19       0.00000e+00
 184.7000000       4.07800e-19       4.07800e-19       0.00000e+00
 184.8000000       3.95200e-19       3.95200e-19       0.00000e+00
 184.9000000       3.82600e-19       3.82600e-19       0.00000e+00
 185.0000000       3.71112e-19       3.71112e-19       0.00000e+00
 185.1000000       3.66300e-19       3.66300e-19       0.00000e+00
 185.2000000       3.62600e-19       3.62600e-19       0.00000e+00
 185.3000000       3.58900e-19       3.58900e-19       0.00000e+00
 185.4000000       3.55200e-19       3.55200e-19       0.00000e+00
 185.5000000       3.51500e-19       3.51500e-19       0.00000e+00
 185.6000000       3.47800e-19       3.47800e-19       0.00000e+00
 185.7000000       3.44100e-19       3.44100e-19       0.00000e+00
 185.8000000       3.40400e-19       3.40400e-19       0.00000e+00
 185.9000000       3.36700e-19       3.36700e-19       0.00000e+00
 186.0000000       3.33000e-19       3.33000e-19       0.00000e+00
 186.1000000       3.29300e-19       3.29300e-19       0.00000e+00
 186.2000000       3.25600e-19       3.25600e-19       0.00000e+00
 186.3000000       3.21900e-19       3.21900e-19       0.00000e+00
 186.4000000       3.18200e-19       3.18200e-19       0.00000e+00
 186.5000000       3.14500e-19       3.14500e-19       0.00000e+00
 186.6000000       3.10800e-19       3.10800e-19       0.00000e+00
 186.7000000       3.07100e-19       3.07100e-19       0.00000e+00
 186.8000000       3.03400e-19       3.03400e-19       0.00000e+00
 186.9000000       2.99700e-19       2.99700e-19       0.00000e+00
 187.0000000       2.96000e-19       2.96000e-19       0.00000e+00
 187.1000000       2.92300e-19       2.92300e-19       0.00000e+00
 187.2000000       2.88600e-19       2.88600e-19       0.00000e+00
 187.3000000       2.84900e-19       2.84900e-19       0.00000e+00
 187.4000000       2.81200e-19       2.81200e-19       0.00000e+00
 187.5000000       2.77500e-19       2.77500e-19       0.00000e+00
 187.6000000       2.73800e-19       2.73800e-19       0.00000e+00
 187.7000000       2.70100e-19       2.70100e-19       0.00000e+00
 187.8000000       2.66400e-19       2.66400e-19       0.00000e+00
 187.9000000       2.62700e-19       2.62700e-19       0.00000e+00
 188.0000000       2.59000e-19       2.59000e-19       0.00000e+00
 188.1000000       2.55300e-19       2.55300e-19       0.00000e+00
 188.2000000       2.51600e-19       2.51600e-19       0.00000e+00
 188.3000000       2.47900e-19       2.47900e-19       0.00000e+00
 188.4000000       2.44200e-19       2.44200e-19       0.00000e+00
 188.5000000       2.40500e-19       2.40500e-19       0.00000e+00
 188.6000000       2.36800e-19       2.36800e-19       0.00000e+00
 188.7000000       2.33100e-19       2.33100e-19       0.00000e+00
 188.8000000       2.29400e-19       2.29400e-19       0.00000e+00
 188.9000000       2.25700e-19       2.25700e-19       0.00000e+00
 189.0000000       2.22000e-19       2.22000e-19       0.00000e+00
 189.1000000       2.18300e-19       2.18300e-19       0.00000e+00
 189.2000000       2.14600e-19       2.14600e-19       0.00000e+00
 189.3000000       2.10900e-19       2.10900e-19       0.00000e+00
 189.4000000       2.07200e-19       2.07200e-19       0.00000e+00
 189.5000000       2.03500e-19       2.03500e-19       0.00000e+00
 189.6000000       1.99800e-19       1.99800e-19       0.00000e+00
 189.7000000       1.96100e-19       1.96100e-19       0.00000e+00
 189.8000000       1.92400e-19       1.92400e-19       0.00000e+00
 189.9000000       1.88700e-19       1.88700e-19       0.00000e+00
 190.0000000       1.85000e-19       1.85000e-19       0.00000e+00
 190.1000000       1.81300e-19       1.81300e-19       0.00000e+00
 190.2000000       1.77600e-19       1.77600e-19       0.00000e+00
 190.3000000       1.73900e-19       1.73900e-19       0.00000e+00
 190.4000000       1.70200e-19       1.70200e-19       0.00000e+00
 190.5000000       1.66500e-19       1.66500e-19       0.00000e+00
 190.6000000       1.62800e-19       1.62800e-19       0.00000e+00
 190.7000000       1.59100e-19       1.59100e-19       0.00000e+00
 190.8000000       1.55400e-19       1.55400e-19       0.00000e+00
 190.9000000       1.51700e-19       1.51700e-19       0.00000e+00
 191.0000000       1.48000e-19       1.48000e-19       0.00000e+00
 191.1000000       1.44300e-19       1.44300e-19       0.00000e+00
 191.2000000       1.40600e-19       1.40600e-19       0.00000e+00
 191.3000000       1.36900e-19       1.36900e-19       0.00000e+00
 191.4000000       1.33200e-19       1.33200e-19       0.00000e+00
 191.5000000       1.29500e-19       1.29500e-19       0.00000e+00
 191.6000000       1.25800e-19       1.25800e-19       0.00000e+00
 191.7000000       1.22100e-19       1.22100e-19       0.00000e+00
 191.8000000       1.18400e-19       1.18400e-19       0.00000e+00
 191.9000000       1.14700e-19       1.14700e-19       0.00000e+00
 192.0000000       1.11000e-19       1.11000e-19       0.00000e+00
 192.1000000       1.07300e-19       1.07300e-19       0.00000e+00
 192.2000000       1.03600e-19       1.03600e-19       0.00000e+00
 192.3000000       9.99000e-20       9.99000e-20       0.00000e+00
 192.4000000       9.62000e-20       9.62000e-20       0.00000e+00
 192.5000000       9.25000e-20       9.25000e-20       0.00000e+00
 192.6000000       8.88000e-20       8.88000e-20       0.00000e+00
 192.7000000       8.51000e-20       8.51000e-20       0.00000e+00
 192.8000000       8.14000e-20       8.14000e-20       0.00000e+00
 192.9000000       7.77000e-20       7.77000e-20       0.00000e+00
 193.0000000       7.40000e-20       7.40000e-20       0.00000e+00
 193.1000000       7.03000e-20       7.03000e-20       0.00000e+00
 193.2000000       6.66000e-20       6.66000e-20       0.00000e+00
 193.3000000       6.29000e-20       6.29000e-20       0.00000e+00
 193.4000000       5.92000e-20       5.92000e-20       0.00000e+00
 193.5000000       5.55000e-20       5.55000e-20       0.00000e+00
 193.6000000       5.18000e-20       5.18000e-20       0.00000e+00
 193.7000000       4.81000e-20       4.81000e-20       0.00000e+00
 193.8000000       4.44000e-20       4.44000e-20       0.00000e+00
 193.9000000       4.07000e-20       4.07000e-20       0.00000e+00
 194.0000000       3.70000e-20       3.70000e-20       0.00000e+00
 194.1000000       3.33000e-20       3.33000e-20       0.00000e+00
 194.2000000       2.96000e-20       2.96000e-20       0.00000e+00
 194.3000000       2.59000e-20       2.59000e-20       0.00000e+00
 194.4000000       2.22000e-20       2.22000e-20       0.00000e+00
 194.5000000       1.85000e-20       1.85000e-20       0.00000e+00
 194.6000000       1.48000e-20       1.48000e-20       0.00000e+00
 194.7000000       1.11000e-20       1.11000e-20       0.00000e+00
 194.8000000       7.40000e-21       7.40000e-21       0.00000e+00
 194.9000000       4.62500e-21       4.62500e-21       0.00000e+00
