# C2H6 cross sections
# Alan Heays 2016-11-04
# References: kameta1996, chen2004
# photoabsorption   -- Photoabsorption cross section (cm2)
# photodissociation -- Photodissociation cross section (cm2)
# photoionisation   -- Photoionisation cross section (cm2)
# 
# wavelength   photoabsorption photodissociation   photoionisation
  15.4000000       1.48465e-18       0.00000e+00       1.48465e-18
  15.5000000       1.51003e-18       0.00000e+00       1.51003e-18
  15.6000000       1.54387e-18       0.00000e+00       1.54387e-18
  15.7000000       1.57771e-18       0.00000e+00       1.57771e-18
  15.8000000       1.61155e-18       0.00000e+00       1.61155e-18
  15.9000000       1.64539e-18       0.00000e+00       1.64539e-18
  16.0000000       1.67923e-18       0.00000e+00       1.67923e-18
  16.1000000       1.71306e-18       0.00000e+00       1.71306e-18
  16.2000000       1.74690e-18       0.00000e+00       1.74690e-18
  16.3000000       1.78074e-18       0.00000e+00       1.78074e-18
  16.4000000       1.81458e-18       0.00000e+00       1.81458e-18
  16.5000000       1.84842e-18       0.00000e+00       1.84842e-18
  16.6000000       1.88226e-18       0.00000e+00       1.88226e-18
  16.7000000       1.91610e-18       0.00000e+00       1.91610e-18
  16.8000000       1.94994e-18       0.00000e+00       1.94994e-18
  16.9000000       1.98378e-18       0.00000e+00       1.98378e-18
  17.0000000       2.01762e-18       0.00000e+00       2.01762e-18
  17.1000000       2.05145e-18       0.00000e+00       2.05145e-18
  17.2000000       2.08529e-18       0.00000e+00       2.08529e-18
  17.3000000       2.11913e-18       0.00000e+00       2.11913e-18
  17.4000000       2.15297e-18       0.00000e+00       2.15297e-18
  17.5000000       2.18681e-18       0.00000e+00       2.18681e-18
  17.6000000       2.22065e-18       0.00000e+00       2.22065e-18
  17.7000000       2.25449e-18       0.00000e+00       2.25449e-18
  17.8000000       2.28833e-18       0.00000e+00       2.28833e-18
  17.9000000       2.32217e-18       0.00000e+00       2.32217e-18
  18.0000000       2.35601e-18       0.00000e+00       2.35601e-18
  18.1000000       2.38984e-18       0.00000e+00       2.38984e-18
  18.2000000       2.42368e-18       0.00000e+00       2.42368e-18
  18.3000000       2.45752e-18       0.00000e+00       2.45752e-18
  18.4000000       2.49136e-18       0.00000e+00       2.49136e-18
  18.5000000       2.52520e-18       0.00000e+00       2.52520e-18
  18.6000000       2.55904e-18       0.00000e+00       2.55904e-18
  18.7000000       2.59288e-18       0.00000e+00       2.59288e-18
  18.8000000       2.62672e-18       0.00000e+00       2.62672e-18
  18.9000000       2.66056e-18       0.00000e+00       2.66056e-18
  19.0000000       2.69439e-18       0.00000e+00       2.69439e-18
  19.1000000       2.72823e-18       0.00000e+00       2.72823e-18
  19.2000000       2.76207e-18       0.00000e+00       2.76207e-18
  19.3000000       2.79591e-18       0.00000e+00       2.79591e-18
  19.4000000       2.82975e-18       0.00000e+00       2.82975e-18
  19.5000000       2.86359e-18       0.00000e+00       2.86359e-18
  19.6000000       2.89743e-18       0.00000e+00       2.89743e-18
  19.7000000       2.93127e-18       0.00000e+00       2.93127e-18
  19.8000000       2.96511e-18       0.00000e+00       2.96511e-18
  19.9000000       2.99895e-18       0.00000e+00       2.99895e-18
  20.0000000       3.03278e-18       0.00000e+00       3.03278e-18
  20.1000000       3.06848e-18       0.00000e+00       3.06848e-18
  20.2000000       3.11768e-18       0.00000e+00       3.11768e-18
  20.3000000       3.16960e-18       0.00000e+00       3.16960e-18
  20.4000000       3.22151e-18       0.00000e+00       3.22151e-18
  20.5000000       3.27342e-18       0.00000e+00       3.27342e-18
  20.6000000       3.32533e-18       0.00000e+00       3.32533e-18
  20.7000000       3.37724e-18       0.00000e+00       3.37724e-18
  20.8000000       3.42915e-18       0.00000e+00       3.42915e-18
  20.9000000       3.48106e-18       0.00000e+00       3.48106e-18
  21.0000000       3.53297e-18       0.00000e+00       3.53297e-18
  21.1000000       3.58488e-18       0.00000e+00       3.58488e-18
  21.2000000       3.63679e-18       0.00000e+00       3.63679e-18
  21.3000000       3.68871e-18       0.00000e+00       3.68871e-18
  21.4000000       3.74062e-18       0.00000e+00       3.74062e-18
  21.5000000       3.79253e-18       0.00000e+00       3.79253e-18
  21.6000000       3.84444e-18       0.00000e+00       3.84444e-18
  21.7000000       3.89635e-18       0.00000e+00       3.89635e-18
  21.8000000       3.94826e-18       0.00000e+00       3.94826e-18
  21.9000000       4.00017e-18       0.00000e+00       4.00017e-18
  22.0000000       4.05208e-18       0.00000e+00       4.05208e-18
  22.1000000       4.10399e-18       0.00000e+00       4.10399e-18
  22.2000000       4.15590e-18       0.00000e+00       4.15590e-18
  22.3000000       4.20782e-18       0.00000e+00       4.20782e-18
  22.4000000       4.25973e-18       0.00000e+00       4.25973e-18
  22.5000000       4.31164e-18       0.00000e+00       4.31164e-18
  22.6000000       4.36355e-18       0.00000e+00       4.36355e-18
  22.7000000       4.41546e-18       0.00000e+00       4.41546e-18
  22.8000000       4.46737e-18       0.00000e+00       4.46737e-18
  22.9000000       4.51928e-18       0.00000e+00       4.51928e-18
  23.0000000       4.57119e-18       0.00000e+00       4.57119e-18
  23.1000000       4.62310e-18       0.00000e+00       4.62310e-18
  23.2000000       4.67501e-18       0.00000e+00       4.67501e-18
  23.3000000       4.72693e-18       0.00000e+00       4.72693e-18
  23.4000000       4.77884e-18       0.00000e+00       4.77884e-18
  23.5000000       4.83075e-18       0.00000e+00       4.83075e-18
  23.6000000       4.88266e-18       0.00000e+00       4.88266e-18
  23.7000000       4.93457e-18       0.00000e+00       4.93457e-18
  23.8000000       4.98648e-18       0.00000e+00       4.98648e-18
  23.9000000       5.03839e-18       0.00000e+00       5.03839e-18
  24.0000000       5.09030e-18       0.00000e+00       5.09030e-18
  24.1000000       5.14221e-18       0.00000e+00       5.14221e-18
  24.2000000       5.19412e-18       0.00000e+00       5.19412e-18
  24.3000000       5.24604e-18       0.00000e+00       5.24604e-18
  24.4000000       5.29795e-18       0.00000e+00       5.29795e-18
  24.5000000       5.34986e-18       0.00000e+00       5.34986e-18
  24.6000000       5.40207e-18       0.00000e+00       5.40207e-18
  24.7000000       5.46553e-18       0.00000e+00       5.46553e-18
  24.8000000       5.53469e-18       0.00000e+00       5.53469e-18
  24.9000000       5.60386e-18       0.00000e+00       5.60386e-18
  25.0000000       5.67302e-18       0.00000e+00       5.67302e-18
  25.1000000       5.74218e-18       0.00000e+00       5.74218e-18
  25.2000000       5.81134e-18       0.00000e+00       5.81134e-18
  25.3000000       5.88051e-18       0.00000e+00       5.88051e-18
  25.4000000       5.94967e-18       0.00000e+00       5.94967e-18
  25.5000000       6.01883e-18       0.00000e+00       6.01883e-18
  25.6000000       6.08799e-18       0.00000e+00       6.08799e-18
  25.7000000       6.15716e-18       0.00000e+00       6.15716e-18
  25.8000000       6.22632e-18       0.00000e+00       6.22632e-18
  25.9000000       6.29548e-18       0.00000e+00       6.29548e-18
  26.0000000       6.36464e-18       0.00000e+00       6.36464e-18
  26.1000000       6.43381e-18       0.00000e+00       6.43381e-18
  26.2000000       6.50297e-18       0.00000e+00       6.50297e-18
  26.3000000       6.57213e-18       0.00000e+00       6.57213e-18
  26.4000000       6.64129e-18       0.00000e+00       6.64129e-18
  26.5000000       6.71046e-18       0.00000e+00       6.71046e-18
  26.6000000       6.77962e-18       0.00000e+00       6.77962e-18
  26.7000000       6.84878e-18       0.00000e+00       6.84878e-18
  26.8000000       6.91794e-18       0.00000e+00       6.91794e-18
  26.9000000       6.98711e-18       0.00000e+00       6.98711e-18
  27.0000000       7.05627e-18       0.00000e+00       7.05627e-18
  27.1000000       7.12543e-18       0.00000e+00       7.12543e-18
  27.2000000       7.19459e-18       0.00000e+00       7.19459e-18
  27.3000000       7.26376e-18       0.00000e+00       7.26376e-18
  27.4000000       7.33292e-18       0.00000e+00       7.33292e-18
  27.5000000       7.40208e-18       0.00000e+00       7.40208e-18
  27.6000000       7.47124e-18       0.00000e+00       7.47124e-18
  27.7000000       7.54041e-18       0.00000e+00       7.54041e-18
  27.8000000       7.60957e-18       0.00000e+00       7.60957e-18
  27.9000000       7.67873e-18       0.00000e+00       7.67873e-18
  28.0000000       7.74789e-18       0.00000e+00       7.74789e-18
  28.1000000       7.81706e-18       0.00000e+00       7.81706e-18
  28.2000000       7.88622e-18       0.00000e+00       7.88622e-18
  28.3000000       7.95538e-18       0.00000e+00       7.95538e-18
  28.4000000       8.02454e-18       0.00000e+00       8.02454e-18
  28.5000000       8.09371e-18       0.00000e+00       8.09371e-18
  28.6000000       8.16287e-18       0.00000e+00       8.16287e-18
  28.7000000       8.23203e-18       0.00000e+00       8.23203e-18
  28.8000000       8.30119e-18       0.00000e+00       8.30119e-18
  28.9000000       8.37036e-18       0.00000e+00       8.37036e-18
  29.0000000       8.43952e-18       0.00000e+00       8.43952e-18
  29.1000000       8.50868e-18       0.00000e+00       8.50868e-18
  29.2000000       8.57784e-18       0.00000e+00       8.57784e-18
  29.3000000       8.64701e-18       0.00000e+00       8.64701e-18
  29.4000000       8.71617e-18       0.00000e+00       8.71617e-18
  29.5000000       8.78533e-18       0.00000e+00       8.78533e-18
  29.6000000       8.85449e-18       0.00000e+00       8.85449e-18
  29.7000000       8.92366e-18       0.00000e+00       8.92366e-18
  29.8000000       8.99282e-18       0.00000e+00       8.99282e-18
  29.9000000       9.06198e-18       0.00000e+00       9.06198e-18
  30.0000000       9.13114e-18       0.00000e+00       9.13114e-18
  30.1000000       9.20031e-18       0.00000e+00       9.20031e-18
  30.2000000       9.26947e-18       0.00000e+00       9.26947e-18
  30.3000000       9.33863e-18       0.00000e+00       9.33863e-18
  30.4000000       9.40779e-18       0.00000e+00       9.40779e-18
  30.5000000       9.47695e-18       0.00000e+00       9.47695e-18
  30.6000000       9.54612e-18       0.00000e+00       9.54612e-18
  30.7000000       9.61528e-18       0.00000e+00       9.61528e-18
  30.8000000       9.69508e-18       0.00000e+00       9.69508e-18
  30.9000000       9.79587e-18       0.00000e+00       9.79587e-18
  31.0000000       9.89721e-18       0.00000e+00       9.89721e-18
  31.1000000       9.99856e-18       0.00000e+00       9.99856e-18
  31.2000000       1.00999e-17       0.00000e+00       1.00999e-17
  31.3000000       1.02013e-17       0.00000e+00       1.02013e-17
  31.4000000       1.03026e-17       0.00000e+00       1.03026e-17
  31.5000000       1.04040e-17       0.00000e+00       1.04040e-17
  31.6000000       1.05053e-17       0.00000e+00       1.05053e-17
  31.7000000       1.06067e-17       0.00000e+00       1.06067e-17
  31.8000000       1.07080e-17       0.00000e+00       1.07080e-17
  31.9000000       1.08093e-17       0.00000e+00       1.08093e-17
  32.0000000       1.09107e-17       0.00000e+00       1.09107e-17
  32.1000000       1.10120e-17       0.00000e+00       1.10120e-17
  32.2000000       1.11134e-17       0.00000e+00       1.11134e-17
  32.3000000       1.12147e-17       0.00000e+00       1.12147e-17
  32.4000000       1.13161e-17       0.00000e+00       1.13161e-17
  32.5000000       1.14174e-17       0.00000e+00       1.14174e-17
  32.6000000       1.15188e-17       0.00000e+00       1.15188e-17
  32.7000000       1.16201e-17       0.00000e+00       1.16201e-17
  32.8000000       1.17215e-17       0.00000e+00       1.17215e-17
  32.9000000       1.18228e-17       0.00000e+00       1.18228e-17
  33.0000000       1.19242e-17       0.00000e+00       1.19242e-17
  33.1000000       1.20255e-17       0.00000e+00       1.20255e-17
  33.2000000       1.21269e-17       0.00000e+00       1.21269e-17
  33.3000000       1.22282e-17       0.00000e+00       1.22282e-17
  33.4000000       1.23296e-17       0.00000e+00       1.23296e-17
  33.5000000       1.24309e-17       0.00000e+00       1.24309e-17
  33.6000000       1.25323e-17       0.00000e+00       1.25323e-17
  33.7000000       1.26336e-17       0.00000e+00       1.26336e-17
  33.8000000       1.27350e-17       0.00000e+00       1.27350e-17
  33.9000000       1.28363e-17       0.00000e+00       1.28363e-17
  34.0000000       1.29377e-17       0.00000e+00       1.29377e-17
  34.1000000       1.30390e-17       0.00000e+00       1.30390e-17
  34.2000000       1.31404e-17       0.00000e+00       1.31404e-17
  34.3000000       1.32417e-17       0.00000e+00       1.32417e-17
  34.4000000       1.33431e-17       0.00000e+00       1.33431e-17
  34.5000000       1.34444e-17       0.00000e+00       1.34444e-17
  34.6000000       1.35458e-17       0.00000e+00       1.35458e-17
  34.7000000       1.36471e-17       0.00000e+00       1.36471e-17
  34.8000000       1.37485e-17       0.00000e+00       1.37485e-17
  34.9000000       1.38498e-17       0.00000e+00       1.38498e-17
  35.0000000       1.39512e-17       0.00000e+00       1.39512e-17
  35.1000000       1.40525e-17       0.00000e+00       1.40525e-17
  35.2000000       1.41538e-17       0.00000e+00       1.41538e-17
  35.3000000       1.42552e-17       0.00000e+00       1.42552e-17
  35.4000000       1.43565e-17       0.00000e+00       1.43565e-17
  35.5000000       1.44579e-17       0.00000e+00       1.44579e-17
  35.6000000       1.45592e-17       0.00000e+00       1.45592e-17
  35.7000000       1.46606e-17       0.00000e+00       1.46606e-17
  35.8000000       1.47619e-17       0.00000e+00       1.47619e-17
  35.9000000       1.48633e-17       0.00000e+00       1.48633e-17
  36.0000000       1.49646e-17       0.00000e+00       1.49646e-17
  36.1000000       1.50660e-17       0.00000e+00       1.50660e-17
  36.2000000       1.51673e-17       0.00000e+00       1.51673e-17
  36.3000000       1.52687e-17       0.00000e+00       1.52687e-17
  36.4000000       1.53700e-17       0.00000e+00       1.53700e-17
  36.5000000       1.54714e-17       0.00000e+00       1.54714e-17
  36.6000000       1.55727e-17       0.00000e+00       1.55727e-17
  36.7000000       1.56741e-17       0.00000e+00       1.56741e-17
  36.8000000       1.57754e-17       0.00000e+00       1.57754e-17
  36.9000000       1.58768e-17       0.00000e+00       1.58768e-17
  37.0000000       1.59781e-17       0.00000e+00       1.59781e-17
  37.1000000       1.60795e-17       0.00000e+00       1.60795e-17
  37.2000000       1.61808e-17       0.00000e+00       1.61808e-17
  37.3000000       1.62822e-17       0.00000e+00       1.62822e-17
  37.4000000       1.63835e-17       0.00000e+00       1.63835e-17
  37.5000000       1.64849e-17       0.00000e+00       1.64849e-17
  37.6000000       1.65862e-17       0.00000e+00       1.65862e-17
  37.7000000       1.66876e-17       0.00000e+00       1.66876e-17
  37.8000000       1.67889e-17       0.00000e+00       1.67889e-17
  37.9000000       1.68903e-17       0.00000e+00       1.68903e-17
  38.0000000       1.69916e-17       0.00000e+00       1.69916e-17
  38.1000000       1.70930e-17       0.00000e+00       1.70930e-17
  38.2000000       1.71943e-17       0.00000e+00       1.71943e-17
  38.3000000       1.72957e-17       0.00000e+00       1.72957e-17
  38.4000000       1.73970e-17       0.00000e+00       1.73970e-17
  38.5000000       1.74983e-17       0.00000e+00       1.74983e-17
  38.6000000       1.75997e-17       0.00000e+00       1.75997e-17
  38.7000000       1.77010e-17       0.00000e+00       1.77010e-17
  38.8000000       1.78024e-17       0.00000e+00       1.78024e-17
  38.9000000       1.79037e-17       0.00000e+00       1.79037e-17
  39.0000000       1.80051e-17       0.00000e+00       1.80051e-17
  39.1000000       1.81064e-17       0.00000e+00       1.81064e-17
  39.2000000       1.82078e-17       0.00000e+00       1.82078e-17
  39.3000000       1.83091e-17       0.00000e+00       1.83091e-17
  39.4000000       1.84105e-17       0.00000e+00       1.84105e-17
  39.5000000       1.85118e-17       0.00000e+00       1.85118e-17
  39.6000000       1.86132e-17       0.00000e+00       1.86132e-17
  39.7000000       1.87145e-17       0.00000e+00       1.87145e-17
  39.8000000       1.88159e-17       0.00000e+00       1.88159e-17
  39.9000000       1.89172e-17       0.00000e+00       1.89172e-17
  40.0000000       1.90186e-17       0.00000e+00       1.90186e-17
  40.1000000       1.91199e-17       0.00000e+00       1.91199e-17
  40.2000000       1.92243e-17       0.00000e+00       1.92243e-17
  40.3000000       1.93562e-17       0.00000e+00       1.93562e-17
  40.4000000       1.94946e-17       0.00000e+00       1.94946e-17
  40.5000000       1.96330e-17       0.00000e+00       1.96330e-17
  40.6000000       1.97714e-17       0.00000e+00       1.97714e-17
  40.7000000       1.99098e-17       0.00000e+00       1.99098e-17
  40.8000000       2.00482e-17       0.00000e+00       2.00482e-17
  40.9000000       2.01866e-17       0.00000e+00       2.01866e-17
  41.0000000       2.03250e-17       0.00000e+00       2.03250e-17
  41.1000000       2.04634e-17       0.00000e+00       2.04634e-17
  41.2000000       2.06018e-17       0.00000e+00       2.06018e-17
  41.3000000       2.07402e-17       0.00000e+00       2.07402e-17
  41.4000000       2.08786e-17       0.00000e+00       2.08786e-17
  41.5000000       2.10170e-17       0.00000e+00       2.10170e-17
  41.6000000       2.11554e-17       0.00000e+00       2.11554e-17
  41.7000000       2.12938e-17       0.00000e+00       2.12938e-17
  41.8000000       2.14322e-17       0.00000e+00       2.14322e-17
  41.9000000       2.15706e-17       0.00000e+00       2.15706e-17
  42.0000000       2.17090e-17       0.00000e+00       2.17090e-17
  42.1000000       2.18474e-17       0.00000e+00       2.18474e-17
  42.2000000       2.19858e-17       0.00000e+00       2.19858e-17
  42.3000000       2.21242e-17       0.00000e+00       2.21242e-17
  42.4000000       2.22626e-17       0.00000e+00       2.22626e-17
  42.5000000       2.24010e-17       0.00000e+00       2.24010e-17
  42.6000000       2.25394e-17       0.00000e+00       2.25394e-17
  42.7000000       2.26778e-17       0.00000e+00       2.26778e-17
  42.8000000       2.28162e-17       0.00000e+00       2.28162e-17
  42.9000000       2.29546e-17       0.00000e+00       2.29546e-17
  43.0000000       2.30930e-17       0.00000e+00       2.30930e-17
  43.1000000       2.32315e-17       0.00000e+00       2.32315e-17
  43.2000000       2.33699e-17       0.00000e+00       2.33699e-17
  43.3000000       2.35083e-17       0.00000e+00       2.35083e-17
  43.4000000       2.36467e-17       0.00000e+00       2.36467e-17
  43.5000000       2.37851e-17       0.00000e+00       2.37851e-17
  43.6000000       2.39235e-17       0.00000e+00       2.39235e-17
  43.7000000       2.40619e-17       0.00000e+00       2.40619e-17
  43.8000000       2.42003e-17       0.00000e+00       2.42003e-17
  43.9000000       2.43387e-17       0.00000e+00       2.43387e-17
  44.0000000       2.44771e-17       0.00000e+00       2.44771e-17
  44.1000000       2.46155e-17       0.00000e+00       2.46155e-17
  44.2000000       2.47539e-17       0.00000e+00       2.47539e-17
  44.3000000       2.48923e-17       0.00000e+00       2.48923e-17
  44.4000000       2.50307e-17       0.00000e+00       2.50307e-17
  44.5000000       2.51691e-17       0.00000e+00       2.51691e-17
  44.6000000       2.53075e-17       0.00000e+00       2.53075e-17
  44.7000000       2.54459e-17       0.00000e+00       2.54459e-17
  44.8000000       2.55843e-17       0.00000e+00       2.55843e-17
  44.9000000       2.57227e-17       0.00000e+00       2.57227e-17
  45.0000000       2.58611e-17       0.00000e+00       2.58611e-17
  45.1000000       2.59995e-17       0.00000e+00       2.59995e-17
  45.2000000       2.61379e-17       0.00000e+00       2.61379e-17
  45.3000000       2.62763e-17       0.00000e+00       2.62763e-17
  45.4000000       2.64147e-17       0.00000e+00       2.64147e-17
  45.5000000       2.65531e-17       0.00000e+00       2.65531e-17
  45.6000000       2.66915e-17       0.00000e+00       2.66915e-17
  45.7000000       2.68299e-17       0.00000e+00       2.68299e-17
  45.8000000       2.69683e-17       0.00000e+00       2.69683e-17
  45.9000000       2.71067e-17       0.00000e+00       2.71067e-17
  46.0000000       2.72451e-17       0.00000e+00       2.72451e-17
  46.1000000       2.73835e-17       0.00000e+00       2.73835e-17
  46.2000000       2.75219e-17       0.00000e+00       2.75219e-17
  46.3000000       2.76603e-17       0.00000e+00       2.76603e-17
  46.4000000       2.77987e-17       0.00000e+00       2.77987e-17
  46.5000000       2.79371e-17       0.00000e+00       2.79371e-17
  46.6000000       2.80755e-17       0.00000e+00       2.80755e-17
  46.7000000       2.82139e-17       0.00000e+00       2.82139e-17
  46.8000000       2.83523e-17       0.00000e+00       2.83523e-17
  46.9000000       2.84907e-17       0.00000e+00       2.84907e-17
  47.0000000       2.86291e-17       0.00000e+00       2.86291e-17
  47.1000000       2.87675e-17       0.00000e+00       2.87675e-17
  47.2000000       2.89059e-17       0.00000e+00       2.89059e-17
  47.3000000       2.90443e-17       0.00000e+00       2.90443e-17
  47.4000000       2.91827e-17       0.00000e+00       2.91827e-17
  47.5000000       2.93211e-17       0.00000e+00       2.93211e-17
  47.6000000       2.94595e-17       0.00000e+00       2.94595e-17
  47.7000000       2.95980e-17       0.00000e+00       2.95980e-17
  47.8000000       2.97364e-17       0.00000e+00       2.97364e-17
  47.9000000       2.98748e-17       0.00000e+00       2.98748e-17
  48.0000000       3.00132e-17       0.00000e+00       3.00132e-17
  48.1000000       3.01516e-17       0.00000e+00       3.01516e-17
  48.2000000       3.02900e-17       0.00000e+00       3.02900e-17
  48.3000000       3.04284e-17       0.00000e+00       3.04284e-17
  48.4000000       3.05668e-17       0.00000e+00       3.05668e-17
  48.5000000       3.07052e-17       0.00000e+00       3.07052e-17
  48.6000000       3.08436e-17       0.00000e+00       3.08436e-17
  48.7000000       3.09820e-17       0.00000e+00       3.09820e-17
  48.8000000       3.11204e-17       0.00000e+00       3.11204e-17
  48.9000000       3.12588e-17       0.00000e+00       3.12588e-17
  49.0000000       3.13972e-17       0.00000e+00       3.13972e-17
  49.1000000       3.15357e-17       5.28890e-22       3.15352e-17
  49.2000000       3.16773e-17       1.81983e-20       3.16591e-17
  49.3000000       3.18205e-17       4.41217e-20       3.17764e-17
  49.4000000       3.19637e-17       7.00452e-20       3.18937e-17
  49.5000000       3.21069e-17       9.59686e-20       3.20110e-17
  49.6000000       3.22501e-17       1.21892e-19       3.21282e-17
  49.7000000       3.23933e-17       1.47816e-19       3.22455e-17
  49.8000000       3.25365e-17       1.73739e-19       3.23628e-17
  49.9000000       3.26797e-17       1.99662e-19       3.24800e-17
  50.0000000       3.28229e-17       2.25586e-19       3.25973e-17
  50.1000000       3.29661e-17       2.51509e-19       3.27146e-17
  50.2000000       3.31093e-17       2.77433e-19       3.28319e-17
  50.3000000       3.32525e-17       3.03356e-19       3.29491e-17
  50.4000000       3.33957e-17       3.29280e-19       3.30664e-17
  50.5000000       3.35389e-17       3.55203e-19       3.31837e-17
  50.6000000       3.36821e-17       3.81127e-19       3.33009e-17
  50.7000000       3.38253e-17       4.07050e-19       3.34182e-17
  50.8000000       3.39685e-17       4.32973e-19       3.35355e-17
  50.9000000       3.41116e-17       4.58897e-19       3.36527e-17
  51.0000000       3.42548e-17       4.84820e-19       3.37700e-17
  51.1000000       3.43980e-17       5.10744e-19       3.38873e-17
  51.2000000       3.45412e-17       5.36667e-19       3.40046e-17
  51.3000000       3.46844e-17       5.62591e-19       3.41218e-17
  51.4000000       3.48276e-17       5.88514e-19       3.42391e-17
  51.5000000       3.49708e-17       6.14438e-19       3.43564e-17
  51.6000000       3.51140e-17       6.40361e-19       3.44736e-17
  51.7000000       3.52572e-17       6.66284e-19       3.45909e-17
  51.8000000       3.54004e-17       6.92208e-19       3.47082e-17
  51.9000000       3.55436e-17       7.18131e-19       3.48255e-17
  52.0000000       3.56868e-17       7.44055e-19       3.49427e-17
  52.1000000       3.58300e-17       7.69978e-19       3.50600e-17
  52.2000000       3.59732e-17       7.95902e-19       3.51773e-17
  52.3000000       3.61164e-17       8.21825e-19       3.52945e-17
  52.4000000       3.62596e-17       8.47749e-19       3.54118e-17
  52.5000000       3.64028e-17       8.73672e-19       3.55291e-17
  52.6000000       3.65459e-17       8.99596e-19       3.56463e-17
  52.7000000       3.66891e-17       9.25519e-19       3.57636e-17
  52.8000000       3.68331e-17       9.49733e-19       3.58833e-17
  52.9000000       3.69885e-17       9.46967e-19       3.60415e-17
  53.0000000       3.71479e-17       9.34892e-19       3.62130e-17
  53.1000000       3.73092e-17       9.22756e-19       3.63865e-17
  53.2000000       3.74746e-17       9.10491e-19       3.65641e-17
  53.3000000       3.76398e-17       8.98074e-19       3.67417e-17
  53.4000000       3.78000e-17       8.83022e-19       3.69170e-17
  53.5000000       3.79584e-17       8.66992e-19       3.70914e-17
  53.6000000       3.81184e-17       8.53106e-19       3.72653e-17
  53.7000000       3.82820e-17       8.43794e-19       3.74382e-17
  53.8000000       3.84457e-17       8.35042e-19       3.76107e-17
  53.9000000       3.86088e-17       8.34917e-19       3.77739e-17
  54.0000000       3.87717e-17       8.38250e-19       3.79334e-17
  54.1000000       3.89375e-17       8.45720e-19       3.80918e-17
  54.2000000       3.91106e-17       8.63507e-19       3.82471e-17
  54.3000000       3.92837e-17       8.81392e-19       3.84023e-17
  54.4000000       3.94520e-17       8.93231e-19       3.85588e-17
  54.5000000       3.96186e-17       9.03012e-19       3.87156e-17
  54.6000000       3.97869e-17       9.07188e-19       3.88797e-17
  54.7000000       3.99601e-17       8.94783e-19       3.90653e-17
  54.8000000       4.01335e-17       8.81709e-19       3.92518e-17
  54.9000000       4.03048e-17       8.77254e-19       3.94275e-17
  55.0000000       4.04751e-17       8.76208e-19       3.95989e-17
  55.1000000       4.06410e-17       8.75508e-19       3.97655e-17
  55.2000000       4.07986e-17       8.75465e-19       3.99232e-17
  55.3000000       4.09556e-17       8.74987e-19       4.00806e-17
  55.4000000       4.11031e-17       8.64290e-19       4.02389e-17
  55.5000000       4.12468e-17       8.49356e-19       4.03974e-17
  55.6000000       4.13885e-17       8.36795e-19       4.05518e-17
  55.7000000       4.15237e-17       8.32667e-19       4.06910e-17
  55.8000000       4.16582e-17       8.29340e-19       4.08289e-17
  55.9000000       4.17912e-17       8.29608e-19       4.09615e-17
  56.0000000       4.19232e-17       8.32035e-19       4.10912e-17
  56.1000000       4.20549e-17       8.34452e-19       4.12204e-17
  56.2000000       4.21855e-17       8.36839e-19       4.13487e-17
  56.3000000       4.23161e-17       8.39223e-19       4.14768e-17
  56.4000000       4.24467e-17       8.41607e-19       4.16051e-17
  56.5000000       4.25774e-17       8.43990e-19       4.17334e-17
  56.6000000       4.27093e-17       8.46399e-19       4.18629e-17
  56.7000000       4.28446e-17       8.48870e-19       4.19957e-17
  56.8000000       4.29803e-17       8.51646e-19       4.21287e-17
  56.9000000       4.31355e-17       8.70140e-19       4.22654e-17
  57.0000000       4.33018e-17       8.97495e-19       4.24043e-17
  57.1000000       4.34698e-17       9.23756e-19       4.25461e-17
  57.2000000       4.36420e-17       9.47559e-19       4.26945e-17
  57.3000000       4.38148e-17       9.71162e-19       4.28437e-17
  57.4000000       4.40100e-17       9.89416e-19       4.30206e-17
  57.5000000       4.42177e-17       1.00470e-18       4.32131e-17
  57.6000000       4.44270e-17       1.01183e-18       4.34152e-17
  57.7000000       4.46403e-17       9.98210e-19       4.36421e-17
  57.8000000       4.48543e-17       9.84158e-19       4.38701e-17
  57.9000000       4.50829e-17       9.87343e-19       4.40955e-17
  58.0000000       4.53182e-17       9.98497e-19       4.43197e-17
  58.1000000       4.55555e-17       1.01179e-18       4.45437e-17
  58.2000000       4.57985e-17       1.03141e-18       4.47671e-17
  58.3000000       4.60419e-17       1.05077e-18       4.49912e-17
  58.4000000       4.62907e-17       1.04337e-18       4.52473e-17
  58.5000000       4.65421e-17       1.02209e-18       4.55200e-17
  58.6000000       4.67907e-17       9.97474e-19       4.57932e-17
  58.7000000       4.70309e-17       9.63189e-19       4.60677e-17
  58.8000000       4.72703e-17       9.28543e-19       4.63417e-17
  58.9000000       4.74980e-17       9.02283e-19       4.65958e-17
  59.0000000       4.77202e-17       8.80104e-19       4.68401e-17
  59.1000000       4.79393e-17       8.64821e-19       4.70745e-17
  59.2000000       4.81506e-17       8.67463e-19       4.72831e-17
  59.3000000       4.83612e-17       8.71551e-19       4.74896e-17
  59.4000000       4.85612e-17       8.90503e-19       4.76707e-17
  59.5000000       4.87564e-17       9.16257e-19       4.78401e-17
  59.6000000       4.89493e-17       9.45719e-19       4.80035e-17
  59.7000000       4.91356e-17       9.85635e-19       4.81500e-17
  59.8000000       4.93210e-17       1.02627e-18       4.82947e-17
  59.9000000       4.94831e-17       1.07065e-18       4.84124e-17
  60.0000000       4.96329e-17       1.11698e-18       4.85159e-17
  60.1000000       4.97878e-17       1.16732e-18       4.86204e-17
  60.2000000       4.99552e-17       1.22776e-18       4.87274e-17
  60.3000000       5.01233e-17       1.28808e-18       4.88352e-17
  60.4000000       5.02908e-17       1.32778e-18       4.89630e-17
  60.5000000       5.04581e-17       1.35742e-18       4.91007e-17
  60.6000000       5.06101e-17       1.38573e-18       4.92244e-17
  60.7000000       5.07210e-17       1.41047e-18       4.93105e-17
  60.8000000       5.08310e-17       1.43506e-18       4.93959e-17
  60.9000000       5.10021e-17       1.46159e-18       4.95405e-17
  61.0000000       5.12064e-17       1.48919e-18       4.97172e-17
  61.1000000       5.13698e-17       1.51564e-18       4.98542e-17
  61.2000000       5.14182e-17       1.53889e-18       4.98793e-17
  61.3000000       5.14646e-17       1.56189e-18       4.99027e-17
  61.4000000       5.16712e-17       1.58304e-18       5.00882e-17
  61.5000000       5.19550e-17       1.60330e-18       5.03517e-17
  61.6000000       5.21703e-17       1.61122e-18       5.05591e-17
  61.7000000       5.21888e-17       1.58371e-18       5.06051e-17
  61.8000000       5.21982e-17       1.55422e-18       5.06440e-17
  61.9000000       5.23240e-17       1.53272e-18       5.07913e-17
  62.0000000       5.25090e-17       1.51528e-18       5.09937e-17
  62.1000000       5.26843e-17       1.50017e-18       5.11842e-17
  62.2000000       5.28324e-17       1.49158e-18       5.13408e-17
  62.3000000       5.29790e-17       1.48333e-18       5.14957e-17
  62.4000000       5.31299e-17       1.47399e-18       5.16559e-17
  62.5000000       5.32828e-17       1.46414e-18       5.18187e-17
  62.6000000       5.34299e-17       1.44630e-18       5.19836e-17
  62.7000000       5.35599e-17       1.40483e-18       5.21551e-17
  62.8000000       5.36852e-17       1.36255e-18       5.23226e-17
  62.9000000       5.37126e-17       1.34059e-18       5.23720e-17
  63.0000000       5.36961e-17       1.32774e-18       5.23684e-17
  63.1000000       5.37781e-17       1.31741e-18       5.24607e-17
  63.2000000       5.41471e-17       1.31444e-18       5.28327e-17
  63.3000000       5.45284e-17       1.31094e-18       5.32174e-17
  63.4000000       5.46671e-17       1.26861e-18       5.33985e-17
  63.5000000       5.46812e-17       1.20635e-18       5.34749e-17
  63.6000000       5.47237e-17       1.16051e-18       5.35632e-17
  63.7000000       5.48446e-17       1.16024e-18       5.36844e-17
  63.8000000       5.49654e-17       1.16305e-18       5.38023e-17
  63.9000000       5.49631e-17       1.17648e-18       5.37866e-17
  64.0000000       5.49067e-17       1.19459e-18       5.37121e-17
  64.1000000       5.49830e-17       1.21061e-18       5.37723e-17
  64.2000000       5.54169e-17       1.22101e-18       5.41959e-17
  64.3000000       5.58593e-17       1.22926e-18       5.46300e-17
  64.4000000       5.60042e-17       1.18973e-18       5.48145e-17
  64.5000000       5.60177e-17       1.12905e-18       5.48886e-17
  64.6000000       5.60850e-17       1.07960e-18       5.50054e-17
  64.7000000       5.62844e-17       1.05771e-18       5.52267e-17
  64.8000000       5.64837e-17       1.03726e-18       5.54464e-17
  64.9000000       5.65045e-17       1.02213e-18       5.54824e-17
  65.0000000       5.64434e-17       1.00945e-18       5.54339e-17
  65.1000000       5.65003e-17       1.00219e-18       5.54981e-17
  65.2000000       5.68295e-17       1.00744e-18       5.58221e-17
  65.3000000       5.71629e-17       1.01524e-18       5.61477e-17
  65.4000000       5.73611e-17       1.06459e-18       5.62965e-17
  65.5000000       5.75060e-17       1.13032e-18       5.63756e-17
  65.6000000       5.76877e-17       1.18322e-18       5.65045e-17
  65.7000000       5.79626e-17       1.20376e-18       5.67588e-17
  65.8000000       5.82340e-17       1.22176e-18       5.70122e-17
  65.9000000       5.83082e-17       1.21584e-18       5.70923e-17
  66.0000000       5.82975e-17       1.19964e-18       5.70978e-17
  66.1000000       5.83863e-17       1.18249e-18       5.72038e-17
  66.2000000       5.87235e-17       1.16298e-18       5.75605e-17
  66.3000000       5.90620e-17       1.14252e-18       5.79194e-17
  66.4000000       5.91983e-17       1.10584e-18       5.80925e-17
  66.5000000       5.92569e-17       1.06291e-18       5.81940e-17
  66.6000000       5.93528e-17       1.02050e-18       5.83323e-17
  66.7000000       5.95422e-17       9.79402e-19       5.85628e-17
  66.8000000       5.97290e-17       9.38238e-19       5.87907e-17
  66.9000000       5.97719e-17       8.94610e-19       5.88773e-17
  67.0000000       5.97588e-17       8.50020e-19       5.89087e-17
  67.1000000       5.97226e-17       8.05171e-19       5.89174e-17
  67.2000000       5.96272e-17       7.59653e-19       5.88675e-17
  67.3000000       5.95348e-17       7.14178e-19       5.88206e-17
  67.4000000       5.95426e-17       6.69957e-19       5.88726e-17
  67.5000000       5.95856e-17       6.26178e-19       5.89594e-17
  67.6000000       5.96098e-17       5.85150e-19       5.90246e-17
  67.7000000       5.95836e-17       5.51444e-19       5.90321e-17
  67.8000000       5.95564e-17       5.18311e-19       5.90381e-17
  67.9000000       5.95672e-17       4.89098e-19       5.90781e-17
  68.0000000       5.95935e-17       4.61494e-19       5.91320e-17
  68.1000000       5.96104e-17       4.22170e-19       5.91883e-17
  68.2000000       5.96047e-17       3.54584e-19       5.92501e-17
  68.3000000       5.95991e-17       2.87183e-19       5.93119e-17
  68.4000000       5.96126e-17       2.45933e-19       5.93667e-17
  68.5000000       5.96333e-17       2.14444e-19       5.94189e-17
  68.6000000       5.96751e-17       1.84558e-19       5.94905e-17
  68.7000000       5.97689e-17       1.58629e-19       5.96103e-17
  68.8000000       5.98647e-17       1.32874e-19       5.97318e-17
  68.9000000       5.99544e-17       1.06973e-19       5.98474e-17
  69.0000000       6.00421e-17       8.10221e-20       5.99611e-17
  69.1000000       6.01260e-17       1.22210e-19       6.00038e-17
  69.2000000       6.02014e-17       3.12636e-19       5.98887e-17
  69.3000000       6.02765e-17       5.05722e-19       5.97708e-17
  69.4000000       6.03520e-17       6.56870e-19       5.96951e-17
  69.5000000       6.04276e-17       7.93986e-19       5.96336e-17
  69.6000000       6.04968e-17       8.97546e-19       5.95992e-17
  69.7000000       6.05519e-17       9.26772e-19       5.96251e-17
  69.8000000       6.06075e-17       9.52080e-19       5.96554e-17
  69.9000000       6.06780e-17       9.59417e-19       5.97186e-17
  70.0000000       6.07535e-17       9.60782e-19       5.97928e-17
  70.1000000       6.08228e-17       9.61889e-19       5.98609e-17
  70.2000000       6.08799e-17       9.62506e-19       5.99174e-17
  70.3000000       6.09366e-17       9.60624e-19       5.99759e-17
  70.4000000       6.09880e-17       9.14241e-19       6.00738e-17
  70.5000000       6.10376e-17       8.51418e-19       6.01862e-17
  70.6000000       6.10886e-17       7.34530e-19       6.03541e-17
  70.7000000       6.11423e-17       5.05753e-19       6.06365e-17
  70.8000000       6.11970e-17       2.83978e-19       6.09130e-17
  70.9000000       6.12630e-17       1.92133e-19       6.10708e-17
  71.0000000       6.13323e-17       1.39216e-19       6.11931e-17
  71.1000000       6.14031e-17       1.01954e-19       6.13011e-17
  71.2000000       6.14765e-17       9.44341e-20       6.13820e-17
  71.3000000       6.15501e-17       9.22860e-20       6.14579e-17
  71.4000000       6.16269e-17       1.50794e-19       6.14761e-17
  71.5000000       6.17047e-17       2.27988e-19       6.14767e-17
  71.6000000       6.17834e-17       2.95240e-19       6.14882e-17
  71.7000000       6.18639e-17       3.45930e-19       6.15180e-17
  71.8000000       6.19448e-17       3.91635e-19       6.15532e-17
  71.9000000       6.20303e-17       3.75378e-19       6.16550e-17
  72.0000000       6.21173e-17       3.39968e-19       6.17774e-17
  72.1000000       6.22112e-17       3.03141e-19       6.19080e-17
  72.2000000       6.23178e-17       2.63661e-19       6.20542e-17
  72.3000000       6.24236e-17       2.23245e-19       6.22003e-17
  72.4000000       6.25148e-17       1.72339e-19       6.23425e-17
  72.5000000       6.26017e-17       1.18366e-19       6.24834e-17
  72.6000000       6.26956e-17       7.72507e-20       6.26184e-17
  72.7000000       6.28016e-17       5.83144e-20       6.27432e-17
  72.8000000       6.29080e-17       4.08057e-20       6.28672e-17
  72.9000000       6.30189e-17       3.65415e-20       6.29824e-17
  73.0000000       6.31311e-17       3.63011e-20       6.30948e-17
  73.1000000       6.32466e-17       3.60669e-20       6.32105e-17
  73.2000000       6.33678e-17       3.58433e-20       6.33320e-17
  73.3000000       6.34893e-17       4.20451e-20       6.34473e-17
  73.4000000       6.36124e-17       1.11501e-19       6.35009e-17
  73.5000000       6.37358e-17       1.97077e-19       6.35387e-17
  73.6000000       6.38605e-17       2.86789e-19       6.35737e-17
  73.7000000       6.39872e-17       3.83416e-19       6.36038e-17
  73.8000000       6.41164e-17       4.75857e-19       6.36405e-17
  73.9000000       6.42724e-17       5.21845e-19       6.37505e-17
  74.0000000       6.44356e-17       5.55169e-19       6.38805e-17
  74.1000000       6.45793e-17       5.75420e-19       6.40039e-17
  74.2000000       6.46942e-17       5.76487e-19       6.41177e-17
  74.3000000       6.48088e-17       5.76206e-19       6.42326e-17
  74.4000000       6.49244e-17       5.63041e-19       6.43613e-17
  74.5000000       6.50401e-17       5.46339e-19       6.44938e-17
  74.6000000       6.51498e-17       5.13851e-19       6.46360e-17
  74.7000000       6.52510e-17       4.59098e-19       6.47919e-17
  74.8000000       6.53514e-17       4.05176e-19       6.49462e-17
  74.9000000       6.54455e-17       3.59054e-19       6.50864e-17
  75.0000000       6.55382e-17       3.14600e-19       6.52236e-17
  75.1000000       6.56225e-17       3.24972e-19       6.52975e-17
  75.2000000       6.56942e-17       4.15785e-19       6.52784e-17
  75.3000000       6.57755e-17       5.20122e-19       6.52553e-17
  75.4000000       6.59327e-17       7.25041e-19       6.52076e-17
  75.5000000       6.61061e-17       9.51406e-19       6.51547e-17
  75.6000000       6.62621e-17       1.09354e-18       6.51685e-17
  75.7000000       6.63938e-17       1.11898e-18       6.52748e-17
  75.8000000       6.65180e-17       1.14519e-18       6.53728e-17
  75.9000000       6.65790e-17       1.18429e-18       6.53947e-17
  76.0000000       6.66257e-17       1.22632e-18       6.53994e-17
  76.1000000       6.66725e-17       1.27607e-18       6.53964e-17
  76.2000000       6.67194e-17       1.33678e-18       6.53826e-17
  76.3000000       6.67662e-17       1.39904e-18       6.53672e-17
  76.4000000       6.68121e-17       1.47337e-18       6.53387e-17
  76.5000000       6.68577e-17       1.55036e-18       6.53074e-17
  76.6000000       6.69023e-17       1.64357e-18       6.52587e-17
  76.7000000       6.69454e-17       1.75799e-18       6.51874e-17
  76.8000000       6.69885e-17       1.86938e-18       6.51191e-17
  76.9000000       6.70309e-17       1.95898e-18       6.50720e-17
  77.0000000       6.70733e-17       2.04438e-18       6.50289e-17
  77.1000000       6.71179e-17       2.13676e-18       6.49811e-17
  77.2000000       6.71654e-17       2.23826e-18       6.49271e-17
  77.3000000       6.72115e-17       2.34447e-18       6.48670e-17
  77.4000000       6.72482e-17       2.48091e-18       6.47673e-17
  77.5000000       6.72832e-17       2.62279e-18       6.46604e-17
  77.6000000       6.73187e-17       2.75216e-18       6.45665e-17
  77.7000000       6.73549e-17       2.86128e-18       6.44936e-17
  77.8000000       6.73913e-17       2.97410e-18       6.44172e-17
  77.9000000       6.74293e-17       3.11822e-18       6.43111e-17
  78.0000000       6.74676e-17       3.26904e-18       6.41986e-17
  78.1000000       6.75028e-17       3.40911e-18       6.40937e-17
  78.2000000       6.75345e-17       3.53777e-18       6.39968e-17
  78.3000000       6.75660e-17       3.66964e-18       6.38964e-17
  78.4000000       6.75961e-17       3.81907e-18       6.37770e-17
  78.5000000       6.76259e-17       3.97121e-18       6.36547e-17
  78.6000000       6.76526e-17       4.14505e-18       6.35075e-17
  78.7000000       6.76766e-17       4.33726e-18       6.33393e-17
  78.8000000       6.77017e-17       4.51910e-18       6.31826e-17
  78.9000000       6.77324e-17       4.64953e-18       6.30828e-17
  79.0000000       6.77638e-17       4.77301e-18       6.29908e-17
  79.1000000       6.77897e-17       4.93786e-18       6.28518e-17
  79.2000000       6.78107e-17       5.13894e-18       6.26718e-17
  79.3000000       6.78323e-17       5.32533e-18       6.25070e-17
  79.4000000       6.78570e-17       5.42602e-18       6.24310e-17
  79.5000000       6.78822e-17       5.51282e-18       6.23694e-17
  79.6000000       6.79026e-17       5.63101e-18       6.22716e-17
  79.7000000       6.79175e-17       5.78519e-18       6.21323e-17
  79.8000000       6.79337e-17       5.93703e-18       6.19967e-17
  79.9000000       6.79582e-17       6.07491e-18       6.18833e-17
  80.0000000       6.79839e-17       6.21055e-18       6.17733e-17
  80.1000000       6.80010e-17       6.35188e-18       6.16491e-17
  80.2000000       6.80119e-17       6.49731e-18       6.15146e-17
  80.3000000       6.80235e-17       6.65209e-18       6.13714e-17
  80.4000000       6.80394e-17       6.86522e-18       6.11741e-17
  80.5000000       6.80560e-17       7.08845e-18       6.09675e-17
  80.6000000       6.80663e-17       7.29893e-18       6.07674e-17
  80.7000000       6.80712e-17       7.49852e-18       6.05727e-17
  80.8000000       6.80752e-17       7.70274e-18       6.03725e-17
  80.9000000       6.80737e-17       7.93258e-18       6.01411e-17
  81.0000000       6.80713e-17       8.16593e-18       5.99054e-17
  81.1000000       6.80740e-17       8.33963e-18       5.97344e-17
  81.2000000       6.80804e-17       8.47104e-18       5.96094e-17
  81.3000000       6.80856e-17       8.60128e-18       5.94843e-17
  81.4000000       6.80828e-17       8.72417e-18       5.93586e-17
  81.5000000       6.80787e-17       8.84586e-18       5.92328e-17
  81.6000000       6.80763e-17       8.98470e-18       5.90916e-17
  81.7000000       6.80753e-17       9.13611e-18       5.89392e-17
  81.8000000       6.80731e-17       9.30148e-18       5.87716e-17
  81.9000000       6.80657e-17       9.52306e-18       5.85427e-17
  82.0000000       6.80579e-17       9.75049e-18       5.83074e-17
  82.1000000       6.80502e-17       9.96399e-18       5.80862e-17
  82.2000000       6.80425e-17       1.01666e-17       5.78759e-17
  82.3000000       6.80336e-17       1.03667e-17       5.76669e-17
  82.4000000       6.80186e-17       1.05547e-17       5.74639e-17
  82.5000000       6.80027e-17       1.07409e-17       5.72618e-17
  82.6000000       6.79829e-17       1.08887e-17       5.70941e-17
  82.7000000       6.79596e-17       1.10036e-17       5.69560e-17
  82.8000000       6.79391e-17       1.11301e-17       5.68091e-17
  82.9000000       6.79298e-17       1.13023e-17       5.66275e-17
  83.0000000       6.79217e-17       1.14793e-17       5.64424e-17
  83.1000000       6.79126e-17       1.16487e-17       5.62639e-17
  83.2000000       6.79028e-17       1.18121e-17       5.60907e-17
  83.3000000       6.78921e-17       1.19708e-17       5.59213e-17
  83.4000000       6.78780e-17       1.21100e-17       5.57680e-17
  83.5000000       6.78634e-17       1.22472e-17       5.56162e-17
  83.6000000       6.78417e-17       1.23958e-17       5.54459e-17
  83.7000000       6.78146e-17       1.25526e-17       5.52621e-17
  83.8000000       6.77850e-17       1.26983e-17       5.50867e-17
  83.9000000       6.77466e-17       1.28065e-17       5.49401e-17
  84.0000000       6.77075e-17       1.29112e-17       5.47963e-17
  84.1000000       6.76608e-17       1.29648e-17       5.46960e-17
  84.2000000       6.76090e-17       1.29836e-17       5.46255e-17
  84.3000000       6.75550e-17       1.30019e-17       5.45532e-17
  84.4000000       6.74932e-17       1.30186e-17       5.44746e-17
  84.5000000       6.74309e-17       1.30352e-17       5.43957e-17
  84.6000000       6.73820e-17       1.30543e-17       5.43277e-17
  84.7000000       6.73402e-17       1.30748e-17       5.42654e-17
  84.8000000       6.73039e-17       1.30846e-17       5.42193e-17
  84.9000000       6.72879e-17       1.30538e-17       5.42341e-17
  85.0000000       6.72740e-17       1.30188e-17       5.42552e-17
  85.1000000       6.72600e-17       1.29704e-17       5.42896e-17
  85.2000000       6.72462e-17       1.29152e-17       5.43310e-17
  85.3000000       6.72378e-17       1.28591e-17       5.43787e-17
  85.4000000       6.72472e-17       1.28004e-17       5.44469e-17
  85.5000000       6.72584e-17       1.27412e-17       5.45172e-17
  85.6000000       6.72824e-17       1.26733e-17       5.46091e-17
  85.7000000       6.73124e-17       1.26012e-17       5.47111e-17
  85.8000000       6.73450e-17       1.25276e-17       5.48174e-17
  85.9000000       6.73865e-17       1.24484e-17       5.49382e-17
  86.0000000       6.74291e-17       1.23693e-17       5.50599e-17
  86.1000000       6.74808e-17       1.23051e-17       5.51758e-17
  86.2000000       6.75367e-17       1.22477e-17       5.52890e-17
  86.3000000       6.75985e-17       1.21970e-17       5.54015e-17
  86.4000000       6.76776e-17       1.21661e-17       5.55116e-17
  86.5000000       6.77582e-17       1.21362e-17       5.56220e-17
  86.6000000       6.78561e-17       1.20998e-17       5.57562e-17
  86.7000000       6.79631e-17       1.20600e-17       5.59030e-17
  86.8000000       6.80706e-17       1.20165e-17       5.60541e-17
  86.9000000       6.81795e-17       1.19638e-17       5.62157e-17
  87.0000000       6.82865e-17       1.19102e-17       5.63763e-17
  87.1000000       6.83514e-17       1.18444e-17       5.65070e-17
  87.2000000       6.83991e-17       1.17737e-17       5.66254e-17
  87.3000000       6.84182e-17       1.16981e-17       5.67200e-17
  87.4000000       6.83650e-17       1.16102e-17       5.67548e-17
  87.5000000       6.83075e-17       1.15213e-17       5.67862e-17
  87.6000000       6.82333e-17       1.14258e-17       5.68075e-17
  87.7000000       6.81527e-17       1.13277e-17       5.68250e-17
  87.8000000       6.80800e-17       1.12205e-17       5.68595e-17
  87.9000000       6.80238e-17       1.10942e-17       5.69296e-17
  88.0000000       6.79691e-17       1.09780e-17       5.69912e-17
  88.1000000       6.79295e-17       1.10269e-17       5.69026e-17
  88.2000000       6.78950e-17       1.11323e-17       5.67626e-17
  88.3000000       6.78597e-17       1.12093e-17       5.66504e-17
  88.4000000       6.78227e-17       1.12272e-17       5.65955e-17
  88.5000000       6.77851e-17       1.12427e-17       5.65424e-17
  88.6000000       6.77353e-17       1.12475e-17       5.64878e-17
  88.7000000       6.76809e-17       1.12482e-17       5.64326e-17
  88.8000000       6.76081e-17       1.12516e-17       5.63565e-17
  88.9000000       6.74890e-17       1.12616e-17       5.62274e-17
  89.0000000       6.73638e-17       1.12652e-17       5.60986e-17
  89.1000000       6.71832e-17       1.11752e-17       5.60079e-17
  89.2000000       6.69848e-17       1.10552e-17       5.59295e-17
  89.3000000       6.67490e-17       1.09029e-17       5.58461e-17
  89.4000000       6.64411e-17       1.06882e-17       5.57529e-17
  89.5000000       6.61289e-17       1.04718e-17       5.56571e-17
  89.6000000       6.57773e-17       1.02525e-17       5.55248e-17
  89.7000000       6.54125e-17       1.00323e-17       5.53802e-17
  89.8000000       6.50441e-17       9.85031e-18       5.51938e-17
  89.9000000       6.46693e-17       9.73710e-18       5.49322e-17
  90.0000000       6.43000e-17       9.63039e-18       5.46696e-17
  90.1000000       6.39916e-17       9.57930e-18       5.44123e-17
  90.2000000       6.36999e-17       9.54343e-18       5.41565e-17
  90.3000000       6.34551e-17       9.52185e-18       5.39332e-17
  90.4000000       6.32847e-17       9.52293e-18       5.37618e-17
  90.5000000       6.31201e-17       9.52502e-18       5.35951e-17
  90.6000000       6.30064e-17       9.53458e-18       5.34719e-17
  90.7000000       6.29064e-17       9.54613e-18       5.33602e-17
  90.8000000       6.28291e-17       9.57987e-18       5.32492e-17
  90.9000000       6.27907e-17       9.65146e-18       5.31392e-17
  91.0000000       6.27539e-17       9.73005e-18       5.30238e-17
  91.1000000       6.27266e-17       9.87076e-18       5.28559e-17
  91.2000000       6.27018e-17       1.00272e-17       5.26746e-17
  91.3000000       6.26907e-17       1.01898e-17       5.25009e-17
  91.4000000       6.26990e-17       1.03611e-17       5.23379e-17
  91.5000000       6.26986e-17       1.05251e-17       5.21736e-17
  91.6000000       6.26251e-17       1.06272e-17       5.19979e-17
  91.7000000       6.25349e-17       1.07152e-17       5.18197e-17
  91.8000000       6.24596e-17       1.07976e-17       5.16620e-17
  91.9000000       6.24368e-17       1.08604e-17       5.15764e-17
  92.0000000       6.24182e-17       1.09225e-17       5.14957e-17
  92.1000000       6.23920e-17       1.10232e-17       5.13688e-17
  92.2000000       6.23618e-17       1.11432e-17       5.12186e-17
  92.3000000       6.23149e-17       1.13471e-17       5.09678e-17
  92.4000000       6.22108e-17       1.18367e-17       5.03741e-17
  92.5000000       6.21012e-17       1.23492e-17       4.97520e-17
  92.6000000       6.19630e-17       1.28304e-17       4.91326e-17
  92.7000000       6.18094e-17       1.32948e-17       4.85146e-17
  92.8000000       6.16489e-17       1.37010e-17       4.79478e-17
  92.9000000       6.14671e-17       1.39275e-17       4.75396e-17
  93.0000000       6.12829e-17       1.41451e-17       4.71379e-17
  93.1000000       6.10635e-17       1.45222e-17       4.65413e-17
  93.2000000       6.08256e-17       1.49832e-17       4.58425e-17
  93.3000000       6.05873e-17       1.53997e-17       4.51876e-17
  93.4000000       6.03478e-17       1.56988e-17       4.46490e-17
  93.5000000       6.01068e-17       1.59903e-17       4.41165e-17
  93.6000000       5.98140e-17       1.62315e-17       4.35825e-17
  93.7000000       5.94955e-17       1.64479e-17       4.30476e-17
  93.8000000       5.91614e-17       1.66709e-17       4.24904e-17
  93.9000000       5.87938e-17       1.69079e-17       4.18858e-17
  94.0000000       5.84247e-17       1.71450e-17       4.12797e-17
  94.1000000       5.80455e-17       1.73717e-17       4.06738e-17
  94.2000000       5.76619e-17       1.75938e-17       4.00681e-17
  94.3000000       5.72504e-17       1.78033e-17       3.94470e-17
  94.4000000       5.67807e-17       1.79867e-17       3.87940e-17
  94.5000000       5.63109e-17       1.81459e-17       3.81650e-17
  94.6000000       5.58714e-17       1.78974e-17       3.79739e-17
  94.7000000       5.54428e-17       1.75004e-17       3.79424e-17
  94.8000000       5.49770e-17       1.74049e-17       3.75721e-17
  94.9000000       5.44208e-17       1.80416e-17       3.63792e-17
  95.0000000       5.38641e-17       1.86941e-17       3.51700e-17
  95.1000000       5.33707e-17       1.90515e-17       3.43192e-17
  95.2000000       5.29003e-17       1.93013e-17       3.35989e-17
  95.3000000       5.23899e-17       1.95028e-17       3.28871e-17
  95.4000000       5.18156e-17       1.96267e-17       3.21889e-17
  95.5000000       5.12542e-17       1.97529e-17       3.15013e-17
  95.6000000       5.07930e-17       1.99029e-17       3.08902e-17
  95.7000000       5.03520e-17       2.00576e-17       3.02943e-17
  95.8000000       4.99446e-17       2.02390e-17       2.97056e-17
  95.9000000       4.95794e-17       2.04536e-17       2.91258e-17
  96.0000000       4.92156e-17       2.06686e-17       2.85469e-17
  96.1000000       4.88749e-17       2.08909e-17       2.79840e-17
  96.2000000       4.85430e-17       2.11159e-17       2.74271e-17
  96.3000000       4.82457e-17       2.13534e-17       2.68923e-17
  96.4000000       4.80361e-17       2.16228e-17       2.64134e-17
  96.5000000       4.78340e-17       2.18945e-17       2.59395e-17
  96.6000000       4.76587e-17       2.21735e-17       2.54852e-17
  96.7000000       4.74897e-17       2.24543e-17       2.50354e-17
  96.8000000       4.72986e-17       2.27210e-17       2.45776e-17
  96.9000000       4.70859e-17       2.29739e-17       2.41120e-17
  97.0000000       4.68961e-17       2.31304e-17       2.37656e-17
  97.1000000       4.68378e-17       2.27336e-17       2.41042e-17
  97.2000000       4.68006e-17       2.22486e-17       2.45520e-17
  97.3000000       4.67599e-17       2.24354e-17       2.43245e-17
  97.4000000       4.67144e-17       2.35295e-17       2.31849e-17
  97.5000000       4.66705e-17       2.45645e-17       2.21061e-17
  97.6000000       4.66412e-17       2.49972e-17       2.16440e-17
  97.7000000       4.66155e-17       2.52819e-17       2.13337e-17
  97.8000000       4.65860e-17       2.55654e-17       2.10206e-17
  97.9000000       4.65517e-17       2.58476e-17       2.07041e-17
  98.0000000       4.65189e-17       2.61072e-17       2.04117e-17
  98.1000000       4.64942e-17       2.62515e-17       2.02427e-17
  98.2000000       4.64705e-17       2.63795e-17       2.00910e-17
  98.3000000       4.64730e-17       2.65750e-17       1.98980e-17
  98.4000000       4.65132e-17       2.68676e-17       1.96456e-17
  98.5000000       4.65510e-17       2.71700e-17       1.93809e-17
  98.6000000       4.65760e-17       2.75162e-17       1.90598e-17
  98.7000000       4.65995e-17       2.78681e-17       1.87314e-17
  98.8000000       4.66385e-17       2.81705e-17       1.84680e-17
  98.9000000       4.66951e-17       2.84174e-17       1.82777e-17
  99.0000000       4.67457e-17       2.86580e-17       1.80876e-17
  99.1000000       4.67719e-17       2.88733e-17       1.78986e-17
  99.2000000       4.67956e-17       2.90861e-17       1.77095e-17
  99.3000000       4.68406e-17       2.93764e-17       1.74642e-17
  99.4000000       4.69019e-17       2.97257e-17       1.71762e-17
  99.5000000       4.69684e-17       3.00656e-17       1.69028e-17
  99.6000000       4.70566e-17       3.03670e-17       1.66896e-17
  99.7000000       4.71467e-17       3.06639e-17       1.64828e-17
  99.8000000       4.72046e-17       3.09331e-17       1.62715e-17
  99.9000000       4.72420e-17       3.11845e-17       1.60575e-17
 100.0000000       4.72814e-17       3.14565e-17       1.58248e-17
 100.1000000       4.73284e-17       3.18058e-17       1.55226e-17
 100.2000000       4.73761e-17       3.21617e-17       1.52144e-17
 100.3000000       4.74168e-17       3.24625e-17       1.49544e-17
 100.4000000       4.74532e-17       3.27278e-17       1.47254e-17
 100.5000000       4.74820e-17       3.30139e-17       1.44681e-17
 100.6000000       4.74802e-17       3.33847e-17       1.40954e-17
 100.7000000       4.74754e-17       3.37632e-17       1.37121e-17
 100.8000000       4.74846e-17       3.40690e-17       1.34156e-17
 100.9000000       4.75018e-17       3.43333e-17       1.31685e-17
 101.0000000       4.74963e-17       3.45983e-17       1.28980e-17
 101.1000000       4.74232e-17       3.48656e-17       1.25576e-17
 101.2000000       4.73467e-17       3.51315e-17       1.22151e-17
 101.3000000       4.73011e-17       3.53545e-17       1.19465e-17
 101.4000000       4.72696e-17       3.55580e-17       1.17116e-17
 101.5000000       4.72173e-17       3.57482e-17       1.14691e-17
 101.6000000       4.71112e-17       3.59041e-17       1.12071e-17
 101.7000000       4.69989e-17       3.60554e-17       1.09435e-17
 101.8000000       4.68017e-17       3.61375e-17       1.06642e-17
 101.9000000       4.65682e-17       3.61900e-17       1.03782e-17
 102.0000000       4.63385e-17       3.62576e-17       1.00809e-17
 102.1000000       4.61188e-17       3.63659e-17       9.75293e-18
 102.2000000       4.59038e-17       3.64791e-17       9.42472e-18
 102.3000000       4.57612e-17       3.66398e-17       9.12142e-18
 102.4000000       4.56447e-17       3.68176e-17       8.82715e-18
 102.5000000       4.55141e-17       3.69860e-17       8.52808e-18
 102.6000000       4.53491e-17       3.71317e-17       8.21739e-18
 102.7000000       4.51842e-17       3.72754e-17       7.90875e-18
 102.8000000       4.50453e-17       3.74019e-17       7.64341e-18
 102.9000000       4.49158e-17       3.75223e-17       7.39354e-18
 103.0000000       4.48122e-17       3.76636e-17       7.14858e-18
 103.1000000       4.47598e-17       3.78465e-17       6.91337e-18
 103.2000000       4.47022e-17       3.80221e-17       6.68014e-18
 103.3000000       4.45562e-17       3.80867e-17       6.46954e-18
 103.4000000       4.43829e-17       3.81169e-17       6.26597e-18
 103.5000000       4.42694e-17       3.82362e-17       6.03322e-18
 103.6000000       4.42666e-17       3.85201e-17       5.74656e-18
 103.7000000       4.42669e-17       3.88054e-17       5.46153e-18
 103.8000000       4.42749e-17       3.90589e-17       5.21606e-18
 103.9000000       4.42855e-17       3.93022e-17       4.98335e-18
 104.0000000       4.42339e-17       3.95088e-17       4.72509e-18
 104.1000000       4.40873e-17       3.96595e-17       4.42785e-18
 104.2000000       4.39651e-17       3.98311e-17       4.13399e-18
 104.3000000       4.40371e-17       4.01679e-17       3.86922e-18
 104.4000000       4.41496e-17       4.05391e-17       3.61050e-18
 104.5000000       4.41160e-17       4.07150e-17       3.40096e-18
 104.6000000       4.39244e-17       4.06797e-17       3.24463e-18
 104.7000000       4.37485e-17       4.06674e-17       3.08110e-18
 104.8000000       4.37026e-17       4.08445e-17       2.85802e-18
 104.9000000       4.36856e-17       4.10638e-17       2.62175e-18
 105.0000000       4.36998e-17       4.12710e-17       2.42877e-18
 105.1000000       4.37416e-17       4.14676e-17       2.27397e-18
 105.2000000       4.37899e-17       4.16562e-17       2.13369e-18
 105.3000000       4.38454e-17       4.18364e-17       2.00900e-18
 105.4000000       4.39245e-17       4.20504e-17       1.87412e-18
 105.5000000       4.40256e-17       4.22958e-17       1.72977e-18
 105.6000000       4.41176e-17       4.25167e-17       1.60093e-18
 105.7000000       4.42017e-17       4.27167e-17       1.48497e-18
 105.8000000       4.41752e-17       4.28548e-17       1.32038e-18
 105.9000000       4.40624e-17       4.29445e-17       1.11797e-18
 106.0000000       4.39270e-17       4.29958e-17       9.31124e-19
 106.1000000       4.37746e-17       4.30189e-17       7.55660e-19
 106.2000000       4.36157e-17       4.30629e-17       5.52843e-19
 106.3000000       4.34520e-17       4.31217e-17       3.30231e-19
 106.4000000       4.32650e-17       4.31002e-17       1.64842e-19
 106.5000000       4.30627e-17       4.30193e-17       4.34001e-20
 106.6000000       4.29440e-17       4.29440e-17       0.00000e+00
 106.7000000       4.28807e-17       4.28807e-17       0.00000e+00
 106.8000000       4.30348e-17       4.30348e-17       0.00000e+00
 106.9000000       4.32795e-17       4.32795e-17       0.00000e+00
 107.0000000       4.34193e-17       4.34193e-17       0.00000e+00
 107.1000000       4.35063e-17       4.35063e-17       0.00000e+00
 107.2000000       4.34344e-17       4.34344e-17       0.00000e+00
 107.3000000       4.32746e-17       4.32746e-17       0.00000e+00
 107.4000000       4.30061e-17       4.30061e-17       0.00000e+00
 107.5000000       4.26826e-17       4.26826e-17       0.00000e+00
 107.6000000       4.22325e-17       4.22325e-17       0.00000e+00
 107.7000000       4.17380e-17       4.17380e-17       0.00000e+00
 107.8000000       4.13390e-17       4.13390e-17       0.00000e+00
 107.9000000       4.09944e-17       4.09944e-17       0.00000e+00
 108.0000000       4.07827e-17       4.07827e-17       0.00000e+00
 108.1000000       4.06098e-17       4.06098e-17       0.00000e+00
 108.2000000       4.04315e-17       4.04315e-17       0.00000e+00
 108.3000000       4.02746e-17       4.02746e-17       0.00000e+00
 108.4000000       4.03523e-17       4.03523e-17       0.00000e+00
 108.5000000       4.04852e-17       4.04852e-17       0.00000e+00
 108.6000000       4.05333e-17       4.05333e-17       0.00000e+00
 108.7000000       4.05086e-17       4.05086e-17       0.00000e+00
 108.8000000       4.00758e-17       4.00758e-17       0.00000e+00
 108.9000000       3.95388e-17       3.95388e-17       0.00000e+00
 109.0000000       3.89502e-17       3.89502e-17       0.00000e+00
 109.1000000       3.83491e-17       3.83491e-17       0.00000e+00
 109.2000000       3.78048e-17       3.78048e-17       0.00000e+00
 109.3000000       3.72735e-17       3.72735e-17       0.00000e+00
 109.4000000       3.67271e-17       3.67271e-17       0.00000e+00
 109.5000000       3.62217e-17       3.62217e-17       0.00000e+00
 109.6000000       3.60805e-17       3.60805e-17       0.00000e+00
 109.7000000       3.60239e-17       3.60239e-17       0.00000e+00
 109.8000000       3.60011e-17       3.60011e-17       0.00000e+00
 109.9000000       3.60058e-17       3.60058e-17       0.00000e+00
 110.0000000       3.61519e-17       3.61519e-17       0.00000e+00
 110.1000000       3.62724e-17       3.62724e-17       0.00000e+00
 110.2000000       3.60577e-17       3.60577e-17       0.00000e+00
 110.3000000       3.57166e-17       3.57166e-17       0.00000e+00
 110.4000000       3.50136e-17       3.50136e-17       0.00000e+00
 110.5000000       3.42446e-17       3.42446e-17       0.00000e+00
 110.6000000       3.34111e-17       3.34111e-17       0.00000e+00
 110.7000000       3.26034e-17       3.26034e-17       0.00000e+00
 110.8000000       3.19358e-17       3.19358e-17       0.00000e+00
 110.9000000       3.14044e-17       3.14044e-17       0.00000e+00
 111.0000000       3.13407e-17       3.13407e-17       0.00000e+00
 111.1000000       3.13338e-17       3.13338e-17       0.00000e+00
 111.2000000       3.13653e-17       3.13653e-17       0.00000e+00
 111.3000000       3.14092e-17       3.14092e-17       0.00000e+00
 111.4000000       3.14852e-17       3.14852e-17       0.00000e+00
 111.5000000       3.15876e-17       3.15876e-17       0.00000e+00
 111.6000000       3.17762e-17       3.17762e-17       0.00000e+00
 111.7000000       3.19092e-17       3.19092e-17       0.00000e+00
 111.8000000       3.18018e-17       3.18018e-17       0.00000e+00
 111.9000000       3.15873e-17       3.15873e-17       0.00000e+00
 112.0000000       3.10408e-17       3.10408e-17       0.00000e+00
 112.1000000       3.04146e-17       3.04146e-17       0.00000e+00
 112.2000000       2.96917e-17       2.96917e-17       0.00000e+00
 112.3000000       2.91029e-17       2.91029e-17       0.00000e+00
 112.4000000       2.88420e-17       2.88420e-17       0.00000e+00
 112.5000000       2.87263e-17       2.87263e-17       0.00000e+00
 112.6000000       2.89595e-17       2.89595e-17       0.00000e+00
 112.7000000       2.93101e-17       2.93101e-17       0.00000e+00
 112.8000000       2.98800e-17       2.98800e-17       0.00000e+00
 112.9000000       3.03634e-17       3.03634e-17       0.00000e+00
 113.0000000       3.06708e-17       3.06708e-17       0.00000e+00
 113.1000000       3.08828e-17       3.08828e-17       0.00000e+00
 113.2000000       3.08892e-17       3.08892e-17       0.00000e+00
 113.3000000       3.08435e-17       3.08435e-17       0.00000e+00
 113.4000000       3.07084e-17       3.07084e-17       0.00000e+00
 113.5000000       3.04545e-17       3.04545e-17       0.00000e+00
 113.6000000       2.99901e-17       2.99901e-17       0.00000e+00
 113.7000000       2.95334e-17       2.95334e-17       0.00000e+00
 113.8000000       2.90970e-17       2.90970e-17       0.00000e+00
 113.9000000       2.88146e-17       2.88146e-17       0.00000e+00
 114.0000000       2.87700e-17       2.87700e-17       0.00000e+00
 114.1000000       2.89083e-17       2.89083e-17       0.00000e+00
 114.2000000       2.92303e-17       2.92303e-17       0.00000e+00
 114.3000000       2.95520e-17       2.95520e-17       0.00000e+00
 114.4000000       2.98734e-17       2.98734e-17       0.00000e+00
 114.5000000       3.01851e-17       3.01851e-17       0.00000e+00
 114.6000000       3.04852e-17       3.04852e-17       0.00000e+00
 114.7000000       3.05333e-17       3.05333e-17       0.00000e+00
 114.8000000       3.04022e-17       3.04022e-17       0.00000e+00
 114.9000000       3.01552e-17       3.01552e-17       0.00000e+00
 115.0000000       2.97754e-17       2.97754e-17       0.00000e+00
 115.1000000       2.93914e-17       2.93914e-17       0.00000e+00
 115.2000000       2.90039e-17       2.90039e-17       0.00000e+00
 115.3000000       2.86165e-17       2.86165e-17       0.00000e+00
 115.4000000       2.82297e-17       2.82297e-17       0.00000e+00
 115.5000000       2.79616e-17       2.79616e-17       0.00000e+00
 115.6000000       2.77833e-17       2.77833e-17       0.00000e+00
 115.7000000       2.77789e-17       2.77789e-17       0.00000e+00
 115.8000000       2.78817e-17       2.78817e-17       0.00000e+00
 115.9000000       2.81679e-17       2.81679e-17       0.00000e+00
 116.0000000       2.85394e-17       2.85394e-17       0.00000e+00
 116.1000000       2.87147e-17       2.87147e-17       0.00000e+00
 116.2000000       2.87688e-17       2.87688e-17       0.00000e+00
 116.3000000       2.86639e-17       2.86639e-17       0.00000e+00
 116.4000000       2.84719e-17       2.84719e-17       0.00000e+00
 116.5000000       2.81293e-17       2.81293e-17       0.00000e+00
 116.6000000       2.77165e-17       2.77165e-17       0.00000e+00
 116.7000000       2.72696e-17       2.72696e-17       0.00000e+00
 116.8000000       2.68133e-17       2.68133e-17       0.00000e+00
 116.9000000       2.64041e-17       2.64041e-17       0.00000e+00
 117.0000000       2.60248e-17       2.60248e-17       0.00000e+00
 117.1000000       2.59504e-17       2.59504e-17       0.00000e+00
 117.2000000       2.59901e-17       2.59901e-17       0.00000e+00
 117.3000000       2.60836e-17       2.60836e-17       0.00000e+00
 117.4000000       2.61791e-17       2.61791e-17       0.00000e+00
 117.5000000       2.61249e-17       2.61249e-17       0.00000e+00
 117.6000000       2.60456e-17       2.60456e-17       0.00000e+00
 117.7000000       2.60601e-17       2.60601e-17       0.00000e+00
 117.8000000       2.60729e-17       2.60729e-17       0.00000e+00
 117.9000000       2.59398e-17       2.59398e-17       0.00000e+00
 118.0000000       2.57804e-17       2.57804e-17       0.00000e+00
 118.1000000       2.56001e-17       2.56001e-17       0.00000e+00
 118.2000000       2.54073e-17       2.54073e-17       0.00000e+00
 118.3000000       2.51644e-17       2.51644e-17       0.00000e+00
 118.4000000       2.49060e-17       2.49060e-17       0.00000e+00
 118.5000000       2.46185e-17       2.46185e-17       0.00000e+00
 118.6000000       2.43889e-17       2.43889e-17       0.00000e+00
 118.7000000       2.44015e-17       2.44015e-17       0.00000e+00
 118.8000000       2.44375e-17       2.44375e-17       0.00000e+00
 118.9000000       2.44666e-17       2.44666e-17       0.00000e+00
 119.0000000       2.44880e-17       2.44880e-17       0.00000e+00
 119.1000000       2.44855e-17       2.44855e-17       0.00000e+00
 119.2000000       2.44591e-17       2.44591e-17       0.00000e+00
 119.3000000       2.43668e-17       2.43668e-17       0.00000e+00
 119.4000000       2.42700e-17       2.42700e-17       0.00000e+00
 119.5000000       2.41731e-17       2.41731e-17       0.00000e+00
 119.6000000       2.40552e-17       2.40552e-17       0.00000e+00
 119.7000000       2.38681e-17       2.38681e-17       0.00000e+00
 119.8000000       2.36751e-17       2.36751e-17       0.00000e+00
 119.9000000       2.34811e-17       2.34811e-17       0.00000e+00
 120.0000000       2.31670e-17       2.31670e-17       0.00000e+00
 120.1000000       2.26372e-17       2.26372e-17       0.00000e+00
 120.2000000       2.24291e-17       2.24291e-17       0.00000e+00
 120.3000000       2.24389e-17       2.24389e-17       0.00000e+00
 120.4000000       2.26892e-17       2.26892e-17       0.00000e+00
 120.5000000       2.30802e-17       2.30802e-17       0.00000e+00
 120.6000000       2.34991e-17       2.34991e-17       0.00000e+00
 120.7000000       2.36405e-17       2.36405e-17       0.00000e+00
 120.8000000       2.34015e-17       2.34015e-17       0.00000e+00
 120.9000000       2.30460e-17       2.30460e-17       0.00000e+00
 121.0000000       2.28212e-17       2.28212e-17       0.00000e+00
 121.1000000       2.26552e-17       2.26552e-17       0.00000e+00
 121.2000000       2.26456e-17       2.26456e-17       0.00000e+00
 121.3000000       2.26418e-17       2.26418e-17       0.00000e+00
 121.4000000       2.26412e-17       2.26412e-17       0.00000e+00
 121.5000000       2.26412e-17       2.26412e-17       0.00000e+00
 121.6000000       2.26519e-17       2.26519e-17       0.00000e+00
 121.7000000       2.30104e-17       2.30104e-17       0.00000e+00
 121.8000000       2.31408e-17       2.31408e-17       0.00000e+00
 121.9000000       2.33519e-17       2.33519e-17       0.00000e+00
 122.0000000       2.35796e-17       2.35796e-17       0.00000e+00
 122.1000000       2.36421e-17       2.36421e-17       0.00000e+00
 122.2000000       2.39553e-17       2.39553e-17       0.00000e+00
 122.3000000       2.39587e-17       2.39587e-17       0.00000e+00
 122.4000000       2.37107e-17       2.37107e-17       0.00000e+00
 122.5000000       2.36283e-17       2.36283e-17       0.00000e+00
 122.6000000       2.34971e-17       2.34971e-17       0.00000e+00
 122.7000000       2.31668e-17       2.31668e-17       0.00000e+00
 122.8000000       2.27750e-17       2.27750e-17       0.00000e+00
 122.9000000       2.27462e-17       2.27462e-17       0.00000e+00
 123.0000000       2.28742e-17       2.28742e-17       0.00000e+00
 123.1000000       2.27746e-17       2.27746e-17       0.00000e+00
 123.2000000       2.27322e-17       2.27322e-17       0.00000e+00
 123.3000000       2.28703e-17       2.28703e-17       0.00000e+00
 123.4000000       2.31148e-17       2.31148e-17       0.00000e+00
 123.5000000       2.35009e-17       2.35009e-17       0.00000e+00
 123.6000000       2.37593e-17       2.37593e-17       0.00000e+00
 123.7000000       2.38726e-17       2.38726e-17       0.00000e+00
 123.8000000       2.39674e-17       2.39674e-17       0.00000e+00
 123.9000000       2.41272e-17       2.41272e-17       0.00000e+00
 124.0000000       2.40600e-17       2.40600e-17       0.00000e+00
 124.1000000       2.37917e-17       2.37917e-17       0.00000e+00
 124.2000000       2.34516e-17       2.34516e-17       0.00000e+00
 124.3000000       2.30171e-17       2.30171e-17       0.00000e+00
 124.4000000       2.27919e-17       2.27919e-17       0.00000e+00
 124.5000000       2.24791e-17       2.24791e-17       0.00000e+00
 124.6000000       2.20571e-17       2.20571e-17       0.00000e+00
 124.7000000       2.19663e-17       2.19663e-17       0.00000e+00
 124.8000000       2.21194e-17       2.21194e-17       0.00000e+00
 124.9000000       2.21309e-17       2.21309e-17       0.00000e+00
 125.0000000       2.22459e-17       2.22459e-17       0.00000e+00
 125.1000000       2.26218e-17       2.26218e-17       0.00000e+00
 125.2000000       2.28707e-17       2.28707e-17       0.00000e+00
 125.3000000       2.33074e-17       2.33074e-17       0.00000e+00
 125.4000000       2.40248e-17       2.40248e-17       0.00000e+00
 125.5000000       2.44314e-17       2.44314e-17       0.00000e+00
 125.6000000       2.46954e-17       2.46954e-17       0.00000e+00
 125.7000000       2.49006e-17       2.49006e-17       0.00000e+00
 125.8000000       2.48443e-17       2.48443e-17       0.00000e+00
 125.9000000       2.45380e-17       2.45380e-17       0.00000e+00
 126.0000000       2.41255e-17       2.41255e-17       0.00000e+00
 126.1000000       2.39720e-17       2.39720e-17       0.00000e+00
 126.2000000       2.33924e-17       2.33924e-17       0.00000e+00
 126.3000000       2.28648e-17       2.28648e-17       0.00000e+00
 126.4000000       2.23644e-17       2.23644e-17       0.00000e+00
 126.5000000       2.21208e-17       2.21208e-17       0.00000e+00
 126.6000000       2.21208e-17       2.21208e-17       0.00000e+00
 126.7000000       2.21190e-17       2.21190e-17       0.00000e+00
 126.8000000       2.21784e-17       2.21784e-17       0.00000e+00
 126.9000000       2.24662e-17       2.24662e-17       0.00000e+00
 127.0000000       2.30332e-17       2.30332e-17       0.00000e+00
 127.1000000       2.37876e-17       2.37876e-17       0.00000e+00
 127.2000000       2.45382e-17       2.45382e-17       0.00000e+00
 127.3000000       2.53538e-17       2.53538e-17       0.00000e+00
 127.4000000       2.59272e-17       2.59272e-17       0.00000e+00
 127.5000000       2.66328e-17       2.66328e-17       0.00000e+00
 127.6000000       2.68263e-17       2.68263e-17       0.00000e+00
 127.7000000       2.68876e-17       2.68876e-17       0.00000e+00
 127.8000000       2.69993e-17       2.69993e-17       0.00000e+00
 127.9000000       2.64098e-17       2.64098e-17       0.00000e+00
 128.0000000       2.57324e-17       2.57324e-17       0.00000e+00
 128.1000000       2.50349e-17       2.50349e-17       0.00000e+00
 128.2000000       2.43479e-17       2.43479e-17       0.00000e+00
 128.3000000       2.37432e-17       2.37432e-17       0.00000e+00
 128.4000000       2.35743e-17       2.35743e-17       0.00000e+00
 128.5000000       2.34248e-17       2.34248e-17       0.00000e+00
 128.6000000       2.33238e-17       2.33238e-17       0.00000e+00
 128.7000000       2.34292e-17       2.34292e-17       0.00000e+00
 128.8000000       2.36844e-17       2.36844e-17       0.00000e+00
 128.9000000       2.41944e-17       2.41944e-17       0.00000e+00
 129.0000000       2.49909e-17       2.49909e-17       0.00000e+00
 129.1000000       2.57621e-17       2.57621e-17       0.00000e+00
 129.2000000       2.66577e-17       2.66577e-17       0.00000e+00
 129.3000000       2.75073e-17       2.75073e-17       0.00000e+00
 129.4000000       2.85854e-17       2.85854e-17       0.00000e+00
 129.5000000       2.94273e-17       2.94273e-17       0.00000e+00
 129.6000000       2.98695e-17       2.98695e-17       0.00000e+00
 129.7000000       3.01117e-17       3.01117e-17       0.00000e+00
 129.8000000       2.98799e-17       2.98799e-17       0.00000e+00
 129.9000000       2.91686e-17       2.91686e-17       0.00000e+00
 130.0000000       2.81846e-17       2.81846e-17       0.00000e+00
 130.1000000       2.71331e-17       2.71331e-17       0.00000e+00
 130.2000000       2.57991e-17       2.57991e-17       0.00000e+00
 130.3000000       2.50459e-17       2.50459e-17       0.00000e+00
 130.4000000       2.46097e-17       2.46097e-17       0.00000e+00
 130.5000000       2.45379e-17       2.45379e-17       0.00000e+00
 130.6000000       2.43095e-17       2.43095e-17       0.00000e+00
 130.7000000       2.41011e-17       2.41011e-17       0.00000e+00
 130.8000000       2.41767e-17       2.41767e-17       0.00000e+00
 130.9000000       2.46486e-17       2.46486e-17       0.00000e+00
 131.0000000       2.52814e-17       2.52814e-17       0.00000e+00
 131.1000000       2.60816e-17       2.60816e-17       0.00000e+00
 131.2000000       2.71025e-17       2.71025e-17       0.00000e+00
 131.3000000       2.79927e-17       2.79927e-17       0.00000e+00
 131.4000000       2.94629e-17       2.94629e-17       0.00000e+00
 131.5000000       3.03067e-17       3.03067e-17       0.00000e+00
 131.6000000       3.04962e-17       3.04962e-17       0.00000e+00
 131.7000000       3.09353e-17       3.09353e-17       0.00000e+00
 131.8000000       3.11491e-17       3.11491e-17       0.00000e+00
 131.9000000       3.09530e-17       3.09530e-17       0.00000e+00
 132.0000000       3.03718e-17       3.03718e-17       0.00000e+00
 132.1000000       2.92875e-17       2.92875e-17       0.00000e+00
 132.2000000       2.79124e-17       2.79124e-17       0.00000e+00
 132.3000000       2.65186e-17       2.65186e-17       0.00000e+00
 132.4000000       2.49939e-17       2.49939e-17       0.00000e+00
 132.5000000       2.42233e-17       2.42233e-17       0.00000e+00
 132.6000000       2.38082e-17       2.38082e-17       0.00000e+00
 132.7000000       2.33852e-17       2.33852e-17       0.00000e+00
 132.8000000       2.30818e-17       2.30818e-17       0.00000e+00
 132.9000000       2.30734e-17       2.30734e-17       0.00000e+00
 133.0000000       2.34199e-17       2.34199e-17       0.00000e+00
 133.1000000       2.36069e-17       2.36069e-17       0.00000e+00
 133.2000000       2.41894e-17       2.41894e-17       0.00000e+00
 133.3000000       2.49427e-17       2.49427e-17       0.00000e+00
 133.4000000       2.61035e-17       2.61035e-17       0.00000e+00
 133.5000000       2.69625e-17       2.69625e-17       0.00000e+00
 133.6000000       2.79765e-17       2.79765e-17       0.00000e+00
 133.7000000       2.83848e-17       2.83848e-17       0.00000e+00
 133.8000000       2.90996e-17       2.90996e-17       0.00000e+00
 133.9000000       2.96354e-17       2.96354e-17       0.00000e+00
 134.0000000       2.96696e-17       2.96696e-17       0.00000e+00
 134.1000000       2.85848e-17       2.85848e-17       0.00000e+00
 134.2000000       2.67807e-17       2.67807e-17       0.00000e+00
 134.3000000       2.50208e-17       2.50208e-17       0.00000e+00
 134.4000000       2.30900e-17       2.30900e-17       0.00000e+00
 134.5000000       2.13105e-17       2.13105e-17       0.00000e+00
 134.6000000       2.00292e-17       2.00292e-17       0.00000e+00
 134.7000000       1.92523e-17       1.92523e-17       0.00000e+00
 134.8000000       1.86335e-17       1.86335e-17       0.00000e+00
 134.9000000       1.85652e-17       1.85652e-17       0.00000e+00
 135.0000000       1.85652e-17       1.85652e-17       0.00000e+00
 135.1000000       1.85900e-17       1.85900e-17       0.00000e+00
 135.2000000       1.91006e-17       1.91006e-17       0.00000e+00
 135.3000000       1.95830e-17       1.95830e-17       0.00000e+00
 135.4000000       1.98071e-17       1.98071e-17       0.00000e+00
 135.5000000       2.01698e-17       2.01698e-17       0.00000e+00
 135.6000000       2.15545e-17       2.15545e-17       0.00000e+00
 135.7000000       2.31549e-17       2.31549e-17       0.00000e+00
 135.8000000       2.39008e-17       2.39008e-17       0.00000e+00
 135.9000000       2.35860e-17       2.35860e-17       0.00000e+00
 136.0000000       2.26839e-17       2.26839e-17       0.00000e+00
 136.1000000       2.17429e-17       2.17429e-17       0.00000e+00
 136.2000000       2.09883e-17       2.09883e-17       0.00000e+00
 136.3000000       2.03309e-17       2.03309e-17       0.00000e+00
 136.4000000       1.95396e-17       1.95396e-17       0.00000e+00
 136.5000000       1.83910e-17       1.83910e-17       0.00000e+00
 136.6000000       1.66936e-17       1.66936e-17       0.00000e+00
 136.7000000       1.51867e-17       1.51867e-17       0.00000e+00
 136.8000000       1.38277e-17       1.38277e-17       0.00000e+00
 136.9000000       1.27772e-17       1.27772e-17       0.00000e+00
 137.0000000       1.23502e-17       1.23502e-17       0.00000e+00
 137.1000000       1.21121e-17       1.21121e-17       0.00000e+00
 137.2000000       1.20649e-17       1.20649e-17       0.00000e+00
 137.3000000       1.21556e-17       1.21556e-17       0.00000e+00
 137.4000000       1.26555e-17       1.26555e-17       0.00000e+00
 137.5000000       1.35277e-17       1.35277e-17       0.00000e+00
 137.6000000       1.40540e-17       1.40540e-17       0.00000e+00
 137.7000000       1.33917e-17       1.33917e-17       0.00000e+00
 137.8000000       1.31029e-17       1.31029e-17       0.00000e+00
 137.9000000       1.38985e-17       1.38985e-17       0.00000e+00
 138.0000000       1.48475e-17       1.48475e-17       0.00000e+00
 138.1000000       1.51614e-17       1.51614e-17       0.00000e+00
 138.2000000       1.45575e-17       1.45575e-17       0.00000e+00
 138.3000000       1.35216e-17       1.35216e-17       0.00000e+00
 138.4000000       1.26806e-17       1.26806e-17       0.00000e+00
 138.5000000       1.25888e-17       1.25888e-17       0.00000e+00
 138.6000000       1.24291e-17       1.24291e-17       0.00000e+00
 138.7000000       1.17248e-17       1.17248e-17       0.00000e+00
 138.8000000       1.08342e-17       1.08342e-17       0.00000e+00
 138.9000000       9.93844e-18       9.93844e-18       0.00000e+00
 139.0000000       9.04377e-18       9.04377e-18       0.00000e+00
 139.1000000       7.99702e-18       7.99702e-18       0.00000e+00
 139.2000000       7.21899e-18       7.21899e-18       0.00000e+00
 139.3000000       6.81795e-18       6.81795e-18       0.00000e+00
 139.4000000       6.55734e-18       6.55734e-18       0.00000e+00
 139.5000000       6.52226e-18       6.52226e-18       0.00000e+00
 139.6000000       6.88535e-18       6.88535e-18       0.00000e+00
 139.7000000       7.57262e-18       7.57262e-18       0.00000e+00
 139.8000000       8.50253e-18       8.50253e-18       0.00000e+00
 139.9000000       8.59944e-18       8.59944e-18       0.00000e+00
 140.0000000       8.19372e-18       8.19372e-18       0.00000e+00
 140.1000000       8.00333e-18       8.00333e-18       0.00000e+00
 140.2000000       8.39039e-18       8.39039e-18       0.00000e+00
 140.3000000       8.78474e-18       8.78474e-18       0.00000e+00
 140.4000000       8.14664e-18       8.14664e-18       0.00000e+00
 140.5000000       7.17978e-18       7.17978e-18       0.00000e+00
 140.6000000       6.38367e-18       6.38367e-18       0.00000e+00
 140.7000000       6.55486e-18       6.55486e-18       0.00000e+00
 140.8000000       7.05297e-18       7.05297e-18       0.00000e+00
 140.9000000       7.15201e-18       7.15201e-18       0.00000e+00
 141.0000000       6.39233e-18       6.39233e-18       0.00000e+00
 141.1000000       5.49175e-18       5.49175e-18       0.00000e+00
 141.2000000       4.81982e-18       4.81982e-18       0.00000e+00
 141.3000000       4.39881e-18       4.39881e-18       0.00000e+00
 141.4000000       4.09299e-18       4.09299e-18       0.00000e+00
 141.5000000       3.94234e-18       3.94234e-18       0.00000e+00
 141.6000000       3.80004e-18       3.80004e-18       0.00000e+00
 141.7000000       3.63692e-18       3.63692e-18       0.00000e+00
 141.8000000       3.46543e-18       3.46543e-18       0.00000e+00
 141.9000000       3.42952e-18       3.42952e-18       0.00000e+00
 142.0000000       3.48550e-18       3.48550e-18       0.00000e+00
 142.1000000       3.85768e-18       3.85768e-18       0.00000e+00
 142.2000000       5.13161e-18       5.13161e-18       0.00000e+00
 142.3000000       6.77386e-18       6.77386e-18       0.00000e+00
 142.4000000       5.92261e-18       5.92261e-18       0.00000e+00
 142.5000000       4.26280e-18       4.26280e-18       0.00000e+00
 142.6000000       3.61187e-18       3.61187e-18       0.00000e+00
 142.7000000       3.33662e-18       3.33662e-18       0.00000e+00
 142.8000000       3.22148e-18       3.22148e-18       0.00000e+00
 142.9000000       3.18566e-18       3.18566e-18       0.00000e+00
 143.0000000       3.12895e-18       3.12895e-18       0.00000e+00
 143.1000000       3.06229e-18       3.06229e-18       0.00000e+00
 143.2000000       3.03669e-18       3.03669e-18       0.00000e+00
 143.3000000       3.00032e-18       3.00032e-18       0.00000e+00
 143.4000000       2.95319e-18       2.95319e-18       0.00000e+00
 143.5000000       2.88949e-18       2.88949e-18       0.00000e+00
 143.6000000       2.85007e-18       2.85007e-18       0.00000e+00
 143.7000000       2.82241e-18       2.82241e-18       0.00000e+00
 143.8000000       2.79520e-18       2.79520e-18       0.00000e+00
 143.9000000       2.78543e-18       2.78543e-18       0.00000e+00
 144.0000000       2.76519e-18       2.76519e-18       0.00000e+00
 144.1000000       2.71701e-18       2.71701e-18       0.00000e+00
 144.2000000       2.67342e-18       2.67342e-18       0.00000e+00
 144.3000000       2.62089e-18       2.62089e-18       0.00000e+00
 144.4000000       2.60683e-18       2.60683e-18       0.00000e+00
 144.5000000       2.56281e-18       2.56281e-18       0.00000e+00
 144.6000000       2.55505e-18       2.55505e-18       0.00000e+00
 144.7000000       2.55074e-18       2.55074e-18       0.00000e+00
 144.8000000       2.53090e-18       2.53090e-18       0.00000e+00
 144.9000000       2.51716e-18       2.51716e-18       0.00000e+00
 145.0000000       2.48332e-18       2.48332e-18       0.00000e+00
 145.1000000       2.49279e-18       2.49279e-18       0.00000e+00
 145.2000000       2.47528e-18       2.47528e-18       0.00000e+00
 145.3000000       2.46937e-18       2.46937e-18       0.00000e+00
 145.4000000       2.43756e-18       2.43756e-18       0.00000e+00
 145.5000000       2.39878e-18       2.39878e-18       0.00000e+00
 145.6000000       2.38177e-18       2.38177e-18       0.00000e+00
 145.7000000       2.34631e-18       2.34631e-18       0.00000e+00
 145.8000000       2.32153e-18       2.32153e-18       0.00000e+00
 145.9000000       2.27186e-18       2.27186e-18       0.00000e+00
 146.0000000       2.25226e-18       2.25226e-18       0.00000e+00
 146.1000000       2.18688e-18       2.18688e-18       0.00000e+00
 146.2000000       2.13501e-18       2.13501e-18       0.00000e+00
 146.3000000       2.11418e-18       2.11418e-18       0.00000e+00
 146.4000000       2.08359e-18       2.08359e-18       0.00000e+00
 146.5000000       2.04273e-18       2.04273e-18       0.00000e+00
 146.6000000       1.99973e-18       1.99973e-18       0.00000e+00
 146.7000000       1.98454e-18       1.98454e-18       0.00000e+00
 146.8000000       1.94219e-18       1.94219e-18       0.00000e+00
 146.9000000       1.89802e-18       1.89802e-18       0.00000e+00
 147.0000000       1.90131e-18       1.90131e-18       0.00000e+00
 147.1000000       1.88318e-18       1.88318e-18       0.00000e+00
 147.2000000       1.86044e-18       1.86044e-18       0.00000e+00
 147.3000000       1.82716e-18       1.82716e-18       0.00000e+00
 147.4000000       1.80427e-18       1.80427e-18       0.00000e+00
 147.5000000       1.78657e-18       1.78657e-18       0.00000e+00
 147.6000000       1.76911e-18       1.76911e-18       0.00000e+00
 147.7000000       1.75140e-18       1.75140e-18       0.00000e+00
 147.8000000       1.72779e-18       1.72779e-18       0.00000e+00
 147.9000000       1.69666e-18       1.69666e-18       0.00000e+00
 148.0000000       1.67092e-18       1.67092e-18       0.00000e+00
 148.1000000       1.64099e-18       1.64099e-18       0.00000e+00
 148.2000000       1.60152e-18       1.60152e-18       0.00000e+00
 148.3000000       1.54736e-18       1.54736e-18       0.00000e+00
 148.4000000       1.53006e-18       1.53006e-18       0.00000e+00
 148.5000000       1.50340e-18       1.50340e-18       0.00000e+00
 148.6000000       1.46176e-18       1.46176e-18       0.00000e+00
 148.7000000       1.41408e-18       1.41408e-18       0.00000e+00
 148.8000000       1.37168e-18       1.37168e-18       0.00000e+00
 148.9000000       1.32017e-18       1.32017e-18       0.00000e+00
 149.0000000       1.27837e-18       1.27837e-18       0.00000e+00
 149.1000000       1.25101e-18       1.25101e-18       0.00000e+00
 149.2000000       1.22185e-18       1.22185e-18       0.00000e+00
 149.3000000       1.18159e-18       1.18159e-18       0.00000e+00
 149.4000000       1.15431e-18       1.15431e-18       0.00000e+00
 149.5000000       1.13383e-18       1.13383e-18       0.00000e+00
