# Cross sections for C2H
# Converted from earlier Leiden database cross sections by Alan Heays 2016-02-24
# Photodissociation source: C2H van Hemert & van Dishoeck 2007
# Lines represented with gaussian of width 1.0 nm FWHM
# wavelength: (nm)
# photoabsorption:    cross section (cm2)
# photodissociation:  cross section (cm2)
# 
# wavelength   photoabsorption photodissociation
 117.0000000       1.06709e-27       1.06709e-27
 117.1000000       4.01504e-27       4.01504e-27
 117.2000000       1.93191e-26       1.93191e-26
 117.3000000       8.80074e-26       8.80074e-26
 117.4000000       3.79566e-25       3.79566e-25
 117.5000000       1.54984e-24       1.54984e-24
 117.6000000       5.99125e-24       5.99125e-24
 117.7000000       2.19267e-23       2.19267e-23
 117.8000000       7.59723e-23       7.59723e-23
 117.9000000       2.49206e-22       2.49206e-22
 118.0000000       7.73898e-22       7.73898e-22
 118.1000000       2.27524e-21       2.27524e-21
 118.2000000       6.33271e-21       6.33271e-21
 118.3000000       1.66866e-20       1.66866e-20
 118.4000000       4.16259e-20       4.16259e-20
 118.5000000       9.83050e-20       9.83050e-20
 118.6000000       2.19788e-19       2.19788e-19
 118.7000000       4.65208e-19       4.65208e-19
 118.8000000       9.32196e-19       9.32196e-19
 118.9000000       1.76842e-18       1.76842e-18
 119.0000000       3.17601e-18       3.17601e-18
 119.1000000       5.40007e-18       5.40007e-18
 119.2000000       8.69236e-18       8.69236e-18
 119.3000000       1.32465e-17       1.32465e-17
 119.4000000       1.91112e-17       1.91112e-17
 119.5000000       2.61039e-17       2.61039e-17
 119.6000000       3.37561e-17       3.37561e-17
 119.7000000       4.13270e-17       4.13270e-17
 119.8000000       4.79017e-17       4.79017e-17
 119.9000000       5.25664e-17       5.25664e-17
 120.0000000       5.46145e-17       5.46145e-17
 120.1000000       5.37222e-17       5.37222e-17
 120.2000000       5.00321e-17       5.00321e-17
 120.3000000       4.41160e-17       4.41160e-17
 120.4000000       3.68298e-17       3.68298e-17
 120.5000000       2.91113e-17       2.91113e-17
 120.6000000       2.17866e-17       2.17866e-17
 120.7000000       1.54382e-17       1.54382e-17
 120.8000000       1.03595e-17       1.03595e-17
 120.9000000       6.58665e-18       6.58665e-18
 121.0000000       3.97897e-18       3.97897e-18
 121.1000000       2.31337e-18       2.31337e-18
 121.2000000       1.36970e-18       1.36970e-18
 121.3000000       9.97862e-19       9.97862e-19
 121.4000000       1.17237e-18       1.17237e-18
 121.5000000       2.04627e-18       2.04627e-18
 121.6000000       4.01408e-18       4.01408e-18
 121.7000000       7.78060e-18       7.78060e-18
 121.8000000       1.44126e-17       1.44126e-17
 121.9000000       2.53278e-17       2.53278e-17
 122.0000000       4.21618e-17       4.21618e-17
 122.1000000       6.64633e-17       6.64633e-17
 122.2000000       9.92146e-17       9.92146e-17
 122.3000000       1.40255e-16       1.40255e-16
 122.4000000       1.87776e-16       1.87776e-16
 122.5000000       2.38108e-16       2.38108e-16
 122.6000000       2.85998e-16       2.85998e-16
 122.7000000       3.25432e-16       3.25432e-16
 122.8000000       3.50855e-16       3.50855e-16
 122.9000000       3.58464e-16       3.58464e-16
 123.0000000       3.47151e-16       3.47151e-16
 123.1000000       3.18780e-16       3.18780e-16
 123.2000000       2.77703e-16       2.77703e-16
 123.3000000       2.29699e-16       2.29699e-16
 123.4000000       1.80688e-16       1.80688e-16
 123.5000000       1.35619e-16       1.35619e-16
 123.6000000       9.78041e-17       9.78041e-17
 123.7000000       6.87633e-17       6.87633e-17
 123.8000000       4.84810e-17       4.84810e-17
 123.9000000       3.58734e-17       3.58734e-17
 124.0000000       2.92808e-17       2.92808e-17
 124.1000000       2.68674e-17       2.68674e-17
 124.2000000       2.68930e-17       2.68930e-17
 124.3000000       2.78771e-17       2.78771e-17
 124.4000000       2.86916e-17       2.86916e-17
 124.5000000       2.86057e-17       2.86057e-17
 124.6000000       2.72885e-17       2.72885e-17
 124.7000000       2.47650e-17       2.47650e-17
 124.8000000       2.13251e-17       2.13251e-17
 124.9000000       1.74032e-17       1.74032e-17
 125.0000000       1.34532e-17       1.34532e-17
 125.1000000       9.84856e-18       9.84856e-18
 125.2000000       6.82701e-18       6.82701e-18
 125.3000000       4.48102e-18       4.48102e-18
 125.4000000       2.78487e-18       2.78487e-18
 125.5000000       1.63874e-18       1.63874e-18
 125.6000000       9.13051e-19       9.13051e-19
 125.7000000       4.81679e-19       4.81679e-19
 125.8000000       2.40603e-19       2.40603e-19
 125.9000000       1.13795e-19       1.13795e-19
 126.0000000       5.09600e-20       5.09600e-20
 126.1000000       2.16080e-20       2.16080e-20
 126.2000000       8.67527e-21       8.67527e-21
 126.3000000       3.29786e-21       3.29786e-21
 126.4000000       1.18703e-21       1.18703e-21
 126.5000000       4.04547e-22       4.04547e-22
 126.6000000       1.30543e-22       1.30543e-22
 126.7000000       3.98854e-23       3.98854e-23
 126.8000000       1.15384e-23       1.15384e-23
 126.9000000       3.16045e-24       3.16045e-24
 127.0000000       8.19627e-25       8.19627e-25
 127.1000000       2.01255e-25       2.01255e-25
 127.2000000       4.67883e-26       4.67883e-26
 127.3000000       1.02986e-26       1.02986e-26
 127.4000000       2.15556e-27       2.15556e-27
 127.5000000       5.54175e-28       5.54175e-28
 127.6000000       3.15544e-29       3.15544e-29
 127.7000000       0.00000e+00       0.00000e+00
 127.8000000       2.76101e-29       2.76101e-29
 127.9000000       5.85729e-28       5.85729e-28
 128.0000000       3.11797e-27       3.11797e-27
 128.1000000       1.50012e-26       1.50012e-26
 128.2000000       6.83331e-26       6.83331e-26
 128.3000000       2.94714e-25       2.94714e-25
 128.4000000       1.20338e-24       1.20338e-24
 128.5000000       4.65191e-24       4.65191e-24
 128.6000000       1.70250e-23       1.70250e-23
 128.7000000       5.89887e-23       5.89887e-23
 128.8000000       1.93496e-22       1.93496e-22
 128.9000000       6.00894e-22       6.00894e-22
 129.0000000       1.76661e-21       1.76661e-21
 129.1000000       4.91704e-21       4.91704e-21
 129.2000000       1.29563e-20       1.29563e-20
 129.3000000       3.23205e-20       3.23205e-20
 129.4000000       7.63290e-20       7.63290e-20
 129.5000000       1.70654e-19       1.70654e-19
 129.6000000       3.61211e-19       3.61211e-19
 129.7000000       7.23804e-19       7.23804e-19
 129.8000000       1.37309e-18       1.37309e-18
 129.9000000       2.46602e-18       2.46602e-18
 130.0000000       4.19289e-18       4.19289e-18
 130.1000000       6.74919e-18       6.74919e-18
 130.2000000       1.02852e-17       1.02852e-17
 130.3000000       1.48389e-17       1.48389e-17
 130.4000000       2.02684e-17       2.02684e-17
 130.5000000       2.62099e-17       2.62099e-17
 130.6000000       3.20883e-17       3.20883e-17
 130.7000000       3.71933e-17       3.71933e-17
 130.8000000       4.08152e-17       4.08152e-17
 130.9000000       4.24054e-17       4.24054e-17
 131.0000000       4.17126e-17       4.17126e-17
 131.1000000       3.88474e-17       3.88474e-17
 131.2000000       3.42539e-17       3.42539e-17
 131.3000000       2.85965e-17       2.85965e-17
 131.4000000       2.26035e-17       2.26035e-17
 131.5000000       1.69161e-17       1.69161e-17
 131.6000000       1.19864e-17       1.19864e-17
 131.7000000       8.04165e-18       8.04165e-18
 131.8000000       5.10826e-18       5.10826e-18
 131.9000000       3.07237e-18       3.07237e-18
 132.0000000       1.74964e-18       1.74964e-18
 132.1000000       9.43414e-19       9.43414e-19
 132.2000000       4.81653e-19       4.81653e-19
 132.3000000       2.32833e-19       2.32833e-19
 132.4000000       1.06571e-19       1.06571e-19
 132.5000000       4.61861e-20       4.61861e-20
 132.6000000       1.89525e-20       1.89525e-20
 132.7000000       7.36382e-21       7.36382e-21
 132.8000000       2.70907e-21       2.70907e-21
 132.9000000       9.43663e-22       9.43663e-22
 133.0000000       3.11237e-22       3.11237e-22
 133.1000000       9.71945e-23       9.71945e-23
 133.2000000       2.87386e-23       2.87386e-23
 133.3000000       8.04563e-24       8.04563e-24
 133.4000000       2.13266e-24       2.13266e-24
 133.5000000       5.35239e-25       5.35239e-25
 133.6000000       1.27184e-25       1.27184e-25
 133.7000000       2.86130e-26       2.86130e-26
 133.8000000       6.13931e-27       6.13931e-27
 133.9000000       1.91595e-27       1.91595e-27
 134.0000000       3.91472e-28       3.91472e-28
 134.1000000       0.00000e+00       0.00000e+00
 134.2000000       0.00000e+00       0.00000e+00
 134.3000000       0.00000e+00       0.00000e+00
 134.4000000       0.00000e+00       0.00000e+00
 134.5000000       0.00000e+00       0.00000e+00
 134.6000000       0.00000e+00       0.00000e+00
 134.7000000       2.79060e-28       2.79060e-28
 134.8000000       1.83903e-27       1.83903e-27
 134.9000000       9.04725e-27       9.04725e-27
 135.0000000       4.21212e-26       4.21212e-26
 135.1000000       1.85621e-25       1.85621e-25
 135.2000000       7.74319e-25       7.74319e-25
 135.3000000       3.05767e-24       3.05767e-24
 135.4000000       1.14300e-23       1.14300e-23
 135.5000000       4.04475e-23       4.04475e-23
 135.6000000       1.35499e-22       1.35499e-22
 135.7000000       4.29718e-22       4.29718e-22
 135.8000000       1.29016e-21       1.29016e-21
 135.9000000       3.66705e-21       3.66705e-21
 136.0000000       9.86763e-21       9.86763e-21
 136.1000000       2.51383e-20       2.51383e-20
 136.2000000       6.06307e-20       6.06307e-20
 136.3000000       1.38447e-19       1.38447e-19
 136.4000000       2.99308e-19       2.99308e-19
 136.5000000       6.12628e-19       6.12628e-19
 136.6000000       1.18720e-18       1.18720e-18
 136.7000000       2.17822e-18       2.17822e-18
 136.8000000       3.78384e-18       3.78384e-18
 136.9000000       6.22328e-18       6.22328e-18
 137.0000000       9.69089e-18       9.69089e-18
 137.1000000       1.42878e-17       1.42878e-17
 137.2000000       1.99447e-17       1.99447e-17
 137.3000000       2.63602e-17       2.63602e-17
 137.4000000       3.29858e-17       3.29858e-17
 137.5000000       3.90808e-17       3.90808e-17
 137.6000000       4.38385e-17       4.38385e-17
 137.7000000       4.65589e-17       4.65589e-17
 137.8000000       4.68168e-17       4.68168e-17
 137.9000000       4.45708e-17       4.45708e-17
 138.0000000       4.01740e-17       4.01740e-17
 138.1000000       3.42833e-17       3.42833e-17
 138.2000000       2.76987e-17       2.76987e-17
 138.3000000       2.11870e-17       2.11870e-17
 138.4000000       1.53431e-17       1.53431e-17
 138.5000000       1.05191e-17       1.05191e-17
 138.6000000       6.82759e-18       6.82759e-18
 138.7000000       4.19537e-18       4.19537e-18
 138.8000000       2.44053e-18       2.44053e-18
 138.9000000       1.34401e-18       1.34401e-18
 139.0000000       7.00678e-19       7.00678e-19
 139.1000000       3.45803e-19       3.45803e-19
 139.2000000       1.61557e-19       1.61557e-19
 139.3000000       7.14504e-20       7.14504e-20
 139.4000000       2.99130e-20       2.99130e-20
 139.5000000       1.18545e-20       1.18545e-20
 139.6000000       4.44707e-21       4.44707e-21
 139.7000000       1.57914e-21       1.57914e-21
 139.8000000       5.30789e-22       5.30789e-22
 139.9000000       1.68877e-22       1.68877e-22
 140.0000000       5.08583e-23       5.08583e-23
 140.1000000       1.44974e-23       1.44974e-23
 140.2000000       3.91158e-24       3.91158e-24
 140.3000000       9.98945e-25       9.98945e-25
 140.4000000       2.41465e-25       2.41465e-25
 140.5000000       5.52439e-26       5.52439e-26
 140.6000000       1.19621e-26       1.19621e-26
 140.7000000       2.45336e-27       2.45336e-27
 140.8000000       4.35846e-28       4.35846e-28
 140.9000000       5.62063e-29       5.62063e-29
 141.0000000       2.32714e-28       2.32714e-28
 141.1000000       9.76215e-28       9.76215e-28
 141.2000000       3.87528e-27       3.87528e-27
 141.3000000       1.45653e-26       1.45653e-26
 141.4000000       5.18282e-26       5.18282e-26
 141.5000000       1.74578e-25       1.74578e-25
 141.6000000       5.56694e-25       5.56694e-25
 141.7000000       1.68056e-24       1.68056e-24
 141.8000000       4.80293e-24       4.80293e-24
 141.9000000       1.29951e-23       1.29951e-23
 142.0000000       3.32875e-23       3.32875e-23
 142.1000000       8.07259e-23       8.07259e-23
 142.2000000       1.85345e-22       1.85345e-22
 142.3000000       4.02894e-22       4.02894e-22
 142.4000000       8.29172e-22       8.29172e-22
 142.5000000       1.61565e-21       1.61565e-21
 142.6000000       2.98057e-21       2.98057e-21
 142.7000000       5.20601e-21       5.20601e-21
 142.8000000       8.60926e-21       8.60926e-21
 142.9000000       1.34798e-20       1.34798e-20
 143.0000000       1.99830e-20       1.99830e-20
 143.1000000       2.80477e-20       2.80477e-20
 143.2000000       3.72727e-20       3.72727e-20
 143.3000000       4.68969e-20       4.68969e-20
 143.4000000       5.58669e-20       5.58669e-20
 143.5000000       6.30118e-20       6.30118e-20
 143.6000000       6.72889e-20       6.72889e-20
 143.7000000       6.80327e-20       6.80327e-20
 143.8000000       6.51240e-20       6.51240e-20
 143.9000000       5.90216e-20       5.90216e-20
 144.0000000       5.06436e-20       5.06436e-20
 144.1000000       4.11413e-20       4.11413e-20
 144.2000000       3.16421e-20       3.16421e-20
 144.3000000       2.30401e-20       2.30401e-20
 144.4000000       1.58829e-20       1.58829e-20
 144.5000000       1.03656e-20       1.03656e-20
 144.6000000       6.40439e-21       6.40439e-21
 144.7000000       3.74602e-21       3.74602e-21
 144.8000000       2.07429e-21       2.07429e-21
 144.9000000       1.08736e-21       1.08736e-21
 145.0000000       5.39699e-22       5.39699e-22
 145.1000000       2.54005e-22       2.54005e-22
 145.2000000       1.14957e-22       1.14957e-22
 145.3000000       5.63854e-23       5.63854e-23
 145.4000000       5.26790e-23       5.26790e-23
 145.5000000       1.27956e-22       1.27956e-22
 145.6000000       4.11767e-22       4.11767e-22
 145.7000000       1.31295e-21       1.31295e-21
 145.8000000       3.98300e-21       3.98300e-21
 145.9000000       1.14450e-20       1.14450e-20
 146.0000000       3.11360e-20       3.11360e-20
 146.1000000       8.01937e-20       8.01937e-20
 146.2000000       1.95546e-19       1.95546e-19
 146.3000000       4.51434e-19       4.51434e-19
 146.4000000       9.86686e-19       9.86686e-19
 146.5000000       2.04178e-18       2.04178e-18
 146.6000000       4.00023e-18       4.00023e-18
 146.7000000       7.42014e-18       7.42014e-18
 146.8000000       1.30314e-17       1.30314e-17
 146.9000000       2.16685e-17       2.16685e-17
 147.0000000       3.41131e-17       3.41131e-17
 147.1000000       5.08478e-17       5.08478e-17
 147.2000000       7.17599e-17       7.17599e-17
 147.3000000       9.58849e-17       9.58849e-17
 147.4000000       1.21305e-16       1.21305e-16
 147.5000000       1.45299e-16       1.45299e-16
 147.6000000       1.64780e-16       1.64780e-16
 147.7000000       1.76929e-16       1.76929e-16
 147.8000000       1.79866e-16       1.79866e-16
 147.9000000       1.73120e-16       1.73120e-16
 148.0000000       1.57759e-16       1.57759e-16
 148.1000000       1.36108e-16       1.36108e-16
 148.2000000       1.11176e-16       1.11176e-16
 148.3000000       8.59758e-17       8.59758e-17
 148.4000000       6.29466e-17       6.29466e-17
 148.5000000       4.36310e-17       4.36310e-17
 148.6000000       2.86312e-17       2.86312e-17
 148.7000000       1.77869e-17       1.77869e-17
 148.8000000       1.04610e-17       1.04610e-17
 148.9000000       5.82437e-18       5.82437e-18
 149.0000000       3.06991e-18       3.06991e-18
 149.1000000       1.53179e-18       1.53179e-18
 149.2000000       7.23533e-19       7.23533e-19
 149.3000000       3.23520e-19       3.23520e-19
 149.4000000       1.36937e-19       1.36937e-19
 149.5000000       5.48672e-20       5.48672e-20
 149.6000000       2.08099e-20       2.08099e-20
 149.7000000       7.47113e-21       7.47113e-21
 149.8000000       2.53897e-21       2.53897e-21
 149.9000000       8.16726e-22       8.16726e-22
 150.0000000       2.48679e-22       2.48679e-22
 150.1000000       7.16706e-23       7.16706e-23
 150.2000000       1.95513e-23       1.95513e-23
 150.3000000       5.04824e-24       5.04824e-24
 150.4000000       1.23375e-24       1.23375e-24
 150.5000000       2.85389e-25       2.85389e-25
 150.6000000       6.24837e-26       6.24837e-26
 150.7000000       1.29482e-26       1.29482e-26
 150.8000000       2.51055e-27       2.51055e-27
 150.9000000       1.38051e-28       1.38051e-28
 151.0000000       0.00000e+00       0.00000e+00
 151.1000000       0.00000e+00       0.00000e+00
 151.2000000       0.00000e+00       0.00000e+00
 151.3000000       0.00000e+00       0.00000e+00
 151.4000000       0.00000e+00       0.00000e+00
 151.5000000       0.00000e+00       0.00000e+00
 151.6000000       0.00000e+00       0.00000e+00
 151.7000000       0.00000e+00       0.00000e+00
 151.8000000       0.00000e+00       0.00000e+00
 151.9000000       0.00000e+00       0.00000e+00
 152.0000000       0.00000e+00       0.00000e+00
 152.1000000       0.00000e+00       0.00000e+00
 152.2000000       0.00000e+00       0.00000e+00
 152.3000000       0.00000e+00       0.00000e+00
 152.4000000       0.00000e+00       0.00000e+00
 152.5000000       0.00000e+00       0.00000e+00
 152.6000000       0.00000e+00       0.00000e+00
 152.7000000       0.00000e+00       0.00000e+00
 152.8000000       0.00000e+00       0.00000e+00
 152.9000000       0.00000e+00       0.00000e+00
 153.0000000       0.00000e+00       0.00000e+00
 153.1000000       0.00000e+00       0.00000e+00
 153.2000000       0.00000e+00       0.00000e+00
 153.3000000       0.00000e+00       0.00000e+00
 153.4000000       0.00000e+00       0.00000e+00
 153.5000000       0.00000e+00       0.00000e+00
 153.6000000       0.00000e+00       0.00000e+00
 153.7000000       0.00000e+00       0.00000e+00
 153.8000000       0.00000e+00       0.00000e+00
 153.9000000       0.00000e+00       0.00000e+00
 154.0000000       0.00000e+00       0.00000e+00
 154.1000000       0.00000e+00       0.00000e+00
 154.2000000       0.00000e+00       0.00000e+00
 154.3000000       0.00000e+00       0.00000e+00
 154.4000000       0.00000e+00       0.00000e+00
 154.5000000       0.00000e+00       0.00000e+00
 154.6000000       0.00000e+00       0.00000e+00
 154.7000000       0.00000e+00       0.00000e+00
 154.8000000       0.00000e+00       0.00000e+00
 154.9000000       0.00000e+00       0.00000e+00
 155.0000000       0.00000e+00       0.00000e+00
 155.1000000       0.00000e+00       0.00000e+00
 155.2000000       0.00000e+00       0.00000e+00
 155.3000000       0.00000e+00       0.00000e+00
 155.4000000       0.00000e+00       0.00000e+00
 155.5000000       0.00000e+00       0.00000e+00
 155.6000000       0.00000e+00       0.00000e+00
 155.7000000       0.00000e+00       0.00000e+00
 155.8000000       0.00000e+00       0.00000e+00
 155.9000000       0.00000e+00       0.00000e+00
 156.0000000       0.00000e+00       0.00000e+00
 156.1000000       0.00000e+00       0.00000e+00
 156.2000000       0.00000e+00       0.00000e+00
 156.3000000       0.00000e+00       0.00000e+00
 156.4000000       0.00000e+00       0.00000e+00
 156.5000000       0.00000e+00       0.00000e+00
 156.6000000       0.00000e+00       0.00000e+00
 156.7000000       0.00000e+00       0.00000e+00
 156.8000000       0.00000e+00       0.00000e+00
 156.9000000       0.00000e+00       0.00000e+00
 157.0000000       0.00000e+00       0.00000e+00
 157.1000000       0.00000e+00       0.00000e+00
 157.2000000       0.00000e+00       0.00000e+00
 157.3000000       0.00000e+00       0.00000e+00
 157.4000000       0.00000e+00       0.00000e+00
 157.5000000       0.00000e+00       0.00000e+00
 157.6000000       0.00000e+00       0.00000e+00
 157.7000000       0.00000e+00       0.00000e+00
 157.8000000       0.00000e+00       0.00000e+00
 157.9000000       0.00000e+00       0.00000e+00
 158.0000000       0.00000e+00       0.00000e+00
 158.1000000       0.00000e+00       0.00000e+00
 158.2000000       0.00000e+00       0.00000e+00
 158.3000000       0.00000e+00       0.00000e+00
 158.4000000       0.00000e+00       0.00000e+00
 158.5000000       0.00000e+00       0.00000e+00
 158.6000000       0.00000e+00       0.00000e+00
 158.7000000       0.00000e+00       0.00000e+00
 158.8000000       0.00000e+00       0.00000e+00
 158.9000000       0.00000e+00       0.00000e+00
 159.0000000       0.00000e+00       0.00000e+00
 159.1000000       0.00000e+00       0.00000e+00
 159.2000000       0.00000e+00       0.00000e+00
 159.3000000       0.00000e+00       0.00000e+00
 159.4000000       4.04291e-29       4.04291e-29
 159.5000000       4.45706e-28       4.45706e-28
 159.6000000       2.26896e-27       2.26896e-27
 159.7000000       1.07680e-26       1.07680e-26
 159.8000000       4.83956e-26       4.83956e-26
 159.9000000       2.05953e-25       2.05953e-25
 160.0000000       8.29881e-25       8.29881e-25
 160.1000000       3.16630e-24       3.16630e-24
 160.2000000       1.14387e-23       1.14387e-23
 160.3000000       3.91280e-23       3.91280e-23
 160.4000000       1.26732e-22       1.26732e-22
 160.5000000       3.88656e-22       3.88656e-22
 160.6000000       1.12856e-21       1.12856e-21
 160.7000000       3.10289e-21       3.10289e-21
 160.8000000       8.07763e-21       8.07763e-21
 160.9000000       1.99102e-20       1.99102e-20
 161.0000000       4.64664e-20       4.64664e-20
 161.1000000       1.02676e-19       1.02676e-19
 161.2000000       2.14817e-19       2.14817e-19
 161.3000000       4.25532e-19       4.25532e-19
 161.4000000       7.98099e-19       7.98099e-19
 161.5000000       1.41723e-18       1.41723e-18
 161.6000000       2.38276e-18       2.38276e-18
 161.7000000       3.79293e-18       3.79293e-18
 161.8000000       5.71640e-18       5.71640e-18
 161.9000000       8.15682e-18       8.15682e-18
 162.0000000       1.10197e-17       1.10197e-17
 162.1000000       1.40950e-17       1.40950e-17
 162.2000000       1.70689e-17       1.70689e-17
 162.3000000       1.95701e-17       1.95701e-17
 162.4000000       2.12435e-17       2.12435e-17
 162.5000000       2.18326e-17       2.18326e-17
 162.6000000       2.12435e-17       2.12435e-17
 162.7000000       1.95701e-17       1.95701e-17
 162.8000000       1.70689e-17       1.70689e-17
 162.9000000       1.40950e-17       1.40950e-17
 163.0000000       1.10197e-17       1.10197e-17
 163.1000000       8.15682e-18       8.15682e-18
 163.2000000       5.71640e-18       5.71640e-18
 163.3000000       3.79293e-18       3.79293e-18
 163.4000000       2.38276e-18       2.38276e-18
 163.5000000       1.41723e-18       1.41723e-18
 163.6000000       7.98099e-19       7.98099e-19
 163.7000000       4.25532e-19       4.25532e-19
 163.8000000       2.14817e-19       2.14817e-19
 163.9000000       1.02676e-19       1.02676e-19
 164.0000000       4.64664e-20       4.64664e-20
 164.1000000       1.99102e-20       1.99102e-20
 164.2000000       8.07763e-21       8.07763e-21
 164.3000000       3.10289e-21       3.10289e-21
 164.4000000       1.12856e-21       1.12856e-21
 164.5000000       3.88656e-22       3.88656e-22
 164.6000000       1.26732e-22       1.26732e-22
 164.7000000       3.91280e-23       3.91280e-23
 164.8000000       1.14387e-23       1.14387e-23
 164.9000000       3.16630e-24       3.16630e-24
 165.0000000       8.29881e-25       8.29881e-25
 165.1000000       2.05953e-25       2.05953e-25
 165.2000000       4.83956e-26       4.83956e-26
 165.3000000       1.07680e-26       1.07680e-26
 165.4000000       2.33207e-27       2.33207e-27
 165.5000000       8.21401e-28       8.21401e-28
 165.6000000       1.02552e-28       1.02552e-28
 165.7000000       0.00000e+00       0.00000e+00
 165.8000000       0.00000e+00       0.00000e+00
 165.9000000       0.00000e+00       0.00000e+00
 166.0000000       0.00000e+00       0.00000e+00
 166.1000000       0.00000e+00       0.00000e+00
 166.2000000       0.00000e+00       0.00000e+00
 166.3000000       0.00000e+00       0.00000e+00
 166.4000000       0.00000e+00       0.00000e+00
 166.5000000       0.00000e+00       0.00000e+00
 166.6000000       0.00000e+00       0.00000e+00
 166.7000000       0.00000e+00       0.00000e+00
 166.8000000       0.00000e+00       0.00000e+00
 166.9000000       0.00000e+00       0.00000e+00
 167.0000000       0.00000e+00       0.00000e+00
 167.1000000       0.00000e+00       0.00000e+00
 167.2000000       0.00000e+00       0.00000e+00
 167.3000000       0.00000e+00       0.00000e+00
 167.4000000       0.00000e+00       0.00000e+00
 167.5000000       0.00000e+00       0.00000e+00
 167.6000000       0.00000e+00       0.00000e+00
 167.7000000       0.00000e+00       0.00000e+00
 167.8000000       0.00000e+00       0.00000e+00
 167.9000000       0.00000e+00       0.00000e+00
 168.0000000       0.00000e+00       0.00000e+00
 168.1000000       0.00000e+00       0.00000e+00
 168.2000000       0.00000e+00       0.00000e+00
 168.3000000       0.00000e+00       0.00000e+00
 168.4000000       0.00000e+00       0.00000e+00
 168.5000000       0.00000e+00       0.00000e+00
 168.6000000       0.00000e+00       0.00000e+00
 168.7000000       0.00000e+00       0.00000e+00
 168.8000000       0.00000e+00       0.00000e+00
 168.9000000       0.00000e+00       0.00000e+00
 169.0000000       0.00000e+00       0.00000e+00
 169.1000000       0.00000e+00       0.00000e+00
 169.2000000       0.00000e+00       0.00000e+00
 169.3000000       0.00000e+00       0.00000e+00
 169.4000000       0.00000e+00       0.00000e+00
 169.5000000       0.00000e+00       0.00000e+00
 169.6000000       0.00000e+00       0.00000e+00
 169.7000000       0.00000e+00       0.00000e+00
 169.8000000       0.00000e+00       0.00000e+00
 169.9000000       0.00000e+00       0.00000e+00
 170.0000000       0.00000e+00       0.00000e+00
 170.1000000       0.00000e+00       0.00000e+00
 170.2000000       0.00000e+00       0.00000e+00
 170.3000000       0.00000e+00       0.00000e+00
 170.4000000       0.00000e+00       0.00000e+00
 170.5000000       0.00000e+00       0.00000e+00
 170.6000000       0.00000e+00       0.00000e+00
 170.7000000       0.00000e+00       0.00000e+00
 170.8000000       0.00000e+00       0.00000e+00
 170.9000000       0.00000e+00       0.00000e+00
 171.0000000       0.00000e+00       0.00000e+00
 171.1000000       0.00000e+00       0.00000e+00
 171.2000000       0.00000e+00       0.00000e+00
 171.3000000       0.00000e+00       0.00000e+00
 171.4000000       0.00000e+00       0.00000e+00
 171.5000000       0.00000e+00       0.00000e+00
 171.6000000       0.00000e+00       0.00000e+00
 171.7000000       0.00000e+00       0.00000e+00
 171.8000000       0.00000e+00       0.00000e+00
 171.9000000       0.00000e+00       0.00000e+00
 172.0000000       0.00000e+00       0.00000e+00
 172.1000000       0.00000e+00       0.00000e+00
 172.2000000       0.00000e+00       0.00000e+00
 172.3000000       0.00000e+00       0.00000e+00
 172.4000000       0.00000e+00       0.00000e+00
 172.5000000       9.86076e-31       9.86076e-31
 172.6000000       1.38051e-29       1.38051e-29
 172.7000000       7.49418e-29       7.49418e-29
 172.8000000       3.58932e-28       3.58932e-28
 172.9000000       1.63689e-27       1.63689e-27
 173.0000000       7.06031e-27       7.06031e-27
 173.1000000       2.88279e-26       2.88279e-26
 173.2000000       1.11441e-25       1.11441e-25
 173.3000000       4.07853e-25       4.07853e-25
 173.4000000       1.41314e-24       1.41314e-24
 173.5000000       4.63541e-24       4.63541e-24
 173.6000000       1.43950e-23       1.43950e-23
 173.7000000       4.23211e-23       4.23211e-23
 173.8000000       1.17793e-22       1.17793e-22
 173.9000000       3.10383e-22       3.10383e-22
 174.0000000       7.74271e-22       7.74271e-22
 174.1000000       1.82854e-21       1.82854e-21
 174.2000000       4.08820e-21       4.08820e-21
 174.3000000       8.65318e-21       8.65318e-21
 174.4000000       1.73395e-20       1.73395e-20
 174.5000000       3.28938e-20       3.28938e-20
 174.6000000       5.90760e-20       5.90760e-20
 174.7000000       1.00445e-19       1.00445e-19
 174.8000000       1.61684e-19       1.61684e-19
 174.9000000       2.46393e-19       2.46393e-19
 175.0000000       3.55482e-19       3.55482e-19
 175.1000000       4.85550e-19       4.85550e-19
 175.2000000       6.27887e-19       6.27887e-19
 175.3000000       7.68709e-19       7.68709e-19
 175.4000000       8.91004e-19       8.91004e-19
 175.5000000       9.77770e-19       9.77770e-19
 175.6000000       1.01587e-18       1.01587e-18
 175.7000000       9.99269e-19       9.99269e-19
 175.8000000       9.30630e-19       9.30630e-19
 175.9000000       8.20587e-19       8.20587e-19
 176.0000000       6.85059e-19       6.85059e-19
 176.1000000       5.41489e-19       5.41489e-19
 176.2000000       4.05242e-19       4.05242e-19
 176.3000000       2.87146e-19       2.87146e-19
 176.4000000       1.92646e-19       1.92646e-19
 176.5000000       1.22374e-19       1.22374e-19
 176.6000000       7.36019e-20       7.36019e-20
 176.7000000       4.19145e-20       4.19145e-20
 176.8000000       2.26005e-20       2.26005e-20
 176.9000000       1.15385e-20       1.15385e-20
 177.0000000       5.57777e-21       5.57777e-21
 177.1000000       2.55301e-21       2.55301e-21
 177.2000000       1.10644e-21       1.10644e-21
 177.3000000       4.54027e-22       4.54027e-22
 177.4000000       1.76408e-22       1.76408e-22
 177.5000000       6.48986e-23       6.48986e-23
 177.6000000       2.26064e-23       2.26064e-23
 177.7000000       7.45601e-24       7.45601e-24
 177.8000000       2.32840e-24       2.32840e-24
 177.9000000       6.88464e-25       6.88464e-25
 178.0000000       1.92742e-25       1.92742e-25
 178.1000000       5.10896e-26       5.10896e-26
 178.2000000       1.28219e-26       1.28219e-26
 178.3000000       3.04599e-27       3.04599e-27
 178.4000000       6.86309e-28       6.86309e-28
 178.5000000       1.47911e-28       1.47911e-28
 178.6000000       4.63456e-29       4.63456e-29
 178.7000000       1.77494e-29       1.77494e-29
