# b'C3 cross sections\nAlan Heays 2015-10-02\nReference: van_hemert2008, monninger2002, nicolas2006\nphotoabsorption   -- Photoabsorption cross section (cm2)\nphotodissociation -- Photodissociation cross section (cm2)\nphotoionisation   -- Photoionisation cross section (cm2)'
# 
# wavelength   photoabsorption photodissociation   photoionisation
  90.1000000       2.00019e-17       1.87091e-21       2.00000e-17
  90.2000000       2.00020e-17       1.95010e-21       2.00000e-17
  90.3000000       2.00021e-17       2.06037e-21       2.00000e-17
  90.4000000       2.00022e-17       2.17650e-21       2.00000e-17
  90.5000000       2.00023e-17       2.29879e-21       2.00000e-17
  90.6000000       2.00024e-17       2.42752e-21       2.00000e-17
  90.7000000       2.00026e-17       2.56303e-21       2.00000e-17
  90.8000000       2.00027e-17       2.70565e-21       2.00000e-17
  90.9000000       2.00029e-17       2.85570e-21       2.00000e-17
  91.0000000       2.00030e-17       3.01357e-21       2.00000e-17
  91.1000000       2.00032e-17       3.17961e-21       2.00000e-17
  91.2000000       2.00034e-17       3.35424e-21       2.00000e-17
  91.3000000       2.00035e-17       3.53784e-21       2.00000e-17
  91.4000000       2.00037e-17       3.73086e-21       2.00000e-17
  91.5000000       2.00039e-17       3.93374e-21       2.00000e-17
  91.6000000       2.00041e-17       4.14693e-21       2.00000e-17
  91.7000000       2.00044e-17       4.37094e-21       2.00000e-17
  91.8000000       1.99867e-17       4.60626e-21       1.99821e-17
  91.9000000       1.98393e-17       4.85341e-21       1.98345e-17
  92.0000000       1.95400e-17       5.11295e-21       1.95348e-17
  92.1000000       1.92741e-17       5.38545e-21       1.92687e-17
  92.2000000       1.93594e-17       5.67150e-21       1.93537e-17
  92.3000000       1.97004e-17       5.97172e-21       1.96944e-17
  92.4000000       2.03382e-17       6.28676e-21       2.03319e-17
  92.5000000       2.06263e-17       6.61728e-21       2.06197e-17
  92.6000000       2.06891e-17       6.96399e-21       2.06821e-17
  92.7000000       2.05357e-17       7.32761e-21       2.05284e-17
  92.8000000       2.03019e-17       7.70890e-21       2.02942e-17
  92.9000000       2.00053e-17       8.10864e-21       1.99972e-17
  93.0000000       1.96868e-17       8.52765e-21       1.96782e-17
  93.1000000       1.93292e-17       8.96678e-21       1.93203e-17
  93.2000000       1.89833e-17       9.42691e-21       1.89739e-17
  93.3000000       1.86778e-17       9.90895e-21       1.86679e-17
  93.4000000       1.83726e-17       1.04139e-20       1.83622e-17
  93.5000000       1.80893e-17       1.09426e-20       1.80783e-17
  93.6000000       1.79849e-17       1.14963e-20       1.79734e-17
  93.7000000       1.79956e-17       1.20759e-20       1.79835e-17
  93.8000000       1.80586e-17       1.26825e-20       1.80459e-17
  93.9000000       1.81133e-17       1.33173e-20       1.81000e-17
  94.0000000       1.80312e-17       1.39815e-20       1.80172e-17
  94.1000000       1.78687e-17       1.46764e-20       1.78540e-17
  94.2000000       1.77221e-17       1.54031e-20       1.77066e-17
  94.3000000       1.77479e-17       1.61631e-20       1.77317e-17
  94.4000000       1.79222e-17       1.69576e-20       1.79052e-17
  94.5000000       1.81458e-17       1.77881e-20       1.81280e-17
  94.6000000       1.83426e-17       1.86562e-20       1.83240e-17
  94.7000000       1.83497e-17       1.95632e-20       1.83302e-17
  94.8000000       1.82231e-17       2.05109e-20       1.82025e-17
  94.9000000       1.80777e-17       2.15007e-20       1.80562e-17
  95.0000000       1.80330e-17       2.25345e-20       1.80105e-17
  95.1000000       1.81472e-17       2.36140e-20       1.81236e-17
  95.2000000       1.83595e-17       2.47409e-20       1.83348e-17
  95.3000000       1.85354e-17       2.59171e-20       1.85095e-17
  95.4000000       1.83859e-17       2.71446e-20       1.83588e-17
  95.5000000       1.79889e-17       2.84255e-20       1.79605e-17
  95.6000000       1.73744e-17       2.97616e-20       1.73447e-17
  95.7000000       1.68073e-17       3.11552e-20       1.67762e-17
  95.8000000       1.64332e-17       3.26085e-20       1.64006e-17
  95.9000000       1.60622e-17       3.41238e-20       1.60281e-17
  96.0000000       1.56619e-17       3.57033e-20       1.56262e-17
  96.1000000       1.52739e-17       3.73496e-20       1.52366e-17
  96.2000000       1.49876e-17       3.90651e-20       1.49486e-17
  96.3000000       1.47379e-17       4.08524e-20       1.46971e-17
  96.4000000       1.45162e-17       4.27141e-20       1.44734e-17
  96.5000000       1.43260e-17       4.46531e-20       1.42814e-17
  96.6000000       1.41722e-17       4.66721e-20       1.41256e-17
  96.7000000       1.40259e-17       4.87740e-20       1.39771e-17
  96.8000000       1.38473e-17       5.09619e-20       1.37964e-17
  96.9000000       1.35539e-17       5.32388e-20       1.35007e-17
  97.0000000       1.32561e-17       5.56079e-20       1.32005e-17
  97.1000000       1.29317e-17       5.80725e-20       1.28736e-17
  97.2000000       1.26154e-17       6.06360e-20       1.25548e-17
  97.3000000       1.22991e-17       6.33017e-20       1.22358e-17
  97.4000000       1.19758e-17       6.60734e-20       1.19097e-17
  97.5000000       1.16566e-17       6.89546e-20       1.15876e-17
  97.6000000       1.13884e-17       7.19492e-20       1.13165e-17
  97.7000000       1.11743e-17       7.50609e-20       1.10993e-17
  97.8000000       1.09873e-17       7.82938e-20       1.09090e-17
  97.9000000       1.07981e-17       8.16520e-20       1.07165e-17
  98.0000000       1.05508e-17       8.51397e-20       1.04657e-17
  98.1000000       1.02133e-17       8.87611e-20       1.01246e-17
  98.2000000       9.85886e-18       9.25208e-20       9.76634e-18
  98.3000000       9.51639e-18       9.64232e-20       9.41996e-18
  98.4000000       9.22778e-18       1.00473e-19       9.12731e-18
  98.5000000       9.06206e-18       1.04675e-19       8.95739e-18
  98.6000000       8.95082e-18       1.09034e-19       8.84178e-18
  98.7000000       8.86010e-18       1.13555e-19       8.74654e-18
  98.8000000       8.77294e-18       1.18243e-19       8.65470e-18
  98.9000000       8.66457e-18       1.23104e-19       8.54146e-18
  99.0000000       8.55321e-18       1.28143e-19       8.42507e-18
  99.1000000       8.44834e-18       1.33365e-19       8.31498e-18
  99.2000000       8.27734e-18       1.38776e-19       8.13856e-18
  99.3000000       8.16879e-18       1.44383e-19       8.02441e-18
  99.4000000       8.07271e-18       1.50189e-19       7.92252e-18
  99.5000000       7.97151e-18       1.56203e-19       7.81531e-18
  99.6000000       7.90411e-18       1.62430e-19       7.74168e-18
  99.7000000       7.85852e-18       1.68876e-19       7.68965e-18
  99.8000000       7.82969e-18       1.75547e-19       7.65414e-18
  99.9000000       7.80294e-18       1.82451e-19       7.62049e-18
 100.0000000       7.70715e-18       1.89594e-19       7.51756e-18
 100.1000000       7.57294e-18       1.96983e-19       7.37595e-18
 100.2000000       7.43300e-18       2.04625e-19       7.22837e-18
 100.3000000       7.31790e-18       2.12528e-19       7.10537e-18
 100.4000000       7.38746e-18       2.20697e-19       7.16676e-18
 100.5000000       7.57311e-18       2.29141e-19       7.34397e-18
 100.6000000       7.82967e-18       2.37868e-19       7.59180e-18
 100.7000000       8.08579e-18       2.46885e-19       7.83891e-18
 100.8000000       8.21399e-18       2.56200e-19       7.95779e-18
 100.9000000       8.21275e-18       2.65820e-19       7.94693e-18
 101.0000000       8.06909e-18       2.75755e-19       7.79334e-18
 101.1000000       7.90990e-18       2.86012e-19       7.62389e-18
 101.2000000       7.77997e-18       2.96600e-19       7.48337e-18
 101.3000000       7.69272e-18       3.07527e-19       7.38520e-18
 101.4000000       7.61263e-18       3.18802e-19       7.29383e-18
 101.5000000       7.53717e-18       3.30434e-19       7.20673e-18
 101.6000000       7.48182e-18       3.42432e-19       7.13939e-18
 101.7000000       7.47052e-18       3.54805e-19       7.11572e-18
 101.8000000       7.46615e-18       3.67562e-19       7.09859e-18
 101.9000000       7.45932e-18       3.80712e-19       7.07861e-18
 102.0000000       7.44252e-18       3.94266e-19       7.04825e-18
 102.1000000       7.38291e-18       4.08232e-19       6.97468e-18
 102.2000000       7.31019e-18       4.22620e-19       6.88757e-18
 102.3000000       7.22883e-18       4.37441e-19       6.79139e-18
 102.4000000       7.15806e-18       4.52704e-19       6.70536e-18
 102.5000000       7.22345e-18       4.68419e-19       6.75503e-18
 102.6000000       7.37817e-18       4.84597e-19       6.89357e-18
 102.7000000       7.55563e-18       5.01248e-19       7.05439e-18
 102.8000000       7.71435e-18       5.18382e-19       7.19597e-18
 102.9000000       7.82007e-18       5.36010e-19       7.28406e-18
 103.0000000       7.80806e-18       5.54143e-19       7.25392e-18
 103.1000000       7.74628e-18       5.72791e-19       7.17349e-18
 103.2000000       7.68283e-18       5.91966e-19       7.09087e-18
 103.3000000       7.64852e-18       6.11677e-19       7.03684e-18
 103.4000000       7.70425e-18       6.31937e-19       7.07231e-18
 103.5000000       7.85250e-18       6.52756e-19       7.19974e-18
 103.6000000       8.00489e-18       6.74146e-19       7.33074e-18
 103.7000000       8.13348e-18       6.96117e-19       7.43737e-18
 103.8000000       8.18014e-18       7.18682e-19       7.46146e-18
 103.9000000       8.20210e-18       7.41851e-19       7.46025e-18
 104.0000000       8.20595e-18       7.65636e-19       7.44031e-18
 104.1000000       8.19219e-18       7.90048e-19       7.40214e-18
 104.2000000       8.16063e-18       8.15099e-19       7.34553e-18
 104.3000000       8.11581e-18       8.40801e-19       7.27500e-18
 104.4000000       8.06843e-18       8.67164e-19       7.20126e-18
 104.5000000       8.00680e-18       8.94201e-19       7.11260e-18
 104.6000000       7.88548e-18       9.21923e-19       6.96356e-18
 104.7000000       7.63063e-18       9.50343e-19       6.68028e-18
 104.8000000       7.15443e-18       9.79470e-19       6.17496e-18
 104.9000000       6.49519e-18       1.00932e-18       5.48587e-18
 105.0000000       6.05070e-18       1.03990e-18       5.01080e-18
 105.1000000       5.49952e-18       1.07122e-18       4.42830e-18
 105.2000000       5.16383e-18       1.10330e-18       4.06053e-18
 105.3000000       4.93933e-18       1.13614e-18       3.80319e-18
 105.4000000       4.72328e-18       1.16976e-18       3.55352e-18
 105.5000000       4.49361e-18       1.20417e-18       3.28944e-18
 105.6000000       4.27691e-18       1.23938e-18       3.03754e-18
 105.7000000       4.14984e-18       1.27540e-18       2.87444e-18
 105.8000000       4.04808e-18       1.31224e-18       2.73584e-18
 105.9000000       3.94340e-18       1.34992e-18       2.59348e-18
 106.0000000       3.80375e-18       1.38844e-18       2.41532e-18
 106.1000000       3.65202e-18       1.42781e-18       2.22421e-18
 106.2000000       3.52912e-18       1.46805e-18       2.06107e-18
 106.3000000       3.41491e-18       1.50917e-18       1.90575e-18
 106.4000000       3.31551e-18       1.55117e-18       1.76434e-18
 106.5000000       3.26135e-18       1.59407e-18       1.66729e-18
 106.6000000       3.22596e-18       1.63787e-18       1.58809e-18
 106.7000000       3.24378e-18       1.68259e-18       1.56119e-18
 106.8000000       3.26333e-18       1.72824e-18       1.53510e-18
 106.9000000       3.23639e-18       1.77481e-18       1.46158e-18
 107.0000000       3.20071e-18       1.82234e-18       1.37837e-18
 107.1000000       3.16820e-18       1.87081e-18       1.29738e-18
 107.2000000       3.15231e-18       1.92025e-18       1.23206e-18
 107.3000000       3.14362e-18       1.97066e-18       1.17297e-18
 107.4000000       3.14066e-18       2.02204e-18       1.11862e-18
 107.5000000       3.14316e-18       2.07440e-18       1.06875e-18
 107.6000000       3.16848e-18       2.12776e-18       1.04072e-18
 107.7000000       3.19437e-18       2.18212e-18       1.01224e-18
 107.8000000       3.17354e-18       2.23749e-18       9.36057e-19
 107.9000000       3.14915e-18       2.29386e-18       8.55290e-19
 108.0000000       3.16714e-18       2.35126e-18       8.15882e-19
 108.1000000       3.20282e-18       2.40967e-18       7.93146e-19
 108.2000000       3.24404e-18       2.46912e-18       7.74921e-19
 108.3000000       3.28186e-18       2.52960e-18       7.52257e-19
 108.4000000       3.29136e-18       2.59112e-18       7.00244e-19
 108.5000000       3.30523e-18       2.65368e-18       6.51553e-19
 108.6000000       3.36165e-18       2.71728e-18       6.44362e-19
 108.7000000       3.41898e-18       2.78194e-18       6.37046e-19
 108.8000000       3.43455e-18       2.84764e-18       5.86903e-19
 108.9000000       3.44222e-18       2.91440e-18       5.27823e-19
 109.0000000       3.47049e-18       2.98221e-18       4.88278e-19
 109.1000000       3.51952e-18       3.05108e-18       4.68433e-19
 109.2000000       3.57507e-18       3.12101e-18       4.54063e-19
 109.3000000       3.63592e-18       3.19199e-18       4.43934e-19
 109.4000000       3.69848e-18       3.26402e-18       4.34453e-19
 109.5000000       3.76209e-18       3.33712e-18       4.24972e-19
 109.6000000       3.82675e-18       3.41126e-18       4.15492e-19
 109.7000000       3.89247e-18       3.48646e-18       4.06011e-19
 109.8000000       3.95923e-18       3.56270e-18       3.96530e-19
 109.9000000       4.02680e-18       3.63999e-18       3.86817e-19
 110.0000000       4.09331e-18       3.71831e-18       3.74998e-19
 110.1000000       4.15645e-18       3.79768e-18       3.58771e-19
 110.2000000       4.22490e-18       3.87807e-18       3.46832e-19
 110.3000000       4.32043e-18       3.95949e-18       3.60942e-19
 110.4000000       4.42342e-18       4.04192e-18       3.81500e-19
 110.5000000       4.53806e-18       4.12537e-18       4.12690e-19
 110.6000000       4.65029e-18       4.20982e-18       4.40476e-19
 110.7000000       4.73121e-18       4.29526e-18       4.35956e-19
 110.8000000       4.79832e-18       4.38168e-18       4.16638e-19
 110.9000000       4.85382e-18       4.46908e-18       3.84740e-19
 111.0000000       4.90617e-18       4.55745e-18       3.48718e-19
 111.1000000       4.96231e-18       4.64676e-18       3.15549e-19
 111.2000000       5.02089e-18       4.73702e-18       2.83871e-19
 111.3000000       5.08056e-18       4.82820e-18       2.52353e-19
 111.4000000       5.14113e-18       4.92030e-18       2.20836e-19
 111.5000000       5.20261e-18       5.01329e-18       1.89319e-19
 111.6000000       5.26497e-18       5.10717e-18       1.57801e-19
 111.7000000       5.32820e-18       5.20192e-18       1.26284e-19
 111.8000000       5.39228e-18       5.29752e-18       9.47664e-20
 111.9000000       5.45765e-18       5.39395e-18       6.37006e-20
 112.0000000       5.52796e-18       5.49120e-18       3.67672e-20
 112.1000000       5.60806e-18       5.58924e-18       1.88191e-20
 112.2000000       5.69229e-18       5.68807e-18       4.22285e-21
 112.3000000       5.78895e-18       5.78764e-18       1.30315e-21
 112.4000000       5.89210e-18       5.88796e-18       4.13457e-21
 112.5000000       6.01720e-18       5.98899e-18       2.82062e-20
 112.6000000       6.17215e-18       6.09071e-18       8.14391e-20
 112.7000000       6.37174e-18       6.19310e-18       1.78639e-19
 112.8000000       6.32453e-18       6.29614e-18       2.83913e-20
 112.9000000       6.39979e-18       6.39979e-18       0.00000e+00
 113.0000000       6.50404e-18       6.50404e-18       0.00000e+00
 113.1000000       6.60885e-18       6.60885e-18       0.00000e+00
 113.2000000       6.71421e-18       6.71421e-18       0.00000e+00
 113.3000000       6.82008e-18       6.82008e-18       0.00000e+00
 113.4000000       6.92644e-18       6.92644e-18       0.00000e+00
 113.5000000       7.03325e-18       7.03325e-18       0.00000e+00
 113.6000000       7.14048e-18       7.14048e-18       0.00000e+00
 113.7000000       7.24811e-18       7.24811e-18       0.00000e+00
 113.8000000       7.35611e-18       7.35611e-18       0.00000e+00
 113.9000000       7.46444e-18       7.46444e-18       0.00000e+00
 114.0000000       7.57307e-18       7.57307e-18       0.00000e+00
 114.1000000       7.68197e-18       7.68197e-18       0.00000e+00
 114.2000000       7.79110e-18       7.79110e-18       0.00000e+00
 114.3000000       7.90043e-18       7.90043e-18       0.00000e+00
 114.4000000       8.00993e-18       8.00993e-18       0.00000e+00
 114.5000000       8.11956e-18       8.11956e-18       0.00000e+00
 114.6000000       8.22928e-18       8.22928e-18       0.00000e+00
 114.7000000       8.33906e-18       8.33906e-18       0.00000e+00
 114.8000000       8.44886e-18       8.44886e-18       0.00000e+00
 114.9000000       8.55864e-18       8.55864e-18       0.00000e+00
 115.0000000       8.66837e-18       8.66837e-18       0.00000e+00
 115.1000000       8.77800e-18       8.77800e-18       0.00000e+00
 115.2000000       8.88751e-18       8.88751e-18       0.00000e+00
 115.3000000       8.99684e-18       8.99684e-18       0.00000e+00
 115.4000000       9.10597e-18       9.10597e-18       0.00000e+00
 115.5000000       9.21484e-18       9.21484e-18       0.00000e+00
 115.6000000       9.32342e-18       9.32342e-18       0.00000e+00
 115.7000000       9.43168e-18       9.43168e-18       0.00000e+00
 115.8000000       9.53956e-18       9.53956e-18       0.00000e+00
 115.9000000       9.64703e-18       9.64703e-18       0.00000e+00
 116.0000000       9.75404e-18       9.75404e-18       0.00000e+00
 116.1000000       9.86056e-18       9.86056e-18       0.00000e+00
 116.2000000       9.96655e-18       9.96655e-18       0.00000e+00
 116.3000000       1.00720e-17       1.00720e-17       0.00000e+00
 116.4000000       1.01767e-17       1.01767e-17       0.00000e+00
 116.5000000       1.02809e-17       1.02809e-17       0.00000e+00
 116.6000000       1.03843e-17       1.03843e-17       0.00000e+00
 116.7000000       1.04869e-17       1.04869e-17       0.00000e+00
 116.8000000       1.05888e-17       1.05888e-17       0.00000e+00
 116.9000000       1.06899e-17       1.06899e-17       0.00000e+00
 117.0000000       1.07901e-17       1.07901e-17       0.00000e+00
 117.1000000       1.08893e-17       1.08893e-17       0.00000e+00
 117.2000000       1.09876e-17       1.09876e-17       0.00000e+00
 117.3000000       1.10849e-17       1.10849e-17       0.00000e+00
 117.4000000       1.11812e-17       1.11812e-17       0.00000e+00
 117.5000000       1.12764e-17       1.12764e-17       0.00000e+00
 117.6000000       1.13704e-17       1.13704e-17       0.00000e+00
 117.7000000       1.14633e-17       1.14633e-17       0.00000e+00
 117.8000000       1.15550e-17       1.15550e-17       0.00000e+00
 117.9000000       1.16455e-17       1.16455e-17       0.00000e+00
 118.0000000       1.17346e-17       1.17346e-17       0.00000e+00
 118.1000000       1.18225e-17       1.18225e-17       0.00000e+00
 118.2000000       1.19090e-17       1.19090e-17       0.00000e+00
 118.3000000       1.19940e-17       1.19940e-17       0.00000e+00
 118.4000000       1.20777e-17       1.20777e-17       0.00000e+00
 118.5000000       1.21598e-17       1.21598e-17       0.00000e+00
 118.6000000       1.22405e-17       1.22405e-17       0.00000e+00
 118.7000000       1.23196e-17       1.23196e-17       0.00000e+00
 118.8000000       1.23971e-17       1.23971e-17       0.00000e+00
 118.9000000       1.24730e-17       1.24730e-17       0.00000e+00
 119.0000000       1.25473e-17       1.25473e-17       0.00000e+00
 119.1000000       1.26198e-17       1.26198e-17       0.00000e+00
 119.2000000       1.26907e-17       1.26907e-17       0.00000e+00
 119.3000000       1.27597e-17       1.27597e-17       0.00000e+00
 119.4000000       1.28270e-17       1.28270e-17       0.00000e+00
 119.5000000       1.28925e-17       1.28925e-17       0.00000e+00
 119.6000000       1.29562e-17       1.29562e-17       0.00000e+00
 119.7000000       1.30180e-17       1.30180e-17       0.00000e+00
 119.8000000       1.30778e-17       1.30778e-17       0.00000e+00
 119.9000000       1.31358e-17       1.31358e-17       0.00000e+00
 120.0000000       1.31918e-17       1.31918e-17       0.00000e+00
 120.1000000       1.32458e-17       1.32458e-17       0.00000e+00
 120.2000000       1.32978e-17       1.32978e-17       0.00000e+00
 120.3000000       1.33478e-17       1.33478e-17       0.00000e+00
 120.4000000       1.33958e-17       1.33958e-17       0.00000e+00
 120.5000000       1.34417e-17       1.34417e-17       0.00000e+00
 120.6000000       1.34855e-17       1.34855e-17       0.00000e+00
 120.7000000       1.35273e-17       1.35273e-17       0.00000e+00
 120.8000000       1.35669e-17       1.35669e-17       0.00000e+00
 120.9000000       1.36043e-17       1.36043e-17       0.00000e+00
 121.0000000       1.36397e-17       1.36397e-17       0.00000e+00
 121.1000000       1.36728e-17       1.36728e-17       0.00000e+00
 121.2000000       1.37038e-17       1.37038e-17       0.00000e+00
 121.3000000       1.37327e-17       1.37327e-17       0.00000e+00
 121.4000000       1.37593e-17       1.37593e-17       0.00000e+00
 121.5000000       1.37837e-17       1.37837e-17       0.00000e+00
 121.6000000       1.38060e-17       1.38060e-17       0.00000e+00
 121.7000000       1.38260e-17       1.38260e-17       0.00000e+00
 121.8000000       1.38438e-17       1.38438e-17       0.00000e+00
 121.9000000       1.38594e-17       1.38594e-17       0.00000e+00
 122.0000000       1.38728e-17       1.38728e-17       0.00000e+00
 122.1000000       1.38840e-17       1.38840e-17       0.00000e+00
 122.2000000       1.38930e-17       1.38930e-17       0.00000e+00
 122.3000000       1.38997e-17       1.38997e-17       0.00000e+00
 122.4000000       1.39043e-17       1.39043e-17       0.00000e+00
 122.5000000       1.39067e-17       1.39067e-17       0.00000e+00
 122.6000000       1.39069e-17       1.39069e-17       0.00000e+00
 122.7000000       1.39049e-17       1.39049e-17       0.00000e+00
 122.8000000       1.39007e-17       1.39007e-17       0.00000e+00
 122.9000000       1.38944e-17       1.38944e-17       0.00000e+00
 123.0000000       1.38860e-17       1.38860e-17       0.00000e+00
 123.1000000       1.38754e-17       1.38754e-17       0.00000e+00
 123.2000000       1.38627e-17       1.38627e-17       0.00000e+00
 123.3000000       1.38480e-17       1.38480e-17       0.00000e+00
 123.4000000       1.38312e-17       1.38312e-17       0.00000e+00
 123.5000000       1.38123e-17       1.38123e-17       0.00000e+00
 123.6000000       1.37914e-17       1.37914e-17       0.00000e+00
 123.7000000       1.37685e-17       1.37685e-17       0.00000e+00
 123.8000000       1.37437e-17       1.37437e-17       0.00000e+00
 123.9000000       1.37169e-17       1.37169e-17       0.00000e+00
 124.0000000       1.36882e-17       1.36882e-17       0.00000e+00
 124.1000000       1.36577e-17       1.36577e-17       0.00000e+00
 124.2000000       1.36253e-17       1.36253e-17       0.00000e+00
 124.3000000       1.35910e-17       1.35910e-17       0.00000e+00
 124.4000000       1.35550e-17       1.35550e-17       0.00000e+00
 124.5000000       1.35173e-17       1.35173e-17       0.00000e+00
 124.6000000       1.34779e-17       1.34779e-17       0.00000e+00
 124.7000000       1.34368e-17       1.34368e-17       0.00000e+00
 124.8000000       1.33941e-17       1.33941e-17       0.00000e+00
 124.9000000       1.33498e-17       1.33498e-17       0.00000e+00
 125.0000000       1.33040e-17       1.33040e-17       0.00000e+00
 125.1000000       1.32568e-17       1.32568e-17       0.00000e+00
 125.2000000       1.32080e-17       1.32080e-17       0.00000e+00
 125.3000000       1.31579e-17       1.31579e-17       0.00000e+00
 125.4000000       1.31065e-17       1.31065e-17       0.00000e+00
 125.5000000       1.30538e-17       1.30538e-17       0.00000e+00
 125.6000000       1.29999e-17       1.29999e-17       0.00000e+00
 125.7000000       1.29448e-17       1.29448e-17       0.00000e+00
 125.8000000       1.28886e-17       1.28886e-17       0.00000e+00
 125.9000000       1.28313e-17       1.28313e-17       0.00000e+00
 126.0000000       1.27730e-17       1.27730e-17       0.00000e+00
 126.1000000       1.27138e-17       1.27138e-17       0.00000e+00
 126.2000000       1.26538e-17       1.26538e-17       0.00000e+00
 126.3000000       1.25929e-17       1.25929e-17       0.00000e+00
 126.4000000       1.25313e-17       1.25313e-17       0.00000e+00
 126.5000000       1.24690e-17       1.24690e-17       0.00000e+00
 126.6000000       1.24060e-17       1.24060e-17       0.00000e+00
 126.7000000       1.23426e-17       1.23426e-17       0.00000e+00
 126.8000000       1.22787e-17       1.22787e-17       0.00000e+00
 126.9000000       1.22143e-17       1.22143e-17       0.00000e+00
 127.0000000       1.21497e-17       1.21497e-17       0.00000e+00
 127.1000000       1.20848e-17       1.20848e-17       0.00000e+00
 127.2000000       1.20197e-17       1.20197e-17       0.00000e+00
 127.3000000       1.19545e-17       1.19545e-17       0.00000e+00
 127.4000000       1.18893e-17       1.18893e-17       0.00000e+00
 127.5000000       1.18241e-17       1.18241e-17       0.00000e+00
 127.6000000       1.17591e-17       1.17591e-17       0.00000e+00
 127.7000000       1.16943e-17       1.16943e-17       0.00000e+00
 127.8000000       1.16298e-17       1.16298e-17       0.00000e+00
 127.9000000       1.15657e-17       1.15657e-17       0.00000e+00
 128.0000000       1.15020e-17       1.15020e-17       0.00000e+00
 128.1000000       1.14389e-17       1.14389e-17       0.00000e+00
 128.2000000       1.13764e-17       1.13764e-17       0.00000e+00
 128.3000000       1.13147e-17       1.13147e-17       0.00000e+00
 128.4000000       1.12537e-17       1.12537e-17       0.00000e+00
 128.5000000       1.11937e-17       1.11937e-17       0.00000e+00
 128.6000000       1.11346e-17       1.11346e-17       0.00000e+00
 128.7000000       1.10767e-17       1.10767e-17       0.00000e+00
 128.8000000       1.10199e-17       1.10199e-17       0.00000e+00
 128.9000000       1.09644e-17       1.09644e-17       0.00000e+00
 129.0000000       1.09103e-17       1.09103e-17       0.00000e+00
 129.1000000       1.08576e-17       1.08576e-17       0.00000e+00
 129.2000000       1.08065e-17       1.08065e-17       0.00000e+00
 129.3000000       1.07570e-17       1.07570e-17       0.00000e+00
 129.4000000       1.07093e-17       1.07093e-17       0.00000e+00
 129.5000000       1.06634e-17       1.06634e-17       0.00000e+00
 129.6000000       1.06195e-17       1.06195e-17       0.00000e+00
 129.7000000       1.05776e-17       1.05776e-17       0.00000e+00
 129.8000000       1.05379e-17       1.05379e-17       0.00000e+00
 129.9000000       1.05005e-17       1.05005e-17       0.00000e+00
 130.0000000       1.04654e-17       1.04654e-17       0.00000e+00
 130.1000000       1.04327e-17       1.04327e-17       0.00000e+00
 130.2000000       1.04027e-17       1.04027e-17       0.00000e+00
 130.3000000       1.03753e-17       1.03753e-17       0.00000e+00
 130.4000000       1.03506e-17       1.03506e-17       0.00000e+00
 130.5000000       1.03289e-17       1.03289e-17       0.00000e+00
 130.6000000       1.03102e-17       1.03102e-17       0.00000e+00
 130.7000000       1.02945e-17       1.02945e-17       0.00000e+00
 130.8000000       1.02821e-17       1.02821e-17       0.00000e+00
 130.9000000       1.02729e-17       1.02729e-17       0.00000e+00
 131.0000000       1.02672e-17       1.02672e-17       0.00000e+00
 131.1000000       1.02650e-17       1.02650e-17       0.00000e+00
 131.2000000       1.02665e-17       1.02665e-17       0.00000e+00
 131.3000000       1.02717e-17       1.02717e-17       0.00000e+00
 131.4000000       1.02808e-17       1.02808e-17       0.00000e+00
 131.5000000       1.02938e-17       1.02938e-17       0.00000e+00
 131.6000000       1.03109e-17       1.03109e-17       0.00000e+00
 131.7000000       1.03323e-17       1.03323e-17       0.00000e+00
 131.8000000       1.03579e-17       1.03579e-17       0.00000e+00
 131.9000000       1.03880e-17       1.03880e-17       0.00000e+00
 132.0000000       1.04226e-17       1.04226e-17       0.00000e+00
 132.1000000       1.04619e-17       1.04619e-17       0.00000e+00
 132.2000000       1.05059e-17       1.05059e-17       0.00000e+00
 132.3000000       1.05548e-17       1.05548e-17       0.00000e+00
 132.4000000       1.06087e-17       1.06087e-17       0.00000e+00
 132.5000000       1.06677e-17       1.06677e-17       0.00000e+00
 132.6000000       1.07319e-17       1.07319e-17       0.00000e+00
 132.7000000       1.08014e-17       1.08014e-17       0.00000e+00
 132.8000000       1.08764e-17       1.08764e-17       0.00000e+00
 132.9000000       1.09570e-17       1.09570e-17       0.00000e+00
 133.0000000       1.10432e-17       1.10432e-17       0.00000e+00
 133.1000000       1.11352e-17       1.11352e-17       0.00000e+00
 133.2000000       1.12331e-17       1.12331e-17       0.00000e+00
 133.3000000       1.13370e-17       1.13370e-17       0.00000e+00
 133.4000000       1.14471e-17       1.14471e-17       0.00000e+00
 133.5000000       1.15633e-17       1.15633e-17       0.00000e+00
 133.6000000       1.16860e-17       1.16860e-17       0.00000e+00
 133.7000000       1.18150e-17       1.18150e-17       0.00000e+00
 133.8000000       1.19507e-17       1.19507e-17       0.00000e+00
 133.9000000       1.20930e-17       1.20930e-17       0.00000e+00
 134.0000000       1.22422e-17       1.22422e-17       0.00000e+00
 134.1000000       1.23982e-17       1.23982e-17       0.00000e+00
 134.2000000       1.25612e-17       1.25612e-17       0.00000e+00
 134.3000000       1.27314e-17       1.27314e-17       0.00000e+00
 134.4000000       1.29087e-17       1.29087e-17       0.00000e+00
 134.5000000       1.30934e-17       1.30934e-17       0.00000e+00
 134.6000000       1.32855e-17       1.32855e-17       0.00000e+00
 134.7000000       1.34852e-17       1.34852e-17       0.00000e+00
 134.8000000       1.36925e-17       1.36925e-17       0.00000e+00
 134.9000000       1.39075e-17       1.39075e-17       0.00000e+00
 135.0000000       1.41303e-17       1.41303e-17       0.00000e+00
 135.1000000       1.43611e-17       1.43611e-17       0.00000e+00
 135.2000000       1.46000e-17       1.46000e-17       0.00000e+00
 135.3000000       1.48469e-17       1.48469e-17       0.00000e+00
 135.4000000       1.51021e-17       1.51021e-17       0.00000e+00
 135.5000000       1.53655e-17       1.53655e-17       0.00000e+00
 135.6000000       1.56374e-17       1.56374e-17       0.00000e+00
 135.7000000       1.59178e-17       1.59178e-17       0.00000e+00
 135.8000000       1.62067e-17       1.62067e-17       0.00000e+00
 135.9000000       1.65043e-17       1.65043e-17       0.00000e+00
 136.0000000       1.68107e-17       1.68107e-17       0.00000e+00
 136.1000000       1.71258e-17       1.71258e-17       0.00000e+00
 136.2000000       1.74499e-17       1.74499e-17       0.00000e+00
 136.3000000       1.77829e-17       1.77829e-17       0.00000e+00
 136.4000000       1.81250e-17       1.81250e-17       0.00000e+00
 136.5000000       1.84762e-17       1.84762e-17       0.00000e+00
 136.6000000       1.88365e-17       1.88365e-17       0.00000e+00
 136.7000000       1.92062e-17       1.92062e-17       0.00000e+00
 136.8000000       1.95851e-17       1.95851e-17       0.00000e+00
 136.9000000       1.99734e-17       1.99734e-17       0.00000e+00
 137.0000000       2.03711e-17       2.03711e-17       0.00000e+00
 137.1000000       2.07783e-17       2.07783e-17       0.00000e+00
 137.2000000       2.11951e-17       2.11951e-17       0.00000e+00
 137.3000000       2.16214e-17       2.16214e-17       0.00000e+00
 137.4000000       2.20573e-17       2.20573e-17       0.00000e+00
 137.5000000       2.25028e-17       2.25028e-17       0.00000e+00
 137.6000000       2.29581e-17       2.29581e-17       0.00000e+00
 137.7000000       2.34230e-17       2.34230e-17       0.00000e+00
 137.8000000       2.38978e-17       2.38978e-17       0.00000e+00
 137.9000000       2.43823e-17       2.43823e-17       0.00000e+00
 138.0000000       2.48765e-17       2.48765e-17       0.00000e+00
 138.1000000       2.53806e-17       2.53806e-17       0.00000e+00
 138.2000000       2.58945e-17       2.58945e-17       0.00000e+00
 138.3000000       2.64182e-17       2.64182e-17       0.00000e+00
 138.4000000       2.69518e-17       2.69518e-17       0.00000e+00
 138.5000000       2.74951e-17       2.74951e-17       0.00000e+00
 138.6000000       2.80483e-17       2.80483e-17       0.00000e+00
 138.7000000       2.86113e-17       2.86113e-17       0.00000e+00
 138.8000000       2.91841e-17       2.91841e-17       0.00000e+00
 138.9000000       2.97666e-17       2.97666e-17       0.00000e+00
 139.0000000       3.03589e-17       3.03589e-17       0.00000e+00
 139.1000000       3.09609e-17       3.09609e-17       0.00000e+00
 139.2000000       3.15725e-17       3.15725e-17       0.00000e+00
 139.3000000       3.21938e-17       3.21938e-17       0.00000e+00
 139.4000000       3.28247e-17       3.28247e-17       0.00000e+00
 139.5000000       3.34651e-17       3.34651e-17       0.00000e+00
 139.6000000       3.41150e-17       3.41150e-17       0.00000e+00
 139.7000000       3.47743e-17       3.47743e-17       0.00000e+00
 139.8000000       3.54429e-17       3.54429e-17       0.00000e+00
 139.9000000       3.61207e-17       3.61207e-17       0.00000e+00
 140.0000000       3.68078e-17       3.68078e-17       0.00000e+00
 140.1000000       3.75040e-17       3.75040e-17       0.00000e+00
 140.2000000       3.82091e-17       3.82091e-17       0.00000e+00
 140.3000000       3.89232e-17       3.89232e-17       0.00000e+00
 140.4000000       3.96460e-17       3.96460e-17       0.00000e+00
 140.5000000       4.03776e-17       4.03776e-17       0.00000e+00
 140.6000000       4.11177e-17       4.11177e-17       0.00000e+00
 140.7000000       4.18663e-17       4.18663e-17       0.00000e+00
 140.8000000       4.26231e-17       4.26231e-17       0.00000e+00
 140.9000000       4.33882e-17       4.33882e-17       0.00000e+00
 141.0000000       4.41613e-17       4.41613e-17       0.00000e+00
 141.1000000       4.49423e-17       4.49423e-17       0.00000e+00
 141.2000000       4.57311e-17       4.57311e-17       0.00000e+00
 141.3000000       4.65274e-17       4.65274e-17       0.00000e+00
 141.4000000       4.73312e-17       4.73312e-17       0.00000e+00
 141.5000000       4.81422e-17       4.81422e-17       0.00000e+00
 141.6000000       4.89602e-17       4.89602e-17       0.00000e+00
 141.7000000       4.97851e-17       4.97851e-17       0.00000e+00
 141.8000000       5.06168e-17       5.06168e-17       0.00000e+00
 141.9000000       5.14549e-17       5.14549e-17       0.00000e+00
 142.0000000       5.22993e-17       5.22993e-17       0.00000e+00
 142.1000000       5.31497e-17       5.31497e-17       0.00000e+00
 142.2000000       5.40060e-17       5.40060e-17       0.00000e+00
 142.3000000       5.48680e-17       5.48680e-17       0.00000e+00
 142.4000000       5.57354e-17       5.57354e-17       0.00000e+00
 142.5000000       5.66079e-17       5.66079e-17       0.00000e+00
 142.6000000       5.74854e-17       5.74854e-17       0.00000e+00
 142.7000000       5.83675e-17       5.83675e-17       0.00000e+00
 142.8000000       5.92541e-17       5.92541e-17       0.00000e+00
 142.9000000       6.01449e-17       6.01449e-17       0.00000e+00
 143.0000000       6.10395e-17       6.10395e-17       0.00000e+00
 143.1000000       6.19378e-17       6.19378e-17       0.00000e+00
 143.2000000       6.28395e-17       6.28395e-17       0.00000e+00
 143.3000000       6.37443e-17       6.37443e-17       0.00000e+00
 143.4000000       6.46519e-17       6.46519e-17       0.00000e+00
 143.5000000       6.55620e-17       6.55620e-17       0.00000e+00
 143.6000000       6.64743e-17       6.64743e-17       0.00000e+00
 143.7000000       6.73885e-17       6.73885e-17       0.00000e+00
 143.8000000       6.83043e-17       6.83043e-17       0.00000e+00
 143.9000000       6.92215e-17       6.92215e-17       0.00000e+00
 144.0000000       7.01396e-17       7.01396e-17       0.00000e+00
 144.1000000       7.10584e-17       7.10584e-17       0.00000e+00
 144.2000000       7.19775e-17       7.19775e-17       0.00000e+00
 144.3000000       7.28967e-17       7.28967e-17       0.00000e+00
 144.4000000       7.38155e-17       7.38155e-17       0.00000e+00
 144.5000000       7.47337e-17       7.47337e-17       0.00000e+00
 144.6000000       7.56510e-17       7.56510e-17       0.00000e+00
 144.7000000       7.65668e-17       7.65668e-17       0.00000e+00
 144.8000000       7.74811e-17       7.74811e-17       0.00000e+00
 144.9000000       7.83933e-17       7.83933e-17       0.00000e+00
 145.0000000       7.93031e-17       7.93031e-17       0.00000e+00
 145.1000000       8.02102e-17       8.02102e-17       0.00000e+00
 145.2000000       8.11143e-17       8.11143e-17       0.00000e+00
 145.3000000       8.20149e-17       8.20149e-17       0.00000e+00
 145.4000000       8.29117e-17       8.29117e-17       0.00000e+00
 145.5000000       8.38044e-17       8.38044e-17       0.00000e+00
 145.6000000       8.46925e-17       8.46925e-17       0.00000e+00
 145.7000000       8.55758e-17       8.55758e-17       0.00000e+00
 145.8000000       8.64538e-17       8.64538e-17       0.00000e+00
 145.9000000       8.73263e-17       8.73263e-17       0.00000e+00
 146.0000000       8.81927e-17       8.81927e-17       0.00000e+00
 146.1000000       8.90528e-17       8.90528e-17       0.00000e+00
 146.2000000       8.99062e-17       8.99062e-17       0.00000e+00
 146.3000000       9.07525e-17       9.07525e-17       0.00000e+00
 146.4000000       9.15914e-17       9.15914e-17       0.00000e+00
 146.5000000       9.24225e-17       9.24225e-17       0.00000e+00
 146.6000000       9.32454e-17       9.32454e-17       0.00000e+00
 146.7000000       9.40597e-17       9.40597e-17       0.00000e+00
 146.8000000       9.48652e-17       9.48652e-17       0.00000e+00
 146.9000000       9.56614e-17       9.56614e-17       0.00000e+00
 147.0000000       9.64480e-17       9.64480e-17       0.00000e+00
 147.1000000       9.72247e-17       9.72247e-17       0.00000e+00
 147.2000000       9.79910e-17       9.79910e-17       0.00000e+00
 147.3000000       9.87466e-17       9.87466e-17       0.00000e+00
 147.4000000       9.94912e-17       9.94912e-17       0.00000e+00
 147.5000000       1.00224e-16       1.00224e-16       0.00000e+00
 147.6000000       1.00946e-16       1.00946e-16       0.00000e+00
 147.7000000       1.01655e-16       1.01655e-16       0.00000e+00
 147.8000000       1.02353e-16       1.02353e-16       0.00000e+00
 147.9000000       1.03037e-16       1.03037e-16       0.00000e+00
 148.0000000       1.03708e-16       1.03708e-16       0.00000e+00
 148.1000000       1.04366e-16       1.04366e-16       0.00000e+00
 148.2000000       1.05011e-16       1.05011e-16       0.00000e+00
 148.3000000       1.05641e-16       1.05641e-16       0.00000e+00
 148.4000000       1.06257e-16       1.06257e-16       0.00000e+00
 148.5000000       1.06858e-16       1.06858e-16       0.00000e+00
 148.6000000       1.07445e-16       1.07445e-16       0.00000e+00
 148.7000000       1.08016e-16       1.08016e-16       0.00000e+00
 148.8000000       1.08572e-16       1.08572e-16       0.00000e+00
 148.9000000       1.09113e-16       1.09113e-16       0.00000e+00
 149.0000000       1.09637e-16       1.09637e-16       0.00000e+00
 149.1000000       1.10145e-16       1.10145e-16       0.00000e+00
 149.2000000       1.10636e-16       1.10636e-16       0.00000e+00
 149.3000000       1.11111e-16       1.11111e-16       0.00000e+00
 149.4000000       1.11569e-16       1.11569e-16       0.00000e+00
 149.5000000       1.12010e-16       1.12010e-16       0.00000e+00
 149.6000000       1.12433e-16       1.12433e-16       0.00000e+00
 149.7000000       1.12838e-16       1.12838e-16       0.00000e+00
 149.8000000       1.13226e-16       1.13226e-16       0.00000e+00
 149.9000000       1.13595e-16       1.13595e-16       0.00000e+00
 150.0000000       1.13947e-16       1.13947e-16       0.00000e+00
 150.1000000       1.14280e-16       1.14280e-16       0.00000e+00
 150.2000000       1.14594e-16       1.14594e-16       0.00000e+00
 150.3000000       1.14890e-16       1.14890e-16       0.00000e+00
 150.4000000       1.15166e-16       1.15166e-16       0.00000e+00
 150.5000000       1.15424e-16       1.15424e-16       0.00000e+00
 150.6000000       1.15662e-16       1.15662e-16       0.00000e+00
 150.7000000       1.15882e-16       1.15882e-16       0.00000e+00
 150.8000000       1.16081e-16       1.16081e-16       0.00000e+00
 150.9000000       1.16262e-16       1.16262e-16       0.00000e+00
 151.0000000       1.16422e-16       1.16422e-16       0.00000e+00
 151.1000000       1.16563e-16       1.16563e-16       0.00000e+00
 151.2000000       1.16684e-16       1.16684e-16       0.00000e+00
 151.3000000       1.16786e-16       1.16786e-16       0.00000e+00
 151.4000000       1.16867e-16       1.16867e-16       0.00000e+00
 151.5000000       1.16929e-16       1.16929e-16       0.00000e+00
 151.6000000       1.16970e-16       1.16970e-16       0.00000e+00
 151.7000000       1.16992e-16       1.16992e-16       0.00000e+00
 151.8000000       1.16993e-16       1.16993e-16       0.00000e+00
 151.9000000       1.16975e-16       1.16975e-16       0.00000e+00
 152.0000000       1.16936e-16       1.16936e-16       0.00000e+00
 152.1000000       1.16878e-16       1.16878e-16       0.00000e+00
 152.2000000       1.16800e-16       1.16800e-16       0.00000e+00
 152.3000000       1.16701e-16       1.16701e-16       0.00000e+00
 152.4000000       1.16583e-16       1.16583e-16       0.00000e+00
 152.5000000       1.16446e-16       1.16446e-16       0.00000e+00
 152.6000000       1.16288e-16       1.16288e-16       0.00000e+00
 152.7000000       1.16111e-16       1.16111e-16       0.00000e+00
 152.8000000       1.15914e-16       1.15914e-16       0.00000e+00
 152.9000000       1.15698e-16       1.15698e-16       0.00000e+00
 153.0000000       1.15462e-16       1.15462e-16       0.00000e+00
 153.1000000       1.15207e-16       1.15207e-16       0.00000e+00
 153.2000000       1.14933e-16       1.14933e-16       0.00000e+00
 153.3000000       1.14640e-16       1.14640e-16       0.00000e+00
 153.4000000       1.14329e-16       1.14329e-16       0.00000e+00
 153.5000000       1.13998e-16       1.13998e-16       0.00000e+00
 153.6000000       1.13650e-16       1.13650e-16       0.00000e+00
 153.7000000       1.13283e-16       1.13283e-16       0.00000e+00
 153.8000000       1.12897e-16       1.12897e-16       0.00000e+00
 153.9000000       1.12494e-16       1.12494e-16       0.00000e+00
 154.0000000       1.12073e-16       1.12073e-16       0.00000e+00
 154.1000000       1.11635e-16       1.11635e-16       0.00000e+00
 154.2000000       1.11179e-16       1.11179e-16       0.00000e+00
 154.3000000       1.10706e-16       1.10706e-16       0.00000e+00
 154.4000000       1.10216e-16       1.10216e-16       0.00000e+00
 154.5000000       1.09710e-16       1.09710e-16       0.00000e+00
 154.6000000       1.09187e-16       1.09187e-16       0.00000e+00
 154.7000000       1.08649e-16       1.08649e-16       0.00000e+00
 154.8000000       1.08094e-16       1.08094e-16       0.00000e+00
 154.9000000       1.07524e-16       1.07524e-16       0.00000e+00
 155.0000000       1.06939e-16       1.06939e-16       0.00000e+00
 155.1000000       1.06338e-16       1.06338e-16       0.00000e+00
 155.2000000       1.05723e-16       1.05723e-16       0.00000e+00
 155.3000000       1.05093e-16       1.05093e-16       0.00000e+00
 155.4000000       1.04450e-16       1.04450e-16       0.00000e+00
 155.5000000       1.03792e-16       1.03792e-16       0.00000e+00
 155.6000000       1.03121e-16       1.03121e-16       0.00000e+00
 155.7000000       1.02437e-16       1.02437e-16       0.00000e+00
 155.8000000       1.01740e-16       1.01740e-16       0.00000e+00
 155.9000000       1.01030e-16       1.01030e-16       0.00000e+00
 156.0000000       1.00308e-16       1.00308e-16       0.00000e+00
 156.1000000       9.95745e-17       9.95745e-17       0.00000e+00
 156.2000000       9.88293e-17       9.88293e-17       0.00000e+00
 156.3000000       9.80728e-17       9.80728e-17       0.00000e+00
 156.4000000       9.73054e-17       9.73054e-17       0.00000e+00
 156.5000000       9.65276e-17       9.65276e-17       0.00000e+00
 156.6000000       9.57395e-17       9.57395e-17       0.00000e+00
 156.7000000       9.49417e-17       9.49417e-17       0.00000e+00
 156.8000000       9.41344e-17       9.41344e-17       0.00000e+00
 156.9000000       9.33180e-17       9.33180e-17       0.00000e+00
 157.0000000       9.24928e-17       9.24928e-17       0.00000e+00
 157.1000000       9.16593e-17       9.16593e-17       0.00000e+00
 157.2000000       9.08177e-17       9.08177e-17       0.00000e+00
 157.3000000       8.99685e-17       8.99685e-17       0.00000e+00
 157.4000000       8.91119e-17       8.91119e-17       0.00000e+00
 157.5000000       8.82484e-17       8.82484e-17       0.00000e+00
 157.6000000       8.73783e-17       8.73783e-17       0.00000e+00
 157.7000000       8.65020e-17       8.65020e-17       0.00000e+00
 157.8000000       8.56198e-17       8.56198e-17       0.00000e+00
 157.9000000       8.47322e-17       8.47322e-17       0.00000e+00
 158.0000000       8.38393e-17       8.38393e-17       0.00000e+00
 158.1000000       8.29417e-17       8.29417e-17       0.00000e+00
 158.2000000       8.20397e-17       8.20397e-17       0.00000e+00
 158.3000000       8.11336e-17       8.11336e-17       0.00000e+00
 158.4000000       8.02237e-17       8.02237e-17       0.00000e+00
 158.5000000       7.93105e-17       7.93105e-17       0.00000e+00
 158.6000000       7.83943e-17       7.83943e-17       0.00000e+00
 158.7000000       7.74754e-17       7.74754e-17       0.00000e+00
 158.8000000       7.65541e-17       7.65541e-17       0.00000e+00
 158.9000000       7.56309e-17       7.56309e-17       0.00000e+00
 159.0000000       7.47060e-17       7.47060e-17       0.00000e+00
 159.1000000       7.37798e-17       7.37798e-17       0.00000e+00
 159.2000000       7.28527e-17       7.28527e-17       0.00000e+00
 159.3000000       7.19248e-17       7.19248e-17       0.00000e+00
 159.4000000       7.09967e-17       7.09967e-17       0.00000e+00
 159.5000000       7.00685e-17       7.00685e-17       0.00000e+00
 159.6000000       6.91406e-17       6.91406e-17       0.00000e+00
 159.7000000       6.82133e-17       6.82133e-17       0.00000e+00
 159.8000000       6.72870e-17       6.72870e-17       0.00000e+00
 159.9000000       6.63618e-17       6.63618e-17       0.00000e+00
 160.0000000       6.54382e-17       6.54382e-17       0.00000e+00
 160.1000000       6.45164e-17       6.45164e-17       0.00000e+00
 160.2000000       6.35967e-17       6.35967e-17       0.00000e+00
 160.3000000       6.26794e-17       6.26794e-17       0.00000e+00
 160.4000000       6.17648e-17       6.17648e-17       0.00000e+00
 160.5000000       6.08531e-17       6.08531e-17       0.00000e+00
 160.6000000       5.99445e-17       5.99445e-17       0.00000e+00
 160.7000000       5.90395e-17       5.90395e-17       0.00000e+00
 160.8000000       5.81381e-17       5.81381e-17       0.00000e+00
 160.9000000       5.72407e-17       5.72407e-17       0.00000e+00
 161.0000000       5.63476e-17       5.63476e-17       0.00000e+00
 161.1000000       5.54588e-17       5.54588e-17       0.00000e+00
 161.2000000       5.45748e-17       5.45748e-17       0.00000e+00
 161.3000000       5.36956e-17       5.36956e-17       0.00000e+00
 161.4000000       5.28216e-17       5.28216e-17       0.00000e+00
 161.5000000       5.19529e-17       5.19529e-17       0.00000e+00
 161.6000000       5.10898e-17       5.10898e-17       0.00000e+00
 161.7000000       5.02324e-17       5.02324e-17       0.00000e+00
 161.8000000       4.93809e-17       4.93809e-17       0.00000e+00
 161.9000000       4.85356e-17       4.85356e-17       0.00000e+00
 162.0000000       4.76965e-17       4.76965e-17       0.00000e+00
 162.1000000       4.68640e-17       4.68640e-17       0.00000e+00
 162.2000000       4.60381e-17       4.60381e-17       0.00000e+00
 162.3000000       4.52190e-17       4.52190e-17       0.00000e+00
 162.4000000       4.44069e-17       4.44069e-17       0.00000e+00
 162.5000000       4.36019e-17       4.36019e-17       0.00000e+00
 162.6000000       4.28042e-17       4.28042e-17       0.00000e+00
 162.7000000       4.20139e-17       4.20139e-17       0.00000e+00
 162.8000000       4.12311e-17       4.12311e-17       0.00000e+00
 162.9000000       4.04560e-17       4.04560e-17       0.00000e+00
 163.0000000       3.96886e-17       3.96886e-17       0.00000e+00
 163.1000000       3.89292e-17       3.89292e-17       0.00000e+00
 163.2000000       3.81777e-17       3.81777e-17       0.00000e+00
 163.3000000       3.74344e-17       3.74344e-17       0.00000e+00
 163.4000000       3.66992e-17       3.66992e-17       0.00000e+00
 163.5000000       3.59723e-17       3.59723e-17       0.00000e+00
 163.6000000       3.52538e-17       3.52538e-17       0.00000e+00
 163.7000000       3.45437e-17       3.45437e-17       0.00000e+00
 163.8000000       3.38422e-17       3.38422e-17       0.00000e+00
 163.9000000       3.31492e-17       3.31492e-17       0.00000e+00
 164.0000000       3.24648e-17       3.24648e-17       0.00000e+00
 164.1000000       3.17891e-17       3.17891e-17       0.00000e+00
 164.2000000       3.11222e-17       3.11222e-17       0.00000e+00
 164.3000000       3.04640e-17       3.04640e-17       0.00000e+00
 164.4000000       2.98147e-17       2.98147e-17       0.00000e+00
 164.5000000       2.91742e-17       2.91742e-17       0.00000e+00
 164.6000000       2.85426e-17       2.85426e-17       0.00000e+00
 164.7000000       2.79199e-17       2.79199e-17       0.00000e+00
 164.8000000       2.73061e-17       2.73061e-17       0.00000e+00
 164.9000000       2.67012e-17       2.67012e-17       0.00000e+00
 165.0000000       2.61052e-17       2.61052e-17       0.00000e+00
 165.1000000       2.55182e-17       2.55182e-17       0.00000e+00
 165.2000000       2.49401e-17       2.49401e-17       0.00000e+00
 165.3000000       2.43709e-17       2.43709e-17       0.00000e+00
 165.4000000       2.38107e-17       2.38107e-17       0.00000e+00
 165.5000000       2.32593e-17       2.32593e-17       0.00000e+00
 165.6000000       2.27169e-17       2.27169e-17       0.00000e+00
 165.7000000       2.21833e-17       2.21833e-17       0.00000e+00
 165.8000000       2.16585e-17       2.16585e-17       0.00000e+00
 165.9000000       2.11425e-17       2.11425e-17       0.00000e+00
 166.0000000       2.06352e-17       2.06352e-17       0.00000e+00
 166.1000000       2.01367e-17       2.01367e-17       0.00000e+00
 166.2000000       1.96469e-17       1.96469e-17       0.00000e+00
 166.3000000       1.91657e-17       1.91657e-17       0.00000e+00
 166.4000000       1.86931e-17       1.86931e-17       0.00000e+00
 166.5000000       1.82290e-17       1.82290e-17       0.00000e+00
 166.6000000       1.77734e-17       1.77734e-17       0.00000e+00
 166.7000000       1.73263e-17       1.73263e-17       0.00000e+00
 166.8000000       1.68874e-17       1.68874e-17       0.00000e+00
 166.9000000       1.64569e-17       1.64569e-17       0.00000e+00
 167.0000000       1.60346e-17       1.60346e-17       0.00000e+00
 167.1000000       1.56205e-17       1.56205e-17       0.00000e+00
 167.2000000       1.52145e-17       1.52145e-17       0.00000e+00
 167.3000000       1.48165e-17       1.48165e-17       0.00000e+00
 167.4000000       1.44264e-17       1.44264e-17       0.00000e+00
 167.5000000       1.40442e-17       1.40442e-17       0.00000e+00
 167.6000000       1.36698e-17       1.36698e-17       0.00000e+00
 167.7000000       1.33031e-17       1.33031e-17       0.00000e+00
 167.8000000       1.29440e-17       1.29440e-17       0.00000e+00
 167.9000000       1.25924e-17       1.25924e-17       0.00000e+00
 168.0000000       1.22483e-17       1.22483e-17       0.00000e+00
 168.1000000       1.19116e-17       1.19116e-17       0.00000e+00
 168.2000000       1.15821e-17       1.15821e-17       0.00000e+00
 168.3000000       1.12599e-17       1.12599e-17       0.00000e+00
 168.4000000       1.09447e-17       1.09447e-17       0.00000e+00
 168.5000000       1.06365e-17       1.06365e-17       0.00000e+00
 168.6000000       1.03352e-17       1.03352e-17       0.00000e+00
 168.7000000       1.00408e-17       1.00408e-17       0.00000e+00
 168.8000000       9.75303e-18       9.75303e-18       0.00000e+00
 168.9000000       9.47192e-18       9.47192e-18       0.00000e+00
 169.0000000       9.19733e-18       9.19733e-18       0.00000e+00
 169.1000000       8.92918e-18       8.92918e-18       0.00000e+00
 169.2000000       8.66737e-18       8.66737e-18       0.00000e+00
 169.3000000       8.41179e-18       8.41179e-18       0.00000e+00
 169.4000000       8.16234e-18       8.16234e-18       0.00000e+00
 169.5000000       7.91895e-18       7.91895e-18       0.00000e+00
 169.6000000       7.68149e-18       7.68149e-18       0.00000e+00
 169.7000000       7.44988e-18       7.44988e-18       0.00000e+00
 169.8000000       7.22402e-18       7.22402e-18       0.00000e+00
 169.9000000       7.00380e-18       7.00380e-18       0.00000e+00
 170.0000000       6.78914e-18       6.78914e-18       0.00000e+00
 170.1000000       6.57993e-18       6.57993e-18       0.00000e+00
 170.2000000       6.37607e-18       6.37607e-18       0.00000e+00
 170.3000000       6.17748e-18       6.17748e-18       0.00000e+00
 170.4000000       5.98404e-18       5.98404e-18       0.00000e+00
 170.5000000       5.79567e-18       5.79567e-18       0.00000e+00
 170.6000000       5.61227e-18       5.61227e-18       0.00000e+00
 170.7000000       5.43375e-18       5.43375e-18       0.00000e+00
 170.8000000       5.26000e-18       5.26000e-18       0.00000e+00
 170.9000000       5.09093e-18       5.09093e-18       0.00000e+00
 171.0000000       4.92646e-18       4.92646e-18       0.00000e+00
 171.1000000       4.76648e-18       4.76648e-18       0.00000e+00
 171.2000000       4.61092e-18       4.61092e-18       0.00000e+00
 171.3000000       4.45966e-18       4.45966e-18       0.00000e+00
 171.4000000       4.31263e-18       4.31263e-18       0.00000e+00
 171.5000000       4.16973e-18       4.16973e-18       0.00000e+00
 171.6000000       4.03088e-18       4.03088e-18       0.00000e+00
 171.7000000       3.89598e-18       3.89598e-18       0.00000e+00
 171.8000000       3.76496e-18       3.76496e-18       0.00000e+00
 171.9000000       3.63771e-18       3.63771e-18       0.00000e+00
 172.0000000       3.51417e-18       3.51417e-18       0.00000e+00
 172.1000000       3.39424e-18       3.39424e-18       0.00000e+00
 172.2000000       3.27785e-18       3.27785e-18       0.00000e+00
 172.3000000       3.16490e-18       3.16490e-18       0.00000e+00
 172.4000000       3.05532e-18       3.05532e-18       0.00000e+00
 172.5000000       2.94903e-18       2.94903e-18       0.00000e+00
 172.6000000       2.84596e-18       2.84596e-18       0.00000e+00
 172.7000000       2.74601e-18       2.74601e-18       0.00000e+00
 172.8000000       2.64912e-18       2.64912e-18       0.00000e+00
 172.9000000       2.55521e-18       2.55521e-18       0.00000e+00
 173.0000000       2.46421e-18       2.46421e-18       0.00000e+00
 173.1000000       2.37605e-18       2.37605e-18       0.00000e+00
 173.2000000       2.29064e-18       2.29064e-18       0.00000e+00
 173.3000000       2.20793e-18       2.20793e-18       0.00000e+00
 173.4000000       2.12784e-18       2.12784e-18       0.00000e+00
 173.5000000       2.05031e-18       2.05031e-18       0.00000e+00
 173.6000000       1.97526e-18       1.97526e-18       0.00000e+00
 173.7000000       1.90263e-18       1.90263e-18       0.00000e+00
 173.8000000       1.83236e-18       1.83236e-18       0.00000e+00
 173.9000000       1.76439e-18       1.76439e-18       0.00000e+00
 174.0000000       1.69864e-18       1.69864e-18       0.00000e+00
 174.1000000       1.63506e-18       1.63506e-18       0.00000e+00
 174.2000000       1.57360e-18       1.57360e-18       0.00000e+00
 174.3000000       1.51419e-18       1.51419e-18       0.00000e+00
 174.4000000       1.45677e-18       1.45677e-18       0.00000e+00
 174.5000000       1.40128e-18       1.40128e-18       0.00000e+00
 174.6000000       1.34768e-18       1.34768e-18       0.00000e+00
 174.7000000       1.29591e-18       1.29591e-18       0.00000e+00
 174.8000000       1.24592e-18       1.24592e-18       0.00000e+00
 174.9000000       1.19764e-18       1.19764e-18       0.00000e+00
 175.0000000       1.15104e-18       1.15104e-18       0.00000e+00
 175.1000000       1.10607e-18       1.10607e-18       0.00000e+00
 175.2000000       1.06267e-18       1.06267e-18       0.00000e+00
 175.3000000       1.02080e-18       1.02080e-18       0.00000e+00
 175.4000000       9.80409e-19       9.80409e-19       0.00000e+00
 175.5000000       9.41457e-19       9.41457e-19       0.00000e+00
 175.6000000       9.03897e-19       9.03897e-19       0.00000e+00
 175.7000000       8.67687e-19       8.67687e-19       0.00000e+00
 175.8000000       8.32786e-19       8.32786e-19       0.00000e+00
 175.9000000       7.99151e-19       7.99151e-19       0.00000e+00
 176.0000000       7.66744e-19       7.66744e-19       0.00000e+00
 176.1000000       7.35525e-19       7.35525e-19       0.00000e+00
 176.2000000       7.05456e-19       7.05456e-19       0.00000e+00
 176.3000000       6.76501e-19       6.76501e-19       0.00000e+00
 176.4000000       6.48623e-19       6.48623e-19       0.00000e+00
 176.5000000       6.21788e-19       6.21788e-19       0.00000e+00
 176.6000000       5.95961e-19       5.95961e-19       0.00000e+00
 176.7000000       5.71109e-19       5.71109e-19       0.00000e+00
 176.8000000       5.47200e-19       5.47200e-19       0.00000e+00
 176.9000000       5.24201e-19       5.24201e-19       0.00000e+00
 177.0000000       5.02084e-19       5.02084e-19       0.00000e+00
 177.1000000       4.80817e-19       4.80817e-19       0.00000e+00
 177.2000000       4.60373e-19       4.60373e-19       0.00000e+00
 177.3000000       4.40722e-19       4.40722e-19       0.00000e+00
 177.4000000       4.21838e-19       4.21838e-19       0.00000e+00
 177.5000000       4.03694e-19       4.03694e-19       0.00000e+00
 177.6000000       3.86264e-19       3.86264e-19       0.00000e+00
 177.7000000       3.69524e-19       3.69524e-19       0.00000e+00
 177.8000000       3.53448e-19       3.53448e-19       0.00000e+00
 177.9000000       3.38014e-19       3.38014e-19       0.00000e+00
 178.0000000       3.23199e-19       3.23199e-19       0.00000e+00
 178.1000000       3.08980e-19       3.08980e-19       0.00000e+00
 178.2000000       2.95336e-19       2.95336e-19       0.00000e+00
 178.3000000       2.82246e-19       2.82246e-19       0.00000e+00
 178.4000000       2.69691e-19       2.69691e-19       0.00000e+00
 178.5000000       2.57650e-19       2.57650e-19       0.00000e+00
 178.6000000       2.46104e-19       2.46104e-19       0.00000e+00
 178.7000000       2.35035e-19       2.35035e-19       0.00000e+00
 178.8000000       2.24426e-19       2.24426e-19       0.00000e+00
 178.9000000       2.14259e-19       2.14259e-19       0.00000e+00
 179.0000000       2.04518e-19       2.04518e-19       0.00000e+00
 179.1000000       1.95186e-19       1.95186e-19       0.00000e+00
 179.2000000       1.86248e-19       1.86248e-19       0.00000e+00
 179.3000000       1.77689e-19       1.77689e-19       0.00000e+00
 179.4000000       1.69494e-19       1.69494e-19       0.00000e+00
 179.5000000       1.61649e-19       1.61649e-19       0.00000e+00
 179.6000000       1.54142e-19       1.54142e-19       0.00000e+00
 179.7000000       1.46957e-19       1.46957e-19       0.00000e+00
 179.8000000       1.40084e-19       1.40084e-19       0.00000e+00
 179.9000000       1.33509e-19       1.33509e-19       0.00000e+00
 180.0000000       1.27221e-19       1.27221e-19       0.00000e+00
 180.1000000       1.21209e-19       1.21209e-19       0.00000e+00
 180.2000000       1.15460e-19       1.15460e-19       0.00000e+00
 180.3000000       1.09966e-19       1.09966e-19       0.00000e+00
 180.4000000       1.04715e-19       1.04715e-19       0.00000e+00
 180.5000000       9.96981e-20       9.96981e-20       0.00000e+00
 180.6000000       9.49050e-20       9.49050e-20       0.00000e+00
 180.7000000       9.03269e-20       9.03269e-20       0.00000e+00
 180.8000000       8.59550e-20       8.59550e-20       0.00000e+00
 180.9000000       8.17807e-20       8.17807e-20       0.00000e+00
 181.0000000       7.77957e-20       7.77957e-20       0.00000e+00
 181.1000000       7.39923e-20       7.39923e-20       0.00000e+00
 181.2000000       7.03628e-20       7.03628e-20       0.00000e+00
 181.3000000       6.68999e-20       6.68999e-20       0.00000e+00
 181.4000000       6.35965e-20       6.35965e-20       0.00000e+00
 181.5000000       6.04459e-20       6.04459e-20       0.00000e+00
 181.6000000       5.74415e-20       5.74415e-20       0.00000e+00
 181.7000000       5.45772e-20       5.45772e-20       0.00000e+00
 181.8000000       5.18467e-20       5.18467e-20       0.00000e+00
 181.9000000       4.92445e-20       4.92445e-20       0.00000e+00
 182.0000000       4.67649e-20       4.67649e-20       0.00000e+00
 182.1000000       4.44025e-20       4.44025e-20       0.00000e+00
 182.2000000       4.21522e-20       4.21522e-20       0.00000e+00
 182.3000000       4.00092e-20       4.00092e-20       0.00000e+00
 182.4000000       3.79686e-20       3.79686e-20       0.00000e+00
 182.5000000       3.60259e-20       3.60259e-20       0.00000e+00
 182.6000000       3.41767e-20       3.41767e-20       0.00000e+00
 182.7000000       3.24169e-20       3.24169e-20       0.00000e+00
 182.8000000       3.07425e-20       3.07425e-20       0.00000e+00
 182.9000000       2.91496e-20       2.91496e-20       0.00000e+00
 183.0000000       2.76345e-20       2.76345e-20       0.00000e+00
 183.1000000       2.61936e-20       2.61936e-20       0.00000e+00
 183.2000000       2.48236e-20       2.48236e-20       0.00000e+00
 183.3000000       2.35213e-20       2.35213e-20       0.00000e+00
 183.4000000       2.22835e-20       2.22835e-20       0.00000e+00
 183.5000000       2.11072e-20       2.11072e-20       0.00000e+00
 183.6000000       1.99895e-20       1.99895e-20       0.00000e+00
 183.7000000       1.89278e-20       1.89278e-20       0.00000e+00
 183.8000000       1.79195e-20       1.79195e-20       0.00000e+00
 183.9000000       1.69619e-20       1.69619e-20       0.00000e+00
 184.0000000       1.60528e-20       1.60528e-20       0.00000e+00
 184.1000000       1.51898e-20       1.51898e-20       0.00000e+00
 184.2000000       1.43707e-20       1.43707e-20       0.00000e+00
 184.3000000       1.35935e-20       1.35935e-20       0.00000e+00
 184.4000000       1.28561e-20       1.28561e-20       0.00000e+00
 184.5000000       1.21566e-20       1.21566e-20       0.00000e+00
 184.6000000       1.14932e-20       1.14932e-20       0.00000e+00
 184.7000000       1.08642e-20       1.08642e-20       0.00000e+00
 184.8000000       1.02678e-20       1.02678e-20       0.00000e+00
 184.9000000       9.70252e-21       9.70252e-21       0.00000e+00
 185.0000000       9.16678e-21       9.16678e-21       0.00000e+00
 185.1000000       8.65914e-21       8.65914e-21       0.00000e+00
 185.2000000       8.17821e-21       8.17821e-21       0.00000e+00
 185.3000000       7.72267e-21       7.72267e-21       0.00000e+00
 185.4000000       7.29126e-21       7.29126e-21       0.00000e+00
 185.5000000       6.88276e-21       6.88276e-21       0.00000e+00
 185.6000000       6.49605e-21       6.49605e-21       0.00000e+00
 185.7000000       6.13001e-21       6.13001e-21       0.00000e+00
 185.8000000       5.78361e-21       5.78361e-21       0.00000e+00
 185.9000000       5.45585e-21       5.45585e-21       0.00000e+00
 186.0000000       5.14578e-21       5.14578e-21       0.00000e+00
 186.1000000       4.85250e-21       4.85250e-21       0.00000e+00
 186.2000000       4.57516e-21       4.57516e-21       0.00000e+00
 186.3000000       4.31293e-21       4.31293e-21       0.00000e+00
 186.4000000       4.06503e-21       4.06503e-21       0.00000e+00
 186.5000000       3.83073e-21       3.83073e-21       0.00000e+00
 186.6000000       3.60931e-21       3.60931e-21       0.00000e+00
 186.7000000       3.40011e-21       3.40011e-21       0.00000e+00
 186.8000000       3.20248e-21       3.20248e-21       0.00000e+00
 186.9000000       3.01583e-21       3.01583e-21       0.00000e+00
 187.0000000       2.83957e-21       2.83957e-21       0.00000e+00
 187.1000000       2.67316e-21       2.67316e-21       0.00000e+00
 187.2000000       2.51606e-21       2.51606e-21       0.00000e+00
 187.3000000       2.36780e-21       2.36780e-21       0.00000e+00
 187.4000000       2.22788e-21       2.22788e-21       0.00000e+00
 187.5000000       2.09588e-21       2.09588e-21       0.00000e+00
 187.6000000       1.97136e-21       1.97136e-21       0.00000e+00
 187.7000000       1.85392e-21       1.85392e-21       0.00000e+00
 187.8000000       1.74318e-21       1.74318e-21       0.00000e+00
 187.9000000       1.63878e-21       1.63878e-21       0.00000e+00
 188.0000000       1.54036e-21       1.54036e-21       0.00000e+00
 188.1000000       1.44761e-21       1.44761e-21       0.00000e+00
 188.2000000       1.36020e-21       1.36020e-21       0.00000e+00
 188.3000000       1.27786e-21       1.27786e-21       0.00000e+00
 188.4000000       1.20030e-21       1.20030e-21       0.00000e+00
 188.5000000       1.12725e-21       1.12725e-21       0.00000e+00
 188.6000000       1.05846e-21       1.05846e-21       0.00000e+00
 188.7000000       9.93708e-22       9.93708e-22       0.00000e+00
 188.8000000       9.32753e-22       9.32753e-22       0.00000e+00
 188.9000000       8.75387e-22       8.75387e-22       0.00000e+00
 189.0000000       8.21409e-22       8.21409e-22       0.00000e+00
 189.1000000       7.70627e-22       7.70627e-22       0.00000e+00
 189.2000000       7.22861e-22       7.22861e-22       0.00000e+00
 189.3000000       6.77940e-22       6.77940e-22       0.00000e+00
 189.4000000       6.35701e-22       6.35701e-22       0.00000e+00
 189.5000000       5.95992e-22       5.95992e-22       0.00000e+00
 189.6000000       5.58668e-22       5.58668e-22       0.00000e+00
 189.7000000       5.23592e-22       5.23592e-22       0.00000e+00
 189.8000000       4.90634e-22       4.90634e-22       0.00000e+00
 189.9000000       4.59672e-22       4.59672e-22       0.00000e+00
 190.0000000       4.30590e-22       4.30590e-22       0.00000e+00
 190.1000000       4.03279e-22       4.03279e-22       0.00000e+00
 190.2000000       3.77636e-22       3.77636e-22       0.00000e+00
 190.3000000       3.53562e-22       3.53562e-22       0.00000e+00
 190.4000000       3.30967e-22       3.30967e-22       0.00000e+00
 190.5000000       3.09763e-22       3.09763e-22       0.00000e+00
 190.6000000       2.89867e-22       2.89867e-22       0.00000e+00
 190.7000000       2.71203e-22       2.71203e-22       0.00000e+00
 190.8000000       2.53698e-22       2.53698e-22       0.00000e+00
 190.9000000       2.37281e-22       2.37281e-22       0.00000e+00
 191.0000000       2.21889e-22       2.21889e-22       0.00000e+00
 191.1000000       2.07460e-22       2.07460e-22       0.00000e+00
 191.2000000       1.93936e-22       1.93936e-22       0.00000e+00
 191.3000000       1.81263e-22       1.81263e-22       0.00000e+00
 191.4000000       1.69389e-22       1.69389e-22       0.00000e+00
 191.5000000       1.58265e-22       1.58265e-22       0.00000e+00
 191.6000000       1.47847e-22       1.47847e-22       0.00000e+00
 191.7000000       1.38091e-22       1.38091e-22       0.00000e+00
 191.8000000       1.28956e-22       1.28956e-22       0.00000e+00
 191.9000000       1.20406e-22       1.20406e-22       0.00000e+00
 192.0000000       1.12403e-22       1.12403e-22       0.00000e+00
 192.1000000       1.04914e-22       1.04914e-22       0.00000e+00
 192.2000000       9.79067e-23       9.79067e-23       0.00000e+00
 192.3000000       9.13522e-23       9.13522e-23       0.00000e+00
 192.4000000       8.52219e-23       8.52219e-23       0.00000e+00
 192.5000000       7.94894e-23       7.94894e-23       0.00000e+00
 192.6000000       7.41298e-23       7.41298e-23       0.00000e+00
 192.7000000       6.91197e-23       6.91197e-23       0.00000e+00
 192.8000000       6.44372e-23       6.44372e-23       0.00000e+00
 192.9000000       6.00617e-23       6.00617e-23       0.00000e+00
 193.0000000       5.59737e-23       5.59737e-23       0.00000e+00
 193.1000000       5.21550e-23       5.21550e-23       0.00000e+00
 193.2000000       4.85885e-23       4.85885e-23       0.00000e+00
 193.3000000       4.52581e-23       4.52581e-23       0.00000e+00
 193.4000000       4.21488e-23       4.21488e-23       0.00000e+00
 193.5000000       3.92464e-23       3.92464e-23       0.00000e+00
 193.6000000       3.65377e-23       3.65377e-23       0.00000e+00
 193.7000000       3.40100e-23       3.40100e-23       0.00000e+00
 193.8000000       3.16518e-23       3.16518e-23       0.00000e+00
 193.9000000       2.94521e-23       2.94521e-23       0.00000e+00
 194.0000000       2.74005e-23       2.74005e-23       0.00000e+00
 194.1000000       2.54875e-23       2.54875e-23       0.00000e+00
 194.2000000       2.37040e-23       2.37040e-23       0.00000e+00
 194.3000000       2.20415e-23       2.20415e-23       0.00000e+00
 194.4000000       2.04922e-23       2.04922e-23       0.00000e+00
 194.5000000       1.90484e-23       1.90484e-23       0.00000e+00
 194.6000000       1.77034e-23       1.77034e-23       0.00000e+00
 194.7000000       1.64505e-23       1.64505e-23       0.00000e+00
 194.8000000       1.52837e-23       1.52837e-23       0.00000e+00
 194.9000000       1.41972e-23       1.41972e-23       0.00000e+00
 195.0000000       1.31856e-23       1.31856e-23       0.00000e+00
 195.1000000       1.22441e-23       1.22441e-23       0.00000e+00
 195.2000000       1.13678e-23       1.13678e-23       0.00000e+00
 195.3000000       1.05525e-23       1.05525e-23       0.00000e+00
 195.4000000       9.79394e-24       9.79394e-24       0.00000e+00
 195.5000000       9.08837e-24       9.08837e-24       0.00000e+00
 195.6000000       8.43217e-24       8.43217e-24       0.00000e+00
 195.7000000       7.82203e-24       7.82203e-24       0.00000e+00
 195.8000000       7.25478e-24       7.25478e-24       0.00000e+00
 195.9000000       6.72752e-24       6.72752e-24       0.00000e+00
 196.0000000       6.23752e-24       6.23752e-24       0.00000e+00
 196.1000000       5.78222e-24       5.78222e-24       0.00000e+00
 196.2000000       5.35923e-24       5.35923e-24       0.00000e+00
 196.3000000       4.96633e-24       4.96633e-24       0.00000e+00
 196.4000000       4.60145e-24       4.60145e-24       0.00000e+00
 196.5000000       4.26265e-24       4.26265e-24       0.00000e+00
 196.6000000       3.94812e-24       3.94812e-24       0.00000e+00
 196.7000000       3.65617e-24       3.65617e-24       0.00000e+00
 196.8000000       3.38523e-24       3.38523e-24       0.00000e+00
 196.9000000       3.13384e-24       3.13384e-24       0.00000e+00
 197.0000000       2.90061e-24       2.90061e-24       0.00000e+00
 197.1000000       2.68429e-24       2.68429e-24       0.00000e+00
 197.2000000       2.48367e-24       2.48367e-24       0.00000e+00
 197.3000000       2.29765e-24       2.29765e-24       0.00000e+00
 197.4000000       2.12520e-24       2.12520e-24       0.00000e+00
 197.5000000       1.96536e-24       1.96536e-24       0.00000e+00
 197.6000000       1.81723e-24       1.81723e-24       0.00000e+00
 197.7000000       1.67997e-24       1.67997e-24       0.00000e+00
 197.8000000       1.55282e-24       1.55282e-24       0.00000e+00
 197.9000000       1.43504e-24       1.43504e-24       0.00000e+00
 198.0000000       1.32597e-24       1.32597e-24       0.00000e+00
 198.1000000       1.22499e-24       1.22499e-24       0.00000e+00
 198.2000000       1.13149e-24       1.13149e-24       0.00000e+00
 198.3000000       1.04496e-24       1.04496e-24       0.00000e+00
 198.4000000       9.64879e-25       9.64879e-25       0.00000e+00
 198.5000000       8.90782e-25       8.90782e-25       0.00000e+00
 198.6000000       8.22234e-25       8.22234e-25       0.00000e+00
 198.7000000       7.58833e-25       7.58833e-25       0.00000e+00
 198.8000000       7.00197e-25       7.00197e-25       0.00000e+00
 198.9000000       6.45982e-25       6.45982e-25       0.00000e+00
 199.0000000       5.95866e-25       5.95866e-25       0.00000e+00
 199.1000000       5.49540e-25       5.49540e-25       0.00000e+00
 199.2000000       5.06733e-25       5.06733e-25       0.00000e+00
 199.3000000       4.67179e-25       4.67179e-25       0.00000e+00
 199.4000000       4.30639e-25       4.30639e-25       0.00000e+00
 199.5000000       3.96888e-25       3.96888e-25       0.00000e+00
 199.6000000       3.65720e-25       3.65720e-25       0.00000e+00
 199.7000000       3.36942e-25       3.36942e-25       0.00000e+00
 199.8000000       3.16759e-25       3.16759e-25       0.00000e+00
