# Ca photoionisation cross section
# Alan Heays 2016-02-03
# Reference: yih1998, carter1971, TOPbase database
# photoionisation: Photoionisation cross section (cm2)
# Ca+: Ca + hnu -> Ca+ + e- cross section (cm2)
# 
# wavelength   photoabsorption   photoionisation
  18.7000000       1.16015e-20       1.16015e-20
  18.8000000       1.17412e-20       1.17412e-20
  18.9000000       1.19275e-20       1.19275e-20
  19.0000000       1.21163e-20       1.21163e-20
  19.1000000       1.23116e-20       1.23116e-20
  19.2000000       1.25072e-20       1.25072e-20
  19.3000000       1.27028e-20       1.27028e-20
  19.4000000       1.29010e-20       1.29010e-20
  19.5000000       1.31030e-20       1.31030e-20
  19.6000000       1.33050e-20       1.33050e-20
  19.7000000       1.35070e-20       1.35070e-20
  19.8000000       1.37132e-20       1.37132e-20
  19.9000000       1.39237e-20       1.39237e-20
  20.0000000       1.41342e-20       1.41342e-20
  20.1000000       1.43447e-20       1.43447e-20
  20.2000000       1.45606e-20       1.45606e-20
  20.3000000       1.47817e-20       1.47817e-20
  20.4000000       1.50028e-20       1.50028e-20
  20.5000000       1.52240e-20       1.52240e-20
  20.6000000       1.54484e-20       1.54484e-20
  20.7000000       1.56771e-20       1.56771e-20
  20.8000000       1.59059e-20       1.59059e-20
  20.9000000       1.61346e-20       1.61346e-20
  21.0000000       1.63656e-20       1.63656e-20
  21.1000000       1.66014e-20       1.66014e-20
  21.2000000       1.68374e-20       1.68374e-20
  21.3000000       1.70734e-20       1.70734e-20
  21.4000000       1.73111e-20       1.73111e-20
  21.5000000       1.75575e-20       1.75575e-20
  21.6000000       1.78050e-20       1.78050e-20
  21.7000000       1.80526e-20       1.80526e-20
  21.8000000       1.83004e-20       1.83004e-20
  21.9000000       1.85556e-20       1.85556e-20
  22.0000000       1.88142e-20       1.88142e-20
  22.1000000       1.90728e-20       1.90728e-20
  22.2000000       1.93313e-20       1.93313e-20
  22.3000000       1.95933e-20       1.95933e-20
  22.4000000       1.98621e-20       1.98621e-20
  22.5000000       2.01310e-20       2.01310e-20
  22.6000000       2.04000e-20       2.04000e-20
  22.7000000       2.06694e-20       2.06694e-20
  22.8000000       2.09459e-20       2.09459e-20
  22.9000000       2.12247e-20       2.12247e-20
  23.0000000       2.15036e-20       2.15036e-20
  23.1000000       2.17825e-20       2.17825e-20
  23.2000000       2.20644e-20       2.20644e-20
  23.3000000       2.23544e-20       2.23544e-20
  23.4000000       2.26449e-20       2.26449e-20
  23.5000000       2.29353e-20       2.29353e-20
  23.6000000       2.32258e-20       2.32258e-20
  23.7000000       2.35222e-20       2.35222e-20
  23.8000000       2.38236e-20       2.38236e-20
  23.9000000       2.41251e-20       2.41251e-20
  24.0000000       2.44265e-20       2.44265e-20
  24.1000000       2.47284e-20       2.47284e-20
  24.2000000       2.50389e-20       2.50389e-20
  24.3000000       2.53529e-20       2.53529e-20
  24.4000000       2.56669e-20       2.56669e-20
  24.5000000       2.59809e-20       2.59809e-20
  24.6000000       2.62959e-20       2.62959e-20
  24.7000000       2.66211e-20       2.66211e-20
  24.8000000       2.69490e-20       2.69490e-20
  24.9000000       2.72768e-20       2.72768e-20
  25.0000000       2.76046e-20       2.76046e-20
  25.1000000       2.79336e-20       2.79336e-20
  25.2000000       2.82724e-20       2.82724e-20
  25.3000000       2.86135e-20       2.86135e-20
  25.4000000       2.89546e-20       2.89546e-20
  25.5000000       2.92957e-20       2.92957e-20
  25.6000000       2.96376e-20       2.96376e-20
  25.7000000       2.99901e-20       2.99901e-20
  25.8000000       3.03456e-20       3.03456e-20
  25.9000000       3.07012e-20       3.07012e-20
  26.0000000       3.10568e-20       3.10568e-20
  26.1000000       3.14125e-20       3.14125e-20
  26.2000000       3.17771e-20       3.17771e-20
  26.3000000       3.21465e-20       3.21465e-20
  26.4000000       3.25159e-20       3.25159e-20
  26.5000000       3.28853e-20       3.28853e-20
  26.6000000       3.32547e-20       3.32547e-20
  26.7000000       3.36300e-20       3.36300e-20
  26.8000000       3.40142e-20       3.40142e-20
  26.9000000       3.43985e-20       3.43985e-20
  27.0000000       3.47829e-20       3.47829e-20
  27.1000000       3.51672e-20       3.51672e-20
  27.2000000       3.55536e-20       3.55536e-20
  27.3000000       3.59520e-20       3.59520e-20
  27.4000000       3.63523e-20       3.63523e-20
  27.5000000       3.67527e-20       3.67527e-20
  27.6000000       3.71531e-20       3.71531e-20
  27.7000000       3.75534e-20       3.75534e-20
  27.8000000       3.79616e-20       3.79616e-20
  27.9000000       3.83773e-20       3.83773e-20
  28.0000000       3.87930e-20       3.87930e-20
  28.1000000       3.92087e-20       3.92087e-20
  28.2000000       3.96244e-20       3.96244e-20
  28.3000000       4.00416e-20       4.00416e-20
  28.4000000       4.04720e-20       4.04720e-20
  28.5000000       4.09057e-20       4.09057e-20
  28.6000000       4.13393e-20       4.13393e-20
  28.7000000       4.17729e-20       4.17729e-20
  28.8000000       4.22066e-20       4.22066e-20
  28.9000000       4.26442e-20       4.26442e-20
  29.0000000       4.30941e-20       4.30941e-20
  29.1000000       4.35448e-20       4.35448e-20
  29.2000000       4.39956e-20       4.39956e-20
  29.3000000       4.44463e-20       4.44463e-20
  29.4000000       4.48970e-20       4.48970e-20
  29.5000000       4.53543e-20       4.53543e-20
  29.6000000       4.58228e-20       4.58228e-20
  29.7000000       4.62916e-20       4.62916e-20
  29.8000000       4.67603e-20       4.67603e-20
  29.9000000       4.72291e-20       4.72291e-20
  30.0000000       4.76978e-20       4.76978e-20
  30.1000000       4.81748e-20       4.81748e-20
  30.2000000       4.86638e-20       4.86638e-20
  30.3000000       4.91529e-20       4.91529e-20
  30.4000000       4.96421e-20       4.96421e-20
  30.5000000       5.01312e-20       5.01312e-20
  30.6000000       5.06203e-20       5.06203e-20
  30.7000000       5.11160e-20       5.11160e-20
  30.8000000       5.16241e-20       5.16241e-20
  30.9000000       5.21325e-20       5.21325e-20
  31.0000000       5.26409e-20       5.26409e-20
  31.1000000       5.31493e-20       5.31493e-20
  31.2000000       5.36577e-20       5.36577e-20
  31.3000000       5.41704e-20       5.41704e-20
  31.4000000       5.46990e-20       5.46990e-20
  31.5000000       5.52290e-20       5.52290e-20
  31.6000000       5.57591e-20       5.57591e-20
  31.7000000       5.62892e-20       5.62892e-20
  31.8000000       5.68192e-20       5.68192e-20
  31.9000000       5.73503e-20       5.73503e-20
  32.0000000       5.78960e-20       5.78960e-20
  32.1000000       5.84465e-20       5.84465e-20
  32.2000000       5.89971e-20       5.89971e-20
  32.3000000       5.95476e-20       5.95476e-20
  32.4000000       6.00982e-20       6.00982e-20
  32.5000000       6.06487e-20       6.06487e-20
  32.6000000       6.12077e-20       6.12077e-20
  32.7000000       6.17805e-20       6.17805e-20
  32.8000000       6.23535e-20       6.23535e-20
  32.9000000       6.29265e-20       6.29265e-20
  33.0000000       6.34996e-20       6.34996e-20
  33.1000000       6.40726e-20       6.40726e-20
  33.2000000       6.46466e-20       6.46466e-20
  33.3000000       6.52379e-20       6.52379e-20
  33.4000000       6.58354e-20       6.58354e-20
  33.5000000       6.64329e-20       6.64329e-20
  33.6000000       6.70304e-20       6.70304e-20
  33.7000000       6.76280e-20       6.76280e-20
  33.8000000       6.82255e-20       6.82255e-20
  33.9000000       6.88268e-20       6.88268e-20
  34.0000000       6.94455e-20       6.94455e-20
  34.1000000       7.00663e-20       7.00663e-20
  34.2000000       7.06871e-20       7.06871e-20
  34.3000000       7.13079e-20       7.13079e-20
  34.4000000       7.19287e-20       7.19287e-20
  34.5000000       7.25495e-20       7.25495e-20
  34.6000000       7.31772e-20       7.31772e-20
  34.7000000       7.38232e-20       7.38232e-20
  34.8000000       7.44702e-20       7.44702e-20
  34.9000000       7.51172e-20       7.51172e-20
  35.0000000       7.57643e-20       7.57643e-20
  35.1000000       7.64113e-20       7.64113e-20
  35.2000000       7.70583e-20       7.70583e-20
  35.3000000       7.77122e-20       7.77122e-20
  35.4000000       7.83835e-20       7.83835e-20
  35.5000000       7.90557e-20       7.90557e-20
  35.6000000       7.97279e-20       7.97279e-20
  35.7000000       8.04001e-20       8.04001e-20
  35.8000000       8.10723e-20       8.10723e-20
  35.9000000       8.17444e-20       8.17444e-20
  36.0000000       8.24219e-20       8.24219e-20
  36.1000000       8.31200e-20       8.31200e-20
  36.2000000       8.38201e-20       8.38201e-20
  36.3000000       8.45202e-20       8.45202e-20
  36.4000000       8.52204e-20       8.52204e-20
  36.5000000       8.59205e-20       8.59205e-20
  36.6000000       8.66206e-20       8.66206e-20
  36.7000000       8.73225e-20       8.73225e-20
  36.8000000       8.80456e-20       8.80456e-20
  36.9000000       8.87750e-20       8.87750e-20
  37.0000000       8.95044e-20       8.95044e-20
  37.1000000       9.02338e-20       9.02338e-20
  37.2000000       9.09632e-20       9.09632e-20
  37.3000000       9.16926e-20       9.16926e-20
  37.4000000       9.24221e-20       9.24221e-20
  37.5000000       9.29136e-20       9.29136e-20
  37.6000000       9.30909e-20       9.30909e-20
  37.7000000       9.32667e-20       9.32667e-20
  37.8000000       9.34426e-20       9.34426e-20
  37.9000000       9.36184e-20       9.36184e-20
  38.0000000       9.37942e-20       9.37942e-20
  38.1000000       9.39701e-20       9.39701e-20
  38.2000000       9.41459e-20       9.41459e-20
  38.3000000       9.43217e-20       9.43217e-20
  38.4000000       9.44976e-20       9.44976e-20
  38.5000000       9.46734e-20       9.46734e-20
  38.6000000       9.48492e-20       9.48492e-20
  38.7000000       9.50251e-20       9.50251e-20
  38.8000000       9.52009e-20       9.52009e-20
  38.9000000       9.53767e-20       9.53767e-20
  39.0000000       9.55526e-20       9.55526e-20
  39.1000000       9.57284e-20       9.57284e-20
  39.2000000       9.59042e-20       9.59042e-20
  39.3000000       9.60801e-20       9.60801e-20
  39.4000000       9.62559e-20       9.62559e-20
  39.5000000       9.64317e-20       9.64317e-20
  39.6000000       9.66076e-20       9.66076e-20
  39.7000000       9.67834e-20       9.67834e-20
  39.8000000       9.69592e-20       9.69592e-20
  39.9000000       9.71351e-20       9.71351e-20
  40.0000000       9.73109e-20       9.73109e-20
  40.1000000       9.74867e-20       9.74867e-20
  40.2000000       9.76626e-20       9.76626e-20
  40.3000000       9.78384e-20       9.78384e-20
  40.4000000       9.80142e-20       9.80142e-20
  40.5000000       9.81901e-20       9.81901e-20
  40.6000000       9.83659e-20       9.83659e-20
  40.7000000       9.85417e-20       9.85417e-20
  40.8000000       9.87251e-20       9.87251e-20
  40.9000000       9.89392e-20       9.89392e-20
  41.0000000       9.91567e-20       9.91567e-20
  41.1000000       9.93742e-20       9.93742e-20
  41.2000000       9.95916e-20       9.95916e-20
  41.3000000       9.98091e-20       9.98091e-20
  41.4000000       1.00027e-19       1.00027e-19
  41.5000000       1.00244e-19       1.00244e-19
  41.6000000       1.00462e-19       1.00462e-19
  41.7000000       1.00679e-19       1.00679e-19
  41.8000000       1.00896e-19       1.00896e-19
  41.9000000       1.01114e-19       1.01114e-19
  42.0000000       1.01331e-19       1.01331e-19
  42.1000000       1.01549e-19       1.01549e-19
  42.2000000       1.01766e-19       1.01766e-19
  42.3000000       1.01984e-19       1.01984e-19
  42.4000000       1.02201e-19       1.02201e-19
  42.5000000       1.02419e-19       1.02419e-19
  42.6000000       1.02636e-19       1.02636e-19
  42.7000000       1.02854e-19       1.02854e-19
  42.8000000       1.03071e-19       1.03071e-19
  42.9000000       1.03289e-19       1.03289e-19
  43.0000000       1.03506e-19       1.03506e-19
  43.1000000       1.03724e-19       1.03724e-19
  43.2000000       1.03941e-19       1.03941e-19
  43.3000000       1.04159e-19       1.04159e-19
  43.4000000       1.04376e-19       1.04376e-19
  43.5000000       1.04594e-19       1.04594e-19
  43.6000000       1.04811e-19       1.04811e-19
  43.7000000       1.05028e-19       1.05028e-19
  43.8000000       1.05246e-19       1.05246e-19
  43.9000000       1.05463e-19       1.05463e-19
  44.0000000       1.05681e-19       1.05681e-19
  44.1000000       1.05898e-19       1.05898e-19
  44.2000000       1.06116e-19       1.06116e-19
  44.3000000       1.06333e-19       1.06333e-19
  44.4000000       1.06551e-19       1.06551e-19
  44.5000000       1.06768e-19       1.06768e-19
  44.6000000       1.06986e-19       1.06986e-19
  44.7000000       1.07203e-19       1.07203e-19
  44.8000000       1.07421e-19       1.07421e-19
  44.9000000       1.07638e-19       1.07638e-19
  45.0000000       1.07856e-19       1.07856e-19
  45.1000000       1.08073e-19       1.08073e-19
  45.2000000       1.08291e-19       1.08291e-19
  45.3000000       1.08508e-19       1.08508e-19
  45.4000000       1.08726e-19       1.08726e-19
  45.5000000       1.08943e-19       1.08943e-19
  45.6000000       1.09160e-19       1.09160e-19
  45.7000000       1.09378e-19       1.09378e-19
  45.8000000       1.09595e-19       1.09595e-19
  45.9000000       1.09813e-19       1.09813e-19
  46.0000000       1.10030e-19       1.10030e-19
  46.1000000       1.10248e-19       1.10248e-19
  46.2000000       1.10465e-19       1.10465e-19
  46.3000000       1.10683e-19       1.10683e-19
  46.4000000       1.10900e-19       1.10900e-19
  46.5000000       1.11118e-19       1.11118e-19
  46.6000000       1.11335e-19       1.11335e-19
  46.7000000       1.11553e-19       1.11553e-19
  46.8000000       1.11770e-19       1.11770e-19
  46.9000000       1.11988e-19       1.11988e-19
  47.0000000       1.12205e-19       1.12205e-19
  47.1000000       1.12423e-19       1.12423e-19
  47.2000000       1.12640e-19       1.12640e-19
  47.3000000       1.12858e-19       1.12858e-19
  47.4000000       1.13075e-19       1.13075e-19
  47.5000000       1.13292e-19       1.13292e-19
  47.6000000       1.13510e-19       1.13510e-19
  47.7000000       1.13727e-19       1.13727e-19
  47.8000000       1.13945e-19       1.13945e-19
  47.9000000       1.14162e-19       1.14162e-19
  48.0000000       1.14380e-19       1.14380e-19
  48.1000000       1.14597e-19       1.14597e-19
  48.2000000       1.14815e-19       1.14815e-19
  48.3000000       1.15032e-19       1.15032e-19
  48.4000000       1.15250e-19       1.15250e-19
  48.5000000       1.15467e-19       1.15467e-19
  48.6000000       1.15685e-19       1.15685e-19
  48.7000000       1.15902e-19       1.15902e-19
  48.8000000       1.16120e-19       1.16120e-19
  48.9000000       1.16337e-19       1.16337e-19
  49.0000000       1.16555e-19       1.16555e-19
  49.1000000       1.16772e-19       1.16772e-19
  49.2000000       1.16990e-19       1.16990e-19
  49.3000000       1.17207e-19       1.17207e-19
  49.4000000       1.17424e-19       1.17424e-19
  49.5000000       1.17642e-19       1.17642e-19
  49.6000000       1.17859e-19       1.17859e-19
  49.7000000       1.18077e-19       1.18077e-19
  49.8000000       1.18294e-19       1.18294e-19
  49.9000000       1.18512e-19       1.18512e-19
  50.0000000       1.18729e-19       1.18729e-19
  50.1000000       1.18947e-19       1.18947e-19
  50.2000000       1.19164e-19       1.19164e-19
  50.3000000       1.19382e-19       1.19382e-19
  50.4000000       1.19599e-19       1.19599e-19
  50.5000000       1.19817e-19       1.19817e-19
  50.6000000       1.20034e-19       1.20034e-19
  50.7000000       1.20252e-19       1.20252e-19
  50.8000000       1.20469e-19       1.20469e-19
  50.9000000       1.20687e-19       1.20687e-19
  51.0000000       1.20904e-19       1.20904e-19
  51.1000000       1.21121e-19       1.21121e-19
  51.2000000       1.21339e-19       1.21339e-19
  51.3000000       1.21556e-19       1.21556e-19
  51.4000000       1.21774e-19       1.21774e-19
  51.5000000       1.21991e-19       1.21991e-19
  51.6000000       1.22209e-19       1.22209e-19
  51.7000000       1.22426e-19       1.22426e-19
  51.8000000       1.22644e-19       1.22644e-19
  51.9000000       1.22861e-19       1.22861e-19
  52.0000000       1.23079e-19       1.23079e-19
  52.1000000       1.23296e-19       1.23296e-19
  52.2000000       1.23514e-19       1.23514e-19
  52.3000000       1.23731e-19       1.23731e-19
  52.4000000       1.23949e-19       1.23949e-19
  52.5000000       1.24166e-19       1.24166e-19
  52.6000000       1.24384e-19       1.24384e-19
  52.7000000       1.24601e-19       1.24601e-19
  52.8000000       1.24819e-19       1.24819e-19
  52.9000000       1.25036e-19       1.25036e-19
  53.0000000       1.25253e-19       1.25253e-19
  53.1000000       1.25471e-19       1.25471e-19
  53.2000000       1.25688e-19       1.25688e-19
  53.3000000       1.25906e-19       1.25906e-19
  53.4000000       1.26123e-19       1.26123e-19
  53.5000000       1.26341e-19       1.26341e-19
  53.6000000       1.26558e-19       1.26558e-19
  53.7000000       1.26776e-19       1.26776e-19
  53.8000000       1.26993e-19       1.26993e-19
  53.9000000       1.27211e-19       1.27211e-19
  54.0000000       1.27428e-19       1.27428e-19
  54.1000000       1.27646e-19       1.27646e-19
  54.2000000       1.27863e-19       1.27863e-19
  54.3000000       1.28081e-19       1.28081e-19
  54.4000000       1.28298e-19       1.28298e-19
  54.5000000       1.28516e-19       1.28516e-19
  54.6000000       1.28733e-19       1.28733e-19
  54.7000000       1.28951e-19       1.28951e-19
  54.8000000       1.29168e-19       1.29168e-19
  54.9000000       1.29385e-19       1.29385e-19
  55.0000000       1.29603e-19       1.29603e-19
  55.1000000       1.29820e-19       1.29820e-19
  55.2000000       1.30038e-19       1.30038e-19
  55.3000000       1.30255e-19       1.30255e-19
  55.4000000       1.30473e-19       1.30473e-19
  55.5000000       1.30690e-19       1.30690e-19
  55.6000000       1.30908e-19       1.30908e-19
  55.7000000       1.31196e-19       1.31196e-19
  55.8000000       1.31535e-19       1.31535e-19
  55.9000000       1.31875e-19       1.31875e-19
  56.0000000       1.32214e-19       1.32214e-19
  56.1000000       1.32554e-19       1.32554e-19
  56.2000000       1.32893e-19       1.32893e-19
  56.3000000       1.33233e-19       1.33233e-19
  56.4000000       1.33573e-19       1.33573e-19
  56.5000000       1.33912e-19       1.33912e-19
  56.6000000       1.34252e-19       1.34252e-19
  56.7000000       1.34591e-19       1.34591e-19
  56.8000000       1.34931e-19       1.34931e-19
  56.9000000       1.35270e-19       1.35270e-19
  57.0000000       1.35610e-19       1.35610e-19
  57.1000000       1.35950e-19       1.35950e-19
  57.2000000       1.36289e-19       1.36289e-19
  57.3000000       1.36629e-19       1.36629e-19
  57.4000000       1.36968e-19       1.36968e-19
  57.5000000       1.37308e-19       1.37308e-19
  57.6000000       1.37647e-19       1.37647e-19
  57.7000000       1.37987e-19       1.37987e-19
  57.8000000       1.38326e-19       1.38326e-19
  57.9000000       1.38666e-19       1.38666e-19
  58.0000000       1.39006e-19       1.39006e-19
  58.1000000       1.39345e-19       1.39345e-19
  58.2000000       1.39685e-19       1.39685e-19
  58.3000000       1.40024e-19       1.40024e-19
  58.4000000       1.40364e-19       1.40364e-19
  58.5000000       1.40703e-19       1.40703e-19
  58.6000000       1.41043e-19       1.41043e-19
  58.7000000       1.41383e-19       1.41383e-19
  58.8000000       1.41722e-19       1.41722e-19
  58.9000000       1.42062e-19       1.42062e-19
  59.0000000       1.42401e-19       1.42401e-19
  59.1000000       1.42741e-19       1.42741e-19
  59.2000000       1.43080e-19       1.43080e-19
  59.3000000       1.43420e-19       1.43420e-19
  59.4000000       1.43760e-19       1.43760e-19
  59.5000000       1.44099e-19       1.44099e-19
  59.6000000       1.44439e-19       1.44439e-19
  59.7000000       1.44778e-19       1.44778e-19
  59.8000000       1.45118e-19       1.45118e-19
  59.9000000       1.45457e-19       1.45457e-19
  60.0000000       1.45797e-19       1.45797e-19
  60.1000000       1.46136e-19       1.46136e-19
  60.2000000       1.46476e-19       1.46476e-19
  60.3000000       1.46816e-19       1.46816e-19
  60.4000000       1.47155e-19       1.47155e-19
  60.5000000       1.47495e-19       1.47495e-19
  60.6000000       1.47834e-19       1.47834e-19
  60.7000000       1.48174e-19       1.48174e-19
  60.8000000       1.48513e-19       1.48513e-19
  60.9000000       1.48853e-19       1.48853e-19
  61.0000000       1.49193e-19       1.49193e-19
  61.1000000       1.49532e-19       1.49532e-19
  61.2000000       1.49872e-19       1.49872e-19
  61.3000000       1.50211e-19       1.50211e-19
  61.4000000       1.50551e-19       1.50551e-19
  61.5000000       1.50890e-19       1.50890e-19
  61.6000000       1.51230e-19       1.51230e-19
  61.7000000       1.51570e-19       1.51570e-19
  61.8000000       1.51909e-19       1.51909e-19
  61.9000000       1.52249e-19       1.52249e-19
  62.0000000       1.52588e-19       1.52588e-19
  62.1000000       1.52928e-19       1.52928e-19
  62.2000000       1.53267e-19       1.53267e-19
  62.3000000       1.53607e-19       1.53607e-19
  62.4000000       1.53946e-19       1.53946e-19
  62.5000000       1.54286e-19       1.54286e-19
  62.6000000       1.54626e-19       1.54626e-19
  62.7000000       1.54965e-19       1.54965e-19
  62.8000000       1.55305e-19       1.55305e-19
  62.9000000       1.55644e-19       1.55644e-19
  63.0000000       1.55984e-19       1.55984e-19
  63.1000000       1.56323e-19       1.56323e-19
  63.2000000       1.56663e-19       1.56663e-19
  63.3000000       1.57006e-19       1.57006e-19
  63.4000000       1.57463e-19       1.57463e-19
  63.5000000       1.57973e-19       1.57973e-19
  63.6000000       1.58482e-19       1.58482e-19
  63.7000000       1.58991e-19       1.58991e-19
  63.8000000       1.59501e-19       1.59501e-19
  63.9000000       1.60010e-19       1.60010e-19
  64.0000000       1.60519e-19       1.60519e-19
  64.1000000       1.61029e-19       1.61029e-19
  64.2000000       1.61538e-19       1.61538e-19
  64.3000000       1.62047e-19       1.62047e-19
  64.4000000       1.62557e-19       1.62557e-19
  64.5000000       1.63066e-19       1.63066e-19
  64.6000000       1.63575e-19       1.63575e-19
  64.7000000       1.64085e-19       1.64085e-19
  64.8000000       1.64594e-19       1.64594e-19
  64.9000000       1.65103e-19       1.65103e-19
  65.0000000       1.65613e-19       1.65613e-19
  65.1000000       1.66122e-19       1.66122e-19
  65.2000000       1.66631e-19       1.66631e-19
  65.3000000       1.67141e-19       1.67141e-19
  65.4000000       1.67650e-19       1.67650e-19
  65.5000000       1.68160e-19       1.68160e-19
  65.6000000       1.68669e-19       1.68669e-19
  65.7000000       1.69178e-19       1.69178e-19
  65.8000000       1.69688e-19       1.69688e-19
  65.9000000       1.70197e-19       1.70197e-19
  66.0000000       1.70706e-19       1.70706e-19
  66.1000000       1.71216e-19       1.71216e-19
  66.2000000       1.71725e-19       1.71725e-19
  66.3000000       1.72234e-19       1.72234e-19
  66.4000000       1.72744e-19       1.72744e-19
  66.5000000       1.73253e-19       1.73253e-19
  66.6000000       1.73762e-19       1.73762e-19
  66.7000000       1.74272e-19       1.74272e-19
  66.8000000       1.74781e-19       1.74781e-19
  66.9000000       1.75290e-19       1.75290e-19
  67.0000000       1.75800e-19       1.75800e-19
  67.1000000       1.76309e-19       1.76309e-19
  67.2000000       1.76818e-19       1.76818e-19
  67.3000000       1.77328e-19       1.77328e-19
  67.4000000       1.77837e-19       1.77837e-19
  67.5000000       1.78346e-19       1.78346e-19
  67.6000000       1.78856e-19       1.78856e-19
  67.7000000       1.79365e-19       1.79365e-19
  67.8000000       1.79875e-19       1.79875e-19
  67.9000000       1.80384e-19       1.80384e-19
  68.0000000       1.80893e-19       1.80893e-19
  68.1000000       1.81403e-19       1.81403e-19
  68.2000000       1.81912e-19       1.81912e-19
  68.3000000       1.82421e-19       1.82421e-19
  68.4000000       1.82931e-19       1.82931e-19
  68.5000000       1.83440e-19       1.83440e-19
  68.6000000       1.83949e-19       1.83949e-19
  68.7000000       1.84459e-19       1.84459e-19
  68.8000000       1.84968e-19       1.84968e-19
  68.9000000       1.85477e-19       1.85477e-19
  69.0000000       1.85987e-19       1.85987e-19
  69.1000000       1.86496e-19       1.86496e-19
  69.2000000       1.87005e-19       1.87005e-19
  69.3000000       1.87515e-19       1.87515e-19
  69.4000000       1.88024e-19       1.88024e-19
  69.5000000       1.88533e-19       1.88533e-19
  69.6000000       1.89043e-19       1.89043e-19
  69.7000000       1.89552e-19       1.89552e-19
  69.8000000       1.90062e-19       1.90062e-19
  69.9000000       1.90571e-19       1.90571e-19
  70.0000000       1.91080e-19       1.91080e-19
  70.1000000       1.91590e-19       1.91590e-19
  70.2000000       1.92099e-19       1.92099e-19
  70.3000000       1.92608e-19       1.92608e-19
  70.4000000       1.93118e-19       1.93118e-19
  70.5000000       1.93627e-19       1.93627e-19
  70.6000000       1.94136e-19       1.94136e-19
  70.7000000       1.94646e-19       1.94646e-19
  70.8000000       1.95155e-19       1.95155e-19
  70.9000000       1.95664e-19       1.95664e-19
  71.0000000       1.96174e-19       1.96174e-19
  71.1000000       1.96683e-19       1.96683e-19
  71.2000000       1.97192e-19       1.97192e-19
  71.3000000       1.97702e-19       1.97702e-19
  71.4000000       1.98211e-19       1.98211e-19
  71.5000000       1.98720e-19       1.98720e-19
  71.6000000       1.99230e-19       1.99230e-19
  71.7000000       1.99739e-19       1.99739e-19
  71.8000000       2.00249e-19       2.00249e-19
  71.9000000       2.00758e-19       2.00758e-19
  72.0000000       2.01267e-19       2.01267e-19
  72.1000000       2.01777e-19       2.01777e-19
  72.2000000       2.02286e-19       2.02286e-19
  72.3000000       2.02795e-19       2.02795e-19
  72.4000000       2.03305e-19       2.03305e-19
  72.5000000       2.03814e-19       2.03814e-19
  72.6000000       2.04323e-19       2.04323e-19
  72.7000000       2.04833e-19       2.04833e-19
  72.8000000       2.05342e-19       2.05342e-19
  72.9000000       2.05851e-19       2.05851e-19
  73.0000000       2.06361e-19       2.06361e-19
  73.1000000       2.06870e-19       2.06870e-19
  73.2000000       2.07379e-19       2.07379e-19
  73.3000000       2.07889e-19       2.07889e-19
  73.4000000       2.08398e-19       2.08398e-19
  73.5000000       2.08952e-19       2.08952e-19
  73.6000000       2.09629e-19       2.09629e-19
  73.7000000       2.10313e-19       2.10313e-19
  73.8000000       2.10997e-19       2.10997e-19
  73.9000000       2.11682e-19       2.11682e-19
  74.0000000       2.12366e-19       2.12366e-19
  74.1000000       2.13050e-19       2.13050e-19
  74.2000000       2.13735e-19       2.13735e-19
  74.3000000       2.14419e-19       2.14419e-19
  74.4000000       2.15103e-19       2.15103e-19
  74.5000000       2.15787e-19       2.15787e-19
  74.6000000       2.16472e-19       2.16472e-19
  74.7000000       2.17156e-19       2.17156e-19
  74.8000000       2.17840e-19       2.17840e-19
  74.9000000       2.18525e-19       2.18525e-19
  75.0000000       2.19209e-19       2.19209e-19
  75.1000000       2.19893e-19       2.19893e-19
  75.2000000       2.20578e-19       2.20578e-19
  75.3000000       2.21262e-19       2.21262e-19
  75.4000000       2.21946e-19       2.21946e-19
  75.5000000       2.22631e-19       2.22631e-19
  75.6000000       2.23315e-19       2.23315e-19
  75.7000000       2.23999e-19       2.23999e-19
  75.8000000       2.24684e-19       2.24684e-19
  75.9000000       2.25368e-19       2.25368e-19
  76.0000000       2.26052e-19       2.26052e-19
  76.1000000       2.26736e-19       2.26736e-19
  76.2000000       2.27421e-19       2.27421e-19
  76.3000000       2.28105e-19       2.28105e-19
  76.4000000       2.28789e-19       2.28789e-19
  76.5000000       2.29474e-19       2.29474e-19
  76.6000000       2.30158e-19       2.30158e-19
  76.7000000       2.30842e-19       2.30842e-19
  76.8000000       2.31527e-19       2.31527e-19
  76.9000000       2.32211e-19       2.32211e-19
  77.0000000       2.32895e-19       2.32895e-19
  77.1000000       2.33580e-19       2.33580e-19
  77.2000000       2.34264e-19       2.34264e-19
  77.3000000       2.34948e-19       2.34948e-19
  77.4000000       2.35632e-19       2.35632e-19
  77.5000000       2.36317e-19       2.36317e-19
  77.6000000       2.37001e-19       2.37001e-19
  77.7000000       2.37685e-19       2.37685e-19
  77.8000000       2.38370e-19       2.38370e-19
  77.9000000       2.39054e-19       2.39054e-19
  78.0000000       2.39738e-19       2.39738e-19
  78.1000000       2.40423e-19       2.40423e-19
  78.2000000       2.41107e-19       2.41107e-19
  78.3000000       2.41791e-19       2.41791e-19
  78.4000000       2.42476e-19       2.42476e-19
  78.5000000       2.43160e-19       2.43160e-19
  78.6000000       2.43844e-19       2.43844e-19
  78.7000000       2.44528e-19       2.44528e-19
  78.8000000       2.45213e-19       2.45213e-19
  78.9000000       2.45897e-19       2.45897e-19
  79.0000000       2.46581e-19       2.46581e-19
  79.1000000       2.47266e-19       2.47266e-19
  79.2000000       2.47950e-19       2.47950e-19
  79.3000000       2.48634e-19       2.48634e-19
  79.4000000       2.49319e-19       2.49319e-19
  79.5000000       2.50003e-19       2.50003e-19
  79.6000000       2.50687e-19       2.50687e-19
  79.7000000       2.51372e-19       2.51372e-19
  79.8000000       2.52056e-19       2.52056e-19
  79.9000000       2.52740e-19       2.52740e-19
  80.0000000       2.53425e-19       2.53425e-19
  80.1000000       2.54109e-19       2.54109e-19
  80.2000000       2.54793e-19       2.54793e-19
  80.3000000       2.55477e-19       2.55477e-19
  80.4000000       2.56162e-19       2.56162e-19
  80.5000000       2.56846e-19       2.56846e-19
  80.6000000       2.57530e-19       2.57530e-19
  80.7000000       2.58215e-19       2.58215e-19
  80.8000000       2.58899e-19       2.58899e-19
  80.9000000       2.59583e-19       2.59583e-19
  81.0000000       2.60268e-19       2.60268e-19
  81.1000000       2.60952e-19       2.60952e-19
  81.2000000       2.61636e-19       2.61636e-19
  81.3000000       2.62369e-19       2.62369e-19
  81.4000000       2.63364e-19       2.63364e-19
  81.5000000       2.64397e-19       2.64397e-19
  81.6000000       2.65430e-19       2.65430e-19
  81.7000000       2.66463e-19       2.66463e-19
  81.8000000       2.67496e-19       2.67496e-19
  81.9000000       2.68529e-19       2.68529e-19
  82.0000000       2.69562e-19       2.69562e-19
  82.1000000       2.70594e-19       2.70594e-19
  82.2000000       2.71627e-19       2.71627e-19
  82.3000000       2.72660e-19       2.72660e-19
  82.4000000       2.73693e-19       2.73693e-19
  82.5000000       2.74726e-19       2.74726e-19
  82.6000000       2.75759e-19       2.75759e-19
  82.7000000       2.76792e-19       2.76792e-19
  82.8000000       2.77825e-19       2.77825e-19
  82.9000000       2.78858e-19       2.78858e-19
  83.0000000       2.79891e-19       2.79891e-19
  83.1000000       2.80924e-19       2.80924e-19
  83.2000000       2.81957e-19       2.81957e-19
  83.3000000       2.82990e-19       2.82990e-19
  83.4000000       2.84023e-19       2.84023e-19
  83.5000000       2.85056e-19       2.85056e-19
  83.6000000       2.86088e-19       2.86088e-19
  83.7000000       2.87121e-19       2.87121e-19
  83.8000000       2.88154e-19       2.88154e-19
  83.9000000       2.89187e-19       2.89187e-19
  84.0000000       2.90220e-19       2.90220e-19
  84.1000000       2.91253e-19       2.91253e-19
  84.2000000       2.92286e-19       2.92286e-19
  84.3000000       2.93319e-19       2.93319e-19
  84.4000000       2.94352e-19       2.94352e-19
  84.5000000       2.95385e-19       2.95385e-19
  84.6000000       2.96418e-19       2.96418e-19
  84.7000000       2.97451e-19       2.97451e-19
  84.8000000       2.98484e-19       2.98484e-19
  84.9000000       2.99517e-19       2.99517e-19
  85.0000000       3.00550e-19       3.00550e-19
  85.1000000       3.01583e-19       3.01583e-19
  85.2000000       3.02615e-19       3.02615e-19
  85.3000000       3.03648e-19       3.03648e-19
  85.4000000       3.04681e-19       3.04681e-19
  85.5000000       3.05714e-19       3.05714e-19
  85.6000000       3.06747e-19       3.06747e-19
  85.7000000       3.07780e-19       3.07780e-19
  85.8000000       3.08813e-19       3.08813e-19
  85.9000000       3.09846e-19       3.09846e-19
  86.0000000       3.10879e-19       3.10879e-19
  86.1000000       3.11912e-19       3.11912e-19
  86.2000000       3.12945e-19       3.12945e-19
  86.3000000       3.13978e-19       3.13978e-19
  86.4000000       3.15011e-19       3.15011e-19
  86.5000000       3.16044e-19       3.16044e-19
  86.6000000       3.17077e-19       3.17077e-19
  86.7000000       3.18109e-19       3.18109e-19
  86.8000000       3.19142e-19       3.19142e-19
  86.9000000       3.20175e-19       3.20175e-19
  87.0000000       3.21208e-19       3.21208e-19
  87.1000000       3.22241e-19       3.22241e-19
  87.2000000       3.23274e-19       3.23274e-19
  87.3000000       3.24307e-19       3.24307e-19
  87.4000000       3.25340e-19       3.25340e-19
  87.5000000       3.26373e-19       3.26373e-19
  87.6000000       3.27406e-19       3.27406e-19
  87.7000000       3.28439e-19       3.28439e-19
  87.8000000       3.29472e-19       3.29472e-19
  87.9000000       3.30505e-19       3.30505e-19
  88.0000000       3.31538e-19       3.31538e-19
  88.1000000       3.32571e-19       3.32571e-19
  88.2000000       3.33604e-19       3.33604e-19
  88.3000000       3.34636e-19       3.34636e-19
  88.4000000       3.35669e-19       3.35669e-19
  88.5000000       3.36702e-19       3.36702e-19
  88.6000000       3.37735e-19       3.37735e-19
  88.7000000       3.38768e-19       3.38768e-19
  88.8000000       3.39801e-19       3.39801e-19
  88.9000000       3.40834e-19       3.40834e-19
  89.0000000       3.41867e-19       3.41867e-19
  89.1000000       3.42900e-19       3.42900e-19
  89.2000000       3.43963e-19       3.43963e-19
  89.3000000       3.45265e-19       3.45265e-19
  89.4000000       3.46618e-19       3.46618e-19
  89.5000000       3.47971e-19       3.47971e-19
  89.6000000       3.49325e-19       3.49325e-19
  89.7000000       3.50678e-19       3.50678e-19
  89.8000000       3.52031e-19       3.52031e-19
  89.9000000       3.53384e-19       3.53384e-19
  90.0000000       3.54737e-19       3.54737e-19
  90.1000000       3.56090e-19       3.56090e-19
  90.2000000       3.57444e-19       3.57444e-19
  90.3000000       3.58797e-19       3.58797e-19
  90.4000000       3.60150e-19       3.60150e-19
  90.5000000       3.61503e-19       3.61503e-19
  90.6000000       3.62856e-19       3.62856e-19
  90.7000000       3.64209e-19       3.64209e-19
  90.8000000       3.65562e-19       3.65562e-19
  90.9000000       3.66916e-19       3.66916e-19
  91.0000000       3.68269e-19       3.68269e-19
  91.1000000       3.69622e-19       3.69622e-19
  91.2000000       3.70975e-19       3.70975e-19
  91.3000000       3.72328e-19       3.72328e-19
  91.4000000       3.73681e-19       3.73681e-19
  91.5000000       3.75035e-19       3.75035e-19
  91.6000000       3.76388e-19       3.76388e-19
  91.7000000       3.77741e-19       3.77741e-19
  91.8000000       3.79094e-19       3.79094e-19
  91.9000000       3.80447e-19       3.80447e-19
  92.0000000       3.81800e-19       3.81800e-19
  92.1000000       3.83153e-19       3.83153e-19
  92.2000000       3.84507e-19       3.84507e-19
  92.3000000       3.85860e-19       3.85860e-19
  92.4000000       3.87213e-19       3.87213e-19
  92.5000000       3.88566e-19       3.88566e-19
  92.6000000       3.89919e-19       3.89919e-19
  92.7000000       3.91272e-19       3.91272e-19
  92.8000000       3.92625e-19       3.92625e-19
  92.9000000       3.93979e-19       3.93979e-19
  93.0000000       3.95332e-19       3.95332e-19
  93.1000000       3.96685e-19       3.96685e-19
  93.2000000       3.98038e-19       3.98038e-19
  93.3000000       3.99391e-19       3.99391e-19
  93.4000000       4.00744e-19       4.00744e-19
  93.5000000       4.02098e-19       4.02098e-19
  93.6000000       4.03451e-19       4.03451e-19
  93.7000000       4.04804e-19       4.04804e-19
  93.8000000       4.06157e-19       4.06157e-19
  93.9000000       4.07510e-19       4.07510e-19
  94.0000000       4.08863e-19       4.08863e-19
  94.1000000       4.10216e-19       4.10216e-19
  94.2000000       4.11570e-19       4.11570e-19
  94.3000000       4.12923e-19       4.12923e-19
  94.4000000       4.14276e-19       4.14276e-19
  94.5000000       4.15629e-19       4.15629e-19
  94.6000000       4.16982e-19       4.16982e-19
  94.7000000       4.18335e-19       4.18335e-19
  94.8000000       4.19688e-19       4.19688e-19
  94.9000000       4.21042e-19       4.21042e-19
  95.0000000       4.22395e-19       4.22395e-19
  95.1000000       4.23748e-19       4.23748e-19
  95.2000000       4.25101e-19       4.25101e-19
  95.3000000       4.26454e-19       4.26454e-19
  95.4000000       4.27807e-19       4.27807e-19
  95.5000000       4.29161e-19       4.29161e-19
  95.6000000       4.30514e-19       4.30514e-19
  95.7000000       4.31867e-19       4.31867e-19
  95.8000000       4.33220e-19       4.33220e-19
  95.9000000       4.34573e-19       4.34573e-19
  96.0000000       4.35926e-19       4.35926e-19
  96.1000000       4.37279e-19       4.37279e-19
  96.2000000       4.38633e-19       4.38633e-19
  96.3000000       4.39986e-19       4.39986e-19
  96.4000000       4.41339e-19       4.41339e-19
  96.5000000       4.42692e-19       4.42692e-19
  96.6000000       4.44045e-19       4.44045e-19
  96.7000000       4.45398e-19       4.45398e-19
  96.8000000       4.46751e-19       4.46751e-19
  96.9000000       4.48105e-19       4.48105e-19
  97.0000000       4.49458e-19       4.49458e-19
  97.1000000       4.50811e-19       4.50811e-19
  97.2000000       4.52164e-19       4.52164e-19
  97.3000000       4.53517e-19       4.53517e-19
  97.4000000       4.54870e-19       4.54870e-19
  97.5000000       4.56224e-19       4.56224e-19
  97.6000000       4.57577e-19       4.57577e-19
  97.7000000       4.58930e-19       4.58930e-19
  97.8000000       4.60283e-19       4.60283e-19
  97.9000000       4.61636e-19       4.61636e-19
  98.0000000       4.62989e-19       4.62989e-19
  98.1000000       4.64342e-19       4.64342e-19
  98.2000000       4.65696e-19       4.65696e-19
  98.3000000       4.67049e-19       4.67049e-19
  98.4000000       4.68402e-19       4.68402e-19
  98.5000000       4.69755e-19       4.69755e-19
  98.6000000       4.71108e-19       4.71108e-19
  98.7000000       4.72461e-19       4.72461e-19
  98.8000000       4.73823e-19       4.73823e-19
  98.9000000       4.75327e-19       4.75327e-19
  99.0000000       4.76883e-19       4.76883e-19
  99.1000000       4.78439e-19       4.78439e-19
  99.2000000       4.79994e-19       4.79994e-19
  99.3000000       4.81550e-19       4.81550e-19
  99.4000000       4.83105e-19       4.83105e-19
  99.5000000       4.84661e-19       4.84661e-19
  99.6000000       4.86217e-19       4.86217e-19
  99.7000000       4.87772e-19       4.87772e-19
  99.8000000       4.89328e-19       4.89328e-19
  99.9000000       4.90884e-19       4.90884e-19
 100.0000000       4.92439e-19       4.92439e-19
 100.1000000       4.93995e-19       4.93995e-19
 100.2000000       4.95550e-19       4.95550e-19
 100.3000000       4.97106e-19       4.97106e-19
 100.4000000       4.98662e-19       4.98662e-19
 100.5000000       5.00217e-19       5.00217e-19
 100.6000000       5.01773e-19       5.01773e-19
 100.7000000       5.03328e-19       5.03328e-19
 100.8000000       5.04884e-19       5.04884e-19
 100.9000000       5.06440e-19       5.06440e-19
 101.0000000       5.07995e-19       5.07995e-19
 101.1000000       5.09551e-19       5.09551e-19
 101.2000000       5.11107e-19       5.11107e-19
 101.3000000       5.12662e-19       5.12662e-19
 101.4000000       5.14218e-19       5.14218e-19
 101.5000000       5.15773e-19       5.15773e-19
 101.6000000       5.17329e-19       5.17329e-19
 101.7000000       5.18885e-19       5.18885e-19
 101.8000000       5.20440e-19       5.20440e-19
 101.9000000       5.21996e-19       5.21996e-19
 102.0000000       5.23551e-19       5.23551e-19
 102.1000000       5.25107e-19       5.25107e-19
 102.2000000       5.26663e-19       5.26663e-19
 102.3000000       5.28218e-19       5.28218e-19
 102.4000000       5.29774e-19       5.29774e-19
 102.5000000       5.31330e-19       5.31330e-19
 102.6000000       5.32885e-19       5.32885e-19
 102.7000000       5.34441e-19       5.34441e-19
 102.8000000       5.35996e-19       5.35996e-19
 102.9000000       5.37552e-19       5.37552e-19
 103.0000000       5.39108e-19       5.39108e-19
 103.1000000       5.40663e-19       5.40663e-19
 103.2000000       5.42219e-19       5.42219e-19
 103.3000000       5.43774e-19       5.43774e-19
 103.4000000       5.45330e-19       5.45330e-19
 103.5000000       5.46886e-19       5.46886e-19
 103.6000000       5.48441e-19       5.48441e-19
 103.7000000       5.49997e-19       5.49997e-19
 103.8000000       5.51553e-19       5.51553e-19
 103.9000000       5.53108e-19       5.53108e-19
 104.0000000       5.54664e-19       5.54664e-19
 104.1000000       5.56219e-19       5.56219e-19
 104.2000000       5.57775e-19       5.57775e-19
 104.3000000       5.59331e-19       5.59331e-19
 104.4000000       5.60886e-19       5.60886e-19
 104.5000000       5.62442e-19       5.62442e-19
 104.6000000       5.63997e-19       5.63997e-19
 104.7000000       5.65553e-19       5.65553e-19
 104.8000000       5.67109e-19       5.67109e-19
 104.9000000       5.68664e-19       5.68664e-19
 105.0000000       5.70220e-19       5.70220e-19
 105.1000000       5.71776e-19       5.71776e-19
 105.2000000       5.73331e-19       5.73331e-19
 105.3000000       5.74887e-19       5.74887e-19
 105.4000000       5.76442e-19       5.76442e-19
 105.5000000       5.77998e-19       5.77998e-19
 105.6000000       5.79554e-19       5.79554e-19
 105.7000000       5.81109e-19       5.81109e-19
 105.8000000       5.82665e-19       5.82665e-19
 105.9000000       5.84220e-19       5.84220e-19
 106.0000000       5.85776e-19       5.85776e-19
 106.1000000       5.87332e-19       5.87332e-19
 106.2000000       5.88887e-19       5.88887e-19
 106.3000000       5.90443e-19       5.90443e-19
 106.4000000       5.91999e-19       5.91999e-19
 106.5000000       5.93554e-19       5.93554e-19
 106.6000000       5.95110e-19       5.95110e-19
 106.7000000       5.96665e-19       5.96665e-19
 106.8000000       5.98221e-19       5.98221e-19
 106.9000000       5.99777e-19       5.99777e-19
 107.0000000       6.01332e-19       6.01332e-19
 107.1000000       6.02888e-19       6.02888e-19
 107.2000000       6.04443e-19       6.04443e-19
 107.3000000       6.05999e-19       6.05999e-19
 107.4000000       6.07555e-19       6.07555e-19
 107.5000000       6.09110e-19       6.09110e-19
 107.6000000       6.10666e-19       6.10666e-19
 107.7000000       6.12222e-19       6.12222e-19
 107.8000000       6.13777e-19       6.13777e-19
 107.9000000       6.15333e-19       6.15333e-19
 108.0000000       6.16888e-19       6.16888e-19
 108.1000000       6.18444e-19       6.18444e-19
 108.2000000       6.20000e-19       6.20000e-19
 108.3000000       6.21555e-19       6.21555e-19
 108.4000000       6.23111e-19       6.23111e-19
 108.5000000       6.24666e-19       6.24666e-19
 108.6000000       6.26222e-19       6.26222e-19
 108.7000000       6.27778e-19       6.27778e-19
 108.8000000       6.29333e-19       6.29333e-19
 108.9000000       6.30889e-19       6.30889e-19
 109.0000000       6.32445e-19       6.32445e-19
 109.1000000       6.34000e-19       6.34000e-19
 109.2000000       6.35556e-19       6.35556e-19
 109.3000000       6.37111e-19       6.37111e-19
 109.4000000       6.38667e-19       6.38667e-19
 109.5000000       6.40223e-19       6.40223e-19
 109.6000000       6.41778e-19       6.41778e-19
 109.7000000       6.43334e-19       6.43334e-19
 109.8000000       6.44889e-19       6.44889e-19
 109.9000000       6.46445e-19       6.46445e-19
 110.0000000       6.48001e-19       6.48001e-19
 110.1000000       6.49556e-19       6.49556e-19
 110.2000000       6.51112e-19       6.51112e-19
 110.3000000       6.52668e-19       6.52668e-19
 110.4000000       6.54223e-19       6.54223e-19
 110.5000000       6.55779e-19       6.55779e-19
 110.6000000       6.57334e-19       6.57334e-19
 110.7000000       6.58890e-19       6.58890e-19
 110.8000000       6.60695e-19       6.60695e-19
 110.9000000       6.62846e-19       6.62846e-19
 111.0000000       6.64998e-19       6.64998e-19
 111.1000000       6.67151e-19       6.67151e-19
 111.2000000       6.69303e-19       6.69303e-19
 111.3000000       6.71456e-19       6.71456e-19
 111.4000000       6.73608e-19       6.73608e-19
 111.5000000       6.75761e-19       6.75761e-19
 111.6000000       6.77913e-19       6.77913e-19
 111.7000000       6.80066e-19       6.80066e-19
 111.8000000       6.82218e-19       6.82218e-19
 111.9000000       6.84371e-19       6.84371e-19
 112.0000000       6.86523e-19       6.86523e-19
 112.1000000       6.88676e-19       6.88676e-19
 112.2000000       6.90828e-19       6.90828e-19
 112.3000000       6.92981e-19       6.92981e-19
 112.4000000       6.95134e-19       6.95134e-19
 112.5000000       6.97286e-19       6.97286e-19
 112.6000000       6.99439e-19       6.99439e-19
 112.7000000       7.01591e-19       7.01591e-19
 112.8000000       7.03744e-19       7.03744e-19
 112.9000000       7.05896e-19       7.05896e-19
 113.0000000       7.08049e-19       7.08049e-19
 113.1000000       7.10201e-19       7.10201e-19
 113.2000000       7.12354e-19       7.12354e-19
 113.3000000       7.14506e-19       7.14506e-19
 113.4000000       7.16659e-19       7.16659e-19
 113.5000000       7.18811e-19       7.18811e-19
 113.6000000       7.20964e-19       7.20964e-19
 113.7000000       7.23116e-19       7.23116e-19
 113.8000000       7.25269e-19       7.25269e-19
 113.9000000       7.27421e-19       7.27421e-19
 114.0000000       7.29574e-19       7.29574e-19
 114.1000000       7.31726e-19       7.31726e-19
 114.2000000       7.33879e-19       7.33879e-19
 114.3000000       7.36031e-19       7.36031e-19
 114.4000000       7.38184e-19       7.38184e-19
 114.5000000       7.40336e-19       7.40336e-19
 114.6000000       7.42489e-19       7.42489e-19
 114.7000000       7.44641e-19       7.44641e-19
 114.8000000       7.46794e-19       7.46794e-19
 114.9000000       7.48946e-19       7.48946e-19
 115.0000000       7.51099e-19       7.51099e-19
 115.1000000       7.53251e-19       7.53251e-19
 115.2000000       7.55404e-19       7.55404e-19
 115.3000000       7.57556e-19       7.57556e-19
 115.4000000       7.59709e-19       7.59709e-19
 115.5000000       7.61861e-19       7.61861e-19
 115.6000000       7.64014e-19       7.64014e-19
 115.7000000       7.66166e-19       7.66166e-19
 115.8000000       7.68319e-19       7.68319e-19
 115.9000000       7.70471e-19       7.70471e-19
 116.0000000       7.72624e-19       7.72624e-19
 116.1000000       7.74776e-19       7.74776e-19
 116.2000000       7.76929e-19       7.76929e-19
 116.3000000       7.79082e-19       7.79082e-19
 116.4000000       7.81234e-19       7.81234e-19
 116.5000000       7.83387e-19       7.83387e-19
 116.6000000       7.85539e-19       7.85539e-19
 116.7000000       7.87692e-19       7.87692e-19
 116.8000000       7.89844e-19       7.89844e-19
 116.9000000       7.91997e-19       7.91997e-19
 117.0000000       7.94149e-19       7.94149e-19
 117.1000000       7.96302e-19       7.96302e-19
 117.2000000       7.98454e-19       7.98454e-19
 117.3000000       8.00607e-19       8.00607e-19
 117.4000000       8.02759e-19       8.02759e-19
 117.5000000       8.04912e-19       8.04912e-19
 117.6000000       8.07064e-19       8.07064e-19
 117.7000000       8.09217e-19       8.09217e-19
 117.8000000       8.11369e-19       8.11369e-19
 117.9000000       8.13522e-19       8.13522e-19
 118.0000000       8.15674e-19       8.15674e-19
 118.1000000       8.17827e-19       8.17827e-19
 118.2000000       8.19979e-19       8.19979e-19
 118.3000000       8.22132e-19       8.22132e-19
 118.4000000       8.24284e-19       8.24284e-19
 118.5000000       8.26437e-19       8.26437e-19
 118.6000000       8.28589e-19       8.28589e-19
 118.7000000       8.30742e-19       8.30742e-19
 118.8000000       8.32894e-19       8.32894e-19
 118.9000000       8.35047e-19       8.35047e-19
 119.0000000       8.37199e-19       8.37199e-19
 119.1000000       8.39352e-19       8.39352e-19
 119.2000000       8.41504e-19       8.41504e-19
 119.3000000       8.43657e-19       8.43657e-19
 119.4000000       8.45873e-19       8.45873e-19
 119.5000000       8.48782e-19       8.48782e-19
 119.6000000       8.51884e-19       8.51884e-19
 119.7000000       8.54985e-19       8.54985e-19
 119.8000000       8.58086e-19       8.58086e-19
 119.9000000       8.61187e-19       8.61187e-19
 120.0000000       8.64288e-19       8.64288e-19
 120.1000000       8.67389e-19       8.67389e-19
 120.2000000       8.70490e-19       8.70490e-19
 120.3000000       8.73591e-19       8.73591e-19
 120.4000000       8.76692e-19       8.76692e-19
 120.5000000       8.79794e-19       8.79794e-19
 120.6000000       8.82895e-19       8.82895e-19
 120.7000000       8.85996e-19       8.85996e-19
 120.8000000       8.89097e-19       8.89097e-19
 120.9000000       8.92198e-19       8.92198e-19
 121.0000000       8.95299e-19       8.95299e-19
 121.1000000       8.98400e-19       8.98400e-19
 121.2000000       9.01501e-19       9.01501e-19
 121.3000000       9.04602e-19       9.04602e-19
 121.4000000       9.07703e-19       9.07703e-19
 121.5000000       9.10805e-19       9.10805e-19
 121.6000000       9.13906e-19       9.13906e-19
 121.7000000       9.17007e-19       9.17007e-19
 121.8000000       9.20108e-19       9.20108e-19
 121.9000000       9.23209e-19       9.23209e-19
 122.0000000       9.26310e-19       9.26310e-19
 122.1000000       9.29411e-19       9.29411e-19
 122.2000000       9.32512e-19       9.32512e-19
 122.3000000       9.35613e-19       9.35613e-19
 122.4000000       9.38714e-19       9.38714e-19
 122.5000000       9.41816e-19       9.41816e-19
 122.6000000       9.44917e-19       9.44917e-19
 122.7000000       9.48018e-19       9.48018e-19
 122.8000000       9.51119e-19       9.51119e-19
 122.9000000       9.54220e-19       9.54220e-19
 123.0000000       9.57321e-19       9.57321e-19
 123.1000000       9.60422e-19       9.60422e-19
 123.2000000       9.63523e-19       9.63523e-19
 123.3000000       9.66624e-19       9.66624e-19
 123.4000000       9.69726e-19       9.69726e-19
 123.5000000       9.72827e-19       9.72827e-19
 123.6000000       9.75928e-19       9.75928e-19
 123.7000000       9.79029e-19       9.79029e-19
 123.8000000       9.82130e-19       9.82130e-19
 123.9000000       9.85231e-19       9.85231e-19
 124.0000000       9.88332e-19       9.88332e-19
 124.1000000       9.91433e-19       9.91433e-19
 124.2000000       9.94534e-19       9.94534e-19
 124.3000000       9.97635e-19       9.97635e-19
 124.4000000       1.00074e-18       1.00074e-18
 124.5000000       1.00384e-18       1.00384e-18
 124.6000000       1.00694e-18       1.00694e-18
 124.7000000       1.01004e-18       1.01004e-18
 124.8000000       1.01314e-18       1.01314e-18
 124.9000000       1.01624e-18       1.01624e-18
 125.0000000       1.01934e-18       1.01934e-18
 125.1000000       1.02244e-18       1.02244e-18
 125.2000000       1.02555e-18       1.02555e-18
 125.3000000       1.02865e-18       1.02865e-18
 125.4000000       1.03175e-18       1.03175e-18
 125.5000000       1.03485e-18       1.03485e-18
 125.6000000       1.03795e-18       1.03795e-18
 125.7000000       1.04105e-18       1.04105e-18
 125.8000000       1.04415e-18       1.04415e-18
 125.9000000       1.04725e-18       1.04725e-18
 126.0000000       1.05035e-18       1.05035e-18
 126.1000000       1.05346e-18       1.05346e-18
 126.2000000       1.05656e-18       1.05656e-18
 126.3000000       1.05966e-18       1.05966e-18
 126.4000000       1.06276e-18       1.06276e-18
 126.5000000       1.06586e-18       1.06586e-18
 126.6000000       1.06896e-18       1.06896e-18
 126.7000000       1.07206e-18       1.07206e-18
 126.8000000       1.07516e-18       1.07516e-18
 126.9000000       1.07826e-18       1.07826e-18
 127.0000000       1.08137e-18       1.08137e-18
 127.1000000       1.08447e-18       1.08447e-18
 127.2000000       1.08757e-18       1.08757e-18
 127.3000000       1.09067e-18       1.09067e-18
 127.4000000       1.09377e-18       1.09377e-18
 127.5000000       1.09687e-18       1.09687e-18
 127.6000000       1.09997e-18       1.09997e-18
 127.7000000       1.10307e-18       1.10307e-18
 127.8000000       1.10617e-18       1.10617e-18
 127.9000000       1.10928e-18       1.10928e-18
 128.0000000       1.11238e-18       1.11238e-18
 128.1000000       1.11548e-18       1.11548e-18
 128.2000000       1.11858e-18       1.11858e-18
 128.3000000       1.12168e-18       1.12168e-18
 128.4000000       1.12478e-18       1.12478e-18
 128.5000000       1.12788e-18       1.12788e-18
 128.6000000       1.13098e-18       1.13098e-18
 128.7000000       1.13408e-18       1.13408e-18
 128.8000000       1.13719e-18       1.13719e-18
 128.9000000       1.14029e-18       1.14029e-18
 129.0000000       1.14339e-18       1.14339e-18
 129.1000000       1.14649e-18       1.14649e-18
 129.2000000       1.14959e-18       1.14959e-18
 129.3000000       1.15269e-18       1.15269e-18
 129.4000000       1.15579e-18       1.15579e-18
 129.5000000       1.15890e-18       1.15890e-18
 129.6000000       1.16259e-18       1.16259e-18
 129.7000000       1.16662e-18       1.16662e-18
 129.8000000       1.17064e-18       1.17064e-18
 129.9000000       1.17467e-18       1.17467e-18
 130.0000000       1.17870e-18       1.17870e-18
 130.1000000       1.18272e-18       1.18272e-18
 130.2000000       1.18675e-18       1.18675e-18
 130.3000000       1.19078e-18       1.19078e-18
 130.4000000       1.19480e-18       1.19480e-18
 130.5000000       1.19883e-18       1.19883e-18
 130.6000000       1.20286e-18       1.20286e-18
 130.7000000       1.20688e-18       1.20688e-18
 130.8000000       1.21091e-18       1.21091e-18
 130.9000000       1.21494e-18       1.21494e-18
 131.0000000       1.21897e-18       1.21897e-18
 131.1000000       1.22299e-18       1.22299e-18
 131.2000000       1.22702e-18       1.22702e-18
 131.3000000       1.23105e-18       1.23105e-18
 131.4000000       1.23507e-18       1.23507e-18
 131.5000000       1.23910e-18       1.23910e-18
 131.6000000       1.24313e-18       1.24313e-18
 131.7000000       1.24715e-18       1.24715e-18
 131.8000000       1.25118e-18       1.25118e-18
 131.9000000       1.25521e-18       1.25521e-18
 132.0000000       1.25923e-18       1.25923e-18
 132.1000000       1.26326e-18       1.26326e-18
 132.2000000       1.26729e-18       1.26729e-18
 132.3000000       1.27131e-18       1.27131e-18
 132.4000000       1.27534e-18       1.27534e-18
 132.5000000       1.27937e-18       1.27937e-18
 132.6000000       1.28340e-18       1.28340e-18
 132.7000000       1.28742e-18       1.28742e-18
 132.8000000       1.29145e-18       1.29145e-18
 132.9000000       1.29548e-18       1.29548e-18
 133.0000000       1.29950e-18       1.29950e-18
 133.1000000       1.30353e-18       1.30353e-18
 133.2000000       1.30756e-18       1.30756e-18
 133.3000000       1.31158e-18       1.31158e-18
 133.4000000       1.31561e-18       1.31561e-18
 133.5000000       1.31964e-18       1.31964e-18
 133.6000000       1.32366e-18       1.32366e-18
 133.7000000       1.32769e-18       1.32769e-18
 133.8000000       1.33172e-18       1.33172e-18
 133.9000000       1.33574e-18       1.33574e-18
 134.0000000       1.33977e-18       1.33977e-18
 134.1000000       1.34380e-18       1.34380e-18
 134.2000000       1.34782e-18       1.34782e-18
 134.3000000       1.35185e-18       1.35185e-18
 134.4000000       1.35588e-18       1.35588e-18
 134.5000000       1.35991e-18       1.35991e-18
 134.6000000       1.36393e-18       1.36393e-18
 134.7000000       1.36796e-18       1.36796e-18
 134.8000000       1.37199e-18       1.37199e-18
 134.9000000       1.37601e-18       1.37601e-18
 135.0000000       1.38004e-18       1.38004e-18
 135.1000000       1.38407e-18       1.38407e-18
 135.2000000       1.38809e-18       1.38809e-18
 135.3000000       1.39212e-18       1.39212e-18
 135.4000000       1.39615e-18       1.39615e-18
 135.5000000       1.40017e-18       1.40017e-18
 135.6000000       1.40420e-18       1.40420e-18
 135.7000000       1.40823e-18       1.40823e-18
 135.8000000       1.41225e-18       1.41225e-18
 135.9000000       1.41628e-18       1.41628e-18
 136.0000000       1.42031e-18       1.42031e-18
 136.1000000       1.42434e-18       1.42434e-18
 136.2000000       1.42836e-18       1.42836e-18
 136.3000000       1.43239e-18       1.43239e-18
 136.4000000       1.43642e-18       1.43642e-18
 136.5000000       1.44044e-18       1.44044e-18
 136.6000000       1.44447e-18       1.44447e-18
 136.7000000       1.44850e-18       1.44850e-18
 136.8000000       1.45252e-18       1.45252e-18
 136.9000000       1.45655e-18       1.45655e-18
 137.0000000       1.46058e-18       1.46058e-18
 137.1000000       1.46460e-18       1.46460e-18
 137.2000000       1.46863e-18       1.46863e-18
 137.3000000       1.47266e-18       1.47266e-18
 137.4000000       1.47668e-18       1.47668e-18
 137.5000000       1.48071e-18       1.48071e-18
 137.6000000       1.48474e-18       1.48474e-18
 137.7000000       1.48876e-18       1.48876e-18
 137.8000000       1.49279e-18       1.49279e-18
 137.9000000       1.49682e-18       1.49682e-18
 138.0000000       1.50085e-18       1.50085e-18
 138.1000000       1.50487e-18       1.50487e-18
 138.2000000       1.50890e-18       1.50890e-18
 138.3000000       1.51293e-18       1.51293e-18
 138.4000000       1.51695e-18       1.51695e-18
 138.5000000       1.52098e-18       1.52098e-18
 138.6000000       1.52501e-18       1.52501e-18
 138.7000000       1.52903e-18       1.52903e-18
 138.8000000       1.53306e-18       1.53306e-18
 138.9000000       1.53709e-18       1.53709e-18
 139.0000000       1.54111e-18       1.54111e-18
 139.1000000       1.54514e-18       1.54514e-18
 139.2000000       1.54917e-18       1.54917e-18
 139.3000000       1.55319e-18       1.55319e-18
 139.4000000       1.44804e-18       1.44804e-18
 139.5000000       1.10060e-18       1.10060e-18
 139.6000000       2.01164e-18       2.01164e-18
 139.7000000       1.92455e-18       1.92455e-18
 139.8000000       1.48985e-18       1.48985e-18
 139.9000000       1.40549e-18       1.40549e-18
 140.0000000       1.24458e-18       1.24458e-18
 140.1000000       1.02981e-18       1.02981e-18
 140.2000000       2.39953e-18       2.39953e-18
 140.3000000       2.11021e-18       2.11021e-18
 140.4000000       1.59099e-18       1.59099e-18
 140.5000000       1.49448e-18       1.49448e-18
 140.6000000       1.43833e-18       1.43833e-18
 140.7000000       1.36495e-18       1.36495e-18
 140.8000000       1.15838e-18       1.15838e-18
 140.9000000       1.01790e-18       1.01790e-18
 141.0000000       1.78685e-18       1.78685e-18
 141.1000000       2.94531e-18       2.94531e-18
 141.2000000       2.06511e-18       2.06511e-18
 141.3000000       1.68832e-18       1.68832e-18
 141.4000000       1.56343e-18       1.56343e-18
 141.5000000       1.52681e-18       1.52681e-18
 141.6000000       1.48995e-18       1.48995e-18
 141.7000000       1.44870e-18       1.44870e-18
 141.8000000       1.40519e-18       1.40519e-18
 141.9000000       1.27485e-18       1.27485e-18
 142.0000000       1.10212e-18       1.10212e-18
 142.1000000       1.03250e-18       1.03250e-18
 142.2000000       1.32687e-18       1.32687e-18
 142.3000000       2.40330e-18       2.40330e-18
 142.4000000       3.21533e-18       3.21533e-18
 142.5000000       2.50045e-18       2.50045e-18
 142.6000000       1.98910e-18       1.98910e-18
 142.7000000       1.76265e-18       1.76265e-18
 142.8000000       1.65945e-18       1.65945e-18
 142.9000000       1.61956e-18       1.61956e-18
 143.0000000       1.59836e-18       1.59836e-18
 143.1000000       1.57717e-18       1.57717e-18
 143.2000000       1.55551e-18       1.55551e-18
 143.3000000       1.53044e-18       1.53044e-18
 143.4000000       1.50469e-18       1.50469e-18
 143.5000000       1.47894e-18       1.47894e-18
 143.6000000       1.43647e-18       1.43647e-18
 143.7000000       1.32743e-18       1.32743e-18
 143.8000000       1.21238e-18       1.21238e-18
 143.9000000       1.11086e-18       1.11086e-18
 144.0000000       1.06268e-18       1.06268e-18
 144.1000000       1.15440e-18       1.15440e-18
 144.2000000       1.41000e-18       1.41000e-18
 144.3000000       1.97238e-18       1.97238e-18
 144.4000000       2.91388e-18       2.91388e-18
 144.5000000       3.54135e-18       3.54135e-18
 144.6000000       3.21153e-18       3.21153e-18
 144.7000000       2.65276e-18       2.65276e-18
 144.8000000       2.26736e-18       2.26736e-18
 144.9000000       2.05268e-18       2.05268e-18
 145.0000000       1.90128e-18       1.90128e-18
 145.1000000       1.82795e-18       1.82795e-18
 145.2000000       1.76920e-18       1.76920e-18
 145.3000000       1.73406e-18       1.73406e-18
 145.4000000       1.72557e-18       1.72557e-18
 145.5000000       1.71711e-18       1.71711e-18
 145.6000000       1.70865e-18       1.70865e-18
 145.7000000       1.70019e-18       1.70019e-18
 145.8000000       1.69172e-18       1.69172e-18
 145.9000000       1.68326e-18       1.68326e-18
 146.0000000       1.67480e-18       1.67480e-18
 146.1000000       1.66634e-18       1.66634e-18
 146.2000000       1.65765e-18       1.65765e-18
 146.3000000       1.63760e-18       1.63760e-18
 146.4000000       1.61124e-18       1.61124e-18
 146.5000000       1.58488e-18       1.58488e-18
 146.6000000       1.55852e-18       1.55852e-18
 146.7000000       1.52850e-18       1.52850e-18
 146.8000000       1.46110e-18       1.46110e-18
 146.9000000       1.38395e-18       1.38395e-18
 147.0000000       1.30679e-18       1.30679e-18
 147.1000000       1.22976e-18       1.22976e-18
 147.2000000       1.17079e-18       1.17079e-18
 147.3000000       1.12814e-18       1.12814e-18
 147.4000000       1.14360e-18       1.14360e-18
 147.5000000       1.18916e-18       1.18916e-18
 147.6000000       1.30727e-18       1.30727e-18
 147.7000000       1.45349e-18       1.45349e-18
 147.8000000       1.68062e-18       1.68062e-18
 147.9000000       2.00203e-18       2.00203e-18
 148.0000000       2.44526e-18       2.44526e-18
 148.1000000       3.01697e-18       3.01697e-18
 148.2000000       3.57924e-18       3.57924e-18
 148.3000000       3.96514e-18       3.96514e-18
 148.4000000       3.98642e-18       3.98642e-18
 148.5000000       3.69508e-18       3.69508e-18
 148.6000000       3.34630e-18       3.34630e-18
 148.7000000       2.99896e-18       2.99896e-18
 148.8000000       2.73981e-18       2.73981e-18
 148.9000000       2.53267e-18       2.53267e-18
 149.0000000       2.36547e-18       2.36547e-18
 149.1000000       2.26208e-18       2.26208e-18
 149.2000000       2.16849e-18       2.16849e-18
 149.3000000       2.12207e-18       2.12207e-18
 149.4000000       2.08249e-18       2.08249e-18
 149.5000000       2.04290e-18       2.04290e-18
 149.6000000       2.00332e-18       2.00332e-18
 149.7000000       1.97085e-18       1.97085e-18
 149.8000000       1.96438e-18       1.96438e-18
 149.9000000       1.96030e-18       1.96030e-18
 150.0000000       1.95622e-18       1.95622e-18
 150.1000000       1.95214e-18       1.95214e-18
 150.2000000       1.94806e-18       1.94806e-18
 150.3000000       1.94398e-18       1.94398e-18
 150.4000000       1.93990e-18       1.93990e-18
 150.5000000       1.93582e-18       1.93582e-18
 150.6000000       1.93174e-18       1.93174e-18
 150.7000000       1.92766e-18       1.92766e-18
 150.8000000       1.92358e-18       1.92358e-18
 150.9000000       1.91950e-18       1.91950e-18
 151.0000000       1.91542e-18       1.91542e-18
 151.1000000       1.91134e-18       1.91134e-18
 151.2000000       1.90726e-18       1.90726e-18
 151.3000000       1.90318e-18       1.90318e-18
 151.4000000       1.89910e-18       1.89910e-18
 151.5000000       1.89502e-18       1.89502e-18
 151.6000000       1.89094e-18       1.89094e-18
 151.7000000       1.88686e-18       1.88686e-18
 151.8000000       1.88278e-18       1.88278e-18
 151.9000000       1.87870e-18       1.87870e-18
 152.0000000       1.87462e-18       1.87462e-18
 152.1000000       1.87054e-18       1.87054e-18
 152.2000000       1.86034e-18       1.86034e-18
 152.3000000       1.84047e-18       1.84047e-18
 152.4000000       1.82048e-18       1.82048e-18
 152.5000000       1.80049e-18       1.80049e-18
 152.6000000       1.78050e-18       1.78050e-18
 152.7000000       1.76051e-18       1.76051e-18
 152.8000000       1.74052e-18       1.74052e-18
 152.9000000       1.72053e-18       1.72053e-18
 153.0000000       1.70033e-18       1.70033e-18
 153.1000000       1.66314e-18       1.66314e-18
 153.2000000       1.61521e-18       1.61521e-18
 153.3000000       1.56727e-18       1.56727e-18
 153.4000000       1.51934e-18       1.51934e-18
 153.5000000       1.47141e-18       1.47141e-18
 153.6000000       1.42348e-18       1.42348e-18
 153.7000000       1.37554e-18       1.37554e-18
 153.8000000       1.33017e-18       1.33017e-18
 153.9000000       1.29848e-18       1.29848e-18
 154.0000000       1.26882e-18       1.26882e-18
 154.1000000       1.23916e-18       1.23916e-18
 154.2000000       1.21579e-18       1.21579e-18
 154.3000000       1.22775e-18       1.22775e-18
 154.4000000       1.24928e-18       1.24928e-18
 154.5000000       1.30044e-18       1.30044e-18
 154.6000000       1.35982e-18       1.35982e-18
 154.7000000       1.44661e-18       1.44661e-18
 154.8000000       1.54200e-18       1.54200e-18
 154.9000000       1.65778e-18       1.65778e-18
 155.0000000       1.78320e-18       1.78320e-18
 155.1000000       1.93193e-18       1.93193e-18
 155.2000000       2.10197e-18       2.10197e-18
 155.3000000       2.27201e-18       2.27201e-18
 155.4000000       2.44204e-18       2.44204e-18
 155.5000000       2.62199e-18       2.62199e-18
 155.6000000       2.85601e-18       2.85601e-18
 155.7000000       3.09821e-18       3.09821e-18
 155.8000000       3.34041e-18       3.34041e-18
 155.9000000       3.58260e-18       3.58260e-18
 156.0000000       3.82447e-18       3.82447e-18
 156.1000000       4.06575e-18       4.06575e-18
 156.2000000       4.30703e-18       4.30703e-18
 156.3000000       4.54830e-18       4.54830e-18
 156.4000000       4.78957e-18       4.78957e-18
 156.5000000       4.93928e-18       4.93928e-18
 156.6000000       4.98836e-18       4.98836e-18
 156.7000000       5.01922e-18       5.01922e-18
 156.8000000       4.92535e-18       4.92535e-18
 156.9000000       4.80781e-18       4.80781e-18
 157.0000000       4.66262e-18       4.66262e-18
 157.1000000       4.47798e-18       4.47798e-18
 157.2000000       4.29305e-18       4.29305e-18
 157.3000000       4.10812e-18       4.10812e-18
 157.4000000       3.92319e-18       3.92319e-18
 157.5000000       3.75114e-18       3.75114e-18
 157.6000000       3.62789e-18       3.62789e-18
 157.7000000       3.50935e-18       3.50935e-18
 157.8000000       3.39082e-18       3.39082e-18
 157.9000000       3.27229e-18       3.27229e-18
 158.0000000       3.15415e-18       3.15415e-18
 158.1000000       3.07275e-18       3.07275e-18
 158.2000000       3.01534e-18       3.01534e-18
 158.3000000       2.95793e-18       2.95793e-18
 158.4000000       2.90052e-18       2.90052e-18
 158.5000000       2.84310e-18       2.84310e-18
 158.6000000       2.78823e-18       2.78823e-18
 158.7000000       2.76106e-18       2.76106e-18
 158.8000000       2.74150e-18       2.74150e-18
 158.9000000       2.72195e-18       2.72195e-18
 159.0000000       2.70239e-18       2.70239e-18
 159.1000000       2.68283e-18       2.68283e-18
 159.2000000       2.66327e-18       2.66327e-18
 159.3000000       2.64371e-18       2.64371e-18
 159.4000000       2.62415e-18       2.62415e-18
 159.5000000       2.60460e-18       2.60460e-18
 159.6000000       2.58504e-18       2.58504e-18
 159.7000000       2.56548e-18       2.56548e-18
 159.8000000       2.54510e-18       2.54510e-18
 159.9000000       2.41854e-18       2.41854e-18
 160.0000000       2.21776e-18       2.21776e-18
 160.1000000       2.01698e-18       2.01698e-18
 160.2000000       1.81620e-18       1.81620e-18
 160.3000000       1.61542e-18       1.61542e-18
 160.4000000       1.41464e-18       1.41464e-18
 160.5000000       1.21386e-18       1.21386e-18
 160.6000000       1.01309e-18       1.01309e-18
 160.7000000       8.12307e-19       8.12307e-19
 160.8000000       6.11529e-19       6.11529e-19
 160.9000000       4.10750e-19       4.10750e-19
 161.0000000       2.09971e-19       2.09971e-19
 161.1000000       7.41420e-20       7.41420e-20
 161.2000000       4.64396e-19       4.64396e-19
 161.3000000       9.05224e-19       9.05224e-19
 161.4000000       9.21568e-19       9.21568e-19
 161.5000000       9.69955e-19       9.69955e-19
 161.6000000       1.35376e-18       1.35376e-18
 161.7000000       1.65274e-18       1.65274e-18
 161.8000000       1.36155e-18       1.36155e-18
 161.9000000       9.73978e-19       9.73978e-19
 162.0000000       7.31099e-19       7.31099e-19
 162.1000000       5.33876e-19       5.33876e-19
 162.2000000       4.42890e-19       4.42890e-19
 162.3000000       5.48390e-19       5.48390e-19
 162.4000000       1.00698e-18       1.00698e-18
 162.5000000       1.92009e-18       1.92009e-18
 162.6000000       2.52491e-18       2.52491e-18
 162.7000000       2.37170e-18       2.37170e-18
 162.8000000       1.85492e-18       1.85492e-18
 162.9000000       1.37606e-18       1.37606e-18
 163.0000000       1.00649e-18       1.00649e-18
 163.1000000       6.93076e-19       6.93076e-19
 163.2000000       3.53959e-19       3.53959e-19
 163.3000000       1.14589e-19       1.14589e-19
 163.4000000       1.01067e-19       1.01067e-19
 163.5000000       3.78101e-19       3.78101e-19
 163.6000000       1.19381e-18       1.19381e-18
 163.7000000       2.26940e-18       2.26940e-18
 163.8000000       3.45099e-18       3.45099e-18
 163.9000000       4.11803e-18       4.11803e-18
 164.0000000       3.96982e-18       3.96982e-18
 164.1000000       3.20249e-18       3.20249e-18
 164.2000000       2.46642e-18       2.46642e-18
 164.3000000       1.72762e-18       1.72762e-18
 164.4000000       1.03562e-18       1.03562e-18
 164.5000000       5.33008e-19       5.33008e-19
 164.6000000       2.92178e-19       2.92178e-19
 164.7000000       1.20926e-19       1.20926e-19
 164.8000000       6.12808e-20       6.12808e-20
 164.9000000       4.68799e-20       4.68799e-20
 165.0000000       1.24146e-19       1.24146e-19
 165.1000000       2.46753e-19       2.46753e-19
 165.2000000       4.26077e-19       4.26077e-19
 165.3000000       6.53521e-19       6.53521e-19
 165.4000000       9.31546e-19       9.31546e-19
 165.5000000       1.30722e-18       1.30722e-18
 165.6000000       2.05404e-18       2.05404e-18
 165.7000000       3.02117e-18       3.02117e-18
 165.8000000       3.90136e-18       3.90136e-18
 165.9000000       3.93257e-18       3.93257e-18
 166.0000000       2.95488e-18       2.95488e-18
 166.1000000       2.05594e-18       2.05594e-18
 166.2000000       1.44673e-18       1.44673e-18
 166.3000000       1.07897e-18       1.07897e-18
 166.4000000       7.60966e-19       7.60966e-19
 166.5000000       4.94841e-19       4.94841e-19
 166.6000000       3.53875e-19       3.53875e-19
 166.7000000       3.44622e-19       3.44622e-19
 166.8000000       3.55049e-19       3.55049e-19
 166.9000000       3.65516e-19       3.65516e-19
 167.0000000       3.51757e-19       3.51757e-19
 167.1000000       2.99211e-19       2.99211e-19
 167.2000000       2.92155e-19       2.92155e-19
 167.3000000       2.99998e-19       2.99998e-19
 167.4000000       3.41211e-19       3.41211e-19
 167.5000000       4.39461e-19       4.39461e-19
 167.6000000       5.65291e-19       5.65291e-19
 167.7000000       7.19026e-19       7.19026e-19
 167.8000000       8.76129e-19       8.76129e-19
 167.9000000       1.06882e-18       1.06882e-18
 168.0000000       1.27390e-18       1.27390e-18
 168.1000000       1.61996e-18       1.61996e-18
 168.2000000       1.97425e-18       1.97425e-18
 168.3000000       2.42451e-18       2.42451e-18
 168.4000000       2.79888e-18       2.79888e-18
 168.5000000       3.09070e-18       3.09070e-18
 168.6000000       3.31327e-18       3.31327e-18
 168.7000000       3.46291e-18       3.46291e-18
 168.8000000       3.46629e-18       3.46629e-18
 168.9000000       3.34693e-18       3.34693e-18
 169.0000000       2.97475e-18       2.97475e-18
 169.1000000       2.60982e-18       2.60982e-18
 169.2000000       2.21872e-18       2.21872e-18
 169.3000000       1.91135e-18       1.91135e-18
 169.4000000       1.73029e-18       1.73029e-18
 169.5000000       1.57787e-18       1.57787e-18
 169.6000000       1.36847e-18       1.36847e-18
 169.7000000       1.16506e-18       1.16506e-18
 169.8000000       9.32867e-19       9.32867e-19
 169.9000000       7.85975e-19       7.85975e-19
 170.0000000       6.59779e-19       6.59779e-19
 170.1000000       5.59758e-19       5.59758e-19
 170.2000000       4.60799e-19       4.60799e-19
 170.3000000       3.95045e-19       3.95045e-19
 170.4000000       3.69555e-19       3.69555e-19
 170.5000000       4.40017e-19       4.40017e-19
 170.6000000       5.48937e-19       5.48937e-19
 170.7000000       5.79015e-19       5.79015e-19
 170.8000000       4.90102e-19       4.90102e-19
 170.9000000       4.14206e-19       4.14206e-19
 171.0000000       3.84989e-19       3.84989e-19
 171.1000000       3.61727e-19       3.61727e-19
 171.2000000       3.53245e-19       3.53245e-19
 171.3000000       3.46213e-19       3.46213e-19
 171.4000000       3.68455e-19       3.68455e-19
 171.5000000       4.35294e-19       4.35294e-19
 171.6000000       4.92797e-19       4.92797e-19
 171.7000000       5.58000e-19       5.58000e-19
 171.8000000       6.17359e-19       6.17359e-19
 171.9000000       6.59313e-19       6.59313e-19
 172.0000000       7.05729e-19       7.05729e-19
 172.1000000       7.58760e-19       7.58760e-19
 172.2000000       8.25143e-19       8.25143e-19
 172.3000000       8.60262e-19       8.60262e-19
 172.4000000       8.83771e-19       8.83771e-19
 172.5000000       8.94503e-19       8.94503e-19
 172.6000000       8.83040e-19       8.83040e-19
 172.7000000       8.72761e-19       8.72761e-19
 172.8000000       8.76441e-19       8.76441e-19
 172.9000000       8.83395e-19       8.83395e-19
 173.0000000       8.77804e-19       8.77804e-19
 173.1000000       8.30675e-19       8.30675e-19
 173.2000000       7.92101e-19       7.92101e-19
 173.3000000       7.60610e-19       7.60610e-19
 173.4000000       7.29046e-19       7.29046e-19
 173.5000000       6.97408e-19       6.97408e-19
 173.6000000       6.61821e-19       6.61821e-19
 173.7000000       6.19899e-19       6.19899e-19
 173.8000000       6.20215e-19       6.20215e-19
 173.9000000       6.57444e-19       6.57444e-19
 174.0000000       7.17346e-19       7.17346e-19
 174.1000000       7.49159e-19       7.49159e-19
 174.2000000       7.38093e-19       7.38093e-19
 174.3000000       6.89487e-19       6.89487e-19
 174.4000000       6.48535e-19       6.48535e-19
 174.5000000       6.60676e-19       6.60676e-19
 174.6000000       7.90787e-19       7.90787e-19
 174.7000000       9.84694e-19       9.84694e-19
 174.8000000       9.73157e-19       9.73157e-19
 174.9000000       8.32168e-19       8.32168e-19
 175.0000000       6.56074e-19       6.56074e-19
 175.1000000       5.82357e-19       5.82357e-19
 175.2000000       5.61013e-19       5.61013e-19
 175.3000000       5.69736e-19       5.69736e-19
 175.4000000       6.01149e-19       6.01149e-19
 175.5000000       6.49636e-19       6.49636e-19
 175.6000000       7.28898e-19       7.28898e-19
 175.7000000       8.28702e-19       8.28702e-19
 175.8000000       9.46131e-19       9.46131e-19
 175.9000000       1.15060e-18       1.15060e-18
 176.0000000       1.62208e-18       1.62208e-18
 176.1000000       2.36890e-18       2.36890e-18
 176.2000000       4.17041e-18       4.17041e-18
 176.3000000       7.80489e-18       7.80489e-18
 176.4000000       1.87261e-17       1.87261e-17
 176.5000000       5.23297e-17       5.23297e-17
 176.6000000       2.62247e-17       2.62247e-17
 176.7000000       7.99386e-18       7.99386e-18
 176.8000000       2.91367e-18       2.91367e-18
 176.9000000       1.81792e-18       1.81792e-18
 177.0000000       1.37365e-18       1.37365e-18
 177.1000000       9.73224e-19       9.73224e-19
 177.2000000       7.95195e-19       7.95195e-19
 177.3000000       6.79503e-19       6.79503e-19
 177.4000000       6.00267e-19       6.00267e-19
 177.5000000       5.73240e-19       5.73240e-19
 177.6000000       5.79924e-19       5.79924e-19
 177.7000000       6.16078e-19       6.16078e-19
 177.8000000       6.23329e-19       6.23329e-19
 177.9000000       5.77391e-19       5.77391e-19
 178.0000000       5.10690e-19       5.10690e-19
 178.1000000       4.77669e-19       4.77669e-19
 178.2000000       4.57928e-19       4.57928e-19
 178.3000000       4.34051e-19       4.34051e-19
 178.4000000       4.06522e-19       4.06522e-19
 178.5000000       4.28953e-19       4.28953e-19
 178.6000000       4.52498e-19       4.52498e-19
 178.7000000       4.71402e-19       4.71402e-19
 178.8000000       4.73538e-19       4.73538e-19
 178.9000000       4.73500e-19       4.73500e-19
 179.0000000       4.74608e-19       4.74608e-19
 179.1000000       4.78003e-19       4.78003e-19
 179.2000000       4.81448e-19       4.81448e-19
 179.3000000       4.80755e-19       4.80755e-19
 179.4000000       4.76776e-19       4.76776e-19
 179.5000000       4.72800e-19       4.72800e-19
 179.6000000       4.68835e-19       4.68835e-19
 179.7000000       4.65536e-19       4.65536e-19
 179.8000000       4.91701e-19       4.91701e-19
 179.9000000       5.30129e-19       5.30129e-19
 180.0000000       5.23834e-19       5.23834e-19
 180.1000000       5.04091e-19       5.04091e-19
 180.2000000       4.92329e-19       4.92329e-19
 180.3000000       4.92192e-19       4.92192e-19
 180.4000000       4.92103e-19       4.92103e-19
 180.5000000       4.89195e-19       4.89195e-19
 180.6000000       4.84665e-19       4.84665e-19
 180.7000000       4.94433e-19       4.94433e-19
 180.8000000       5.17942e-19       5.17942e-19
 180.9000000       5.44350e-19       5.44350e-19
 181.0000000       5.84556e-19       5.84556e-19
 181.1000000       6.28748e-19       6.28748e-19
 181.2000000       6.78416e-19       6.78416e-19
 181.3000000       7.19477e-19       7.19477e-19
 181.4000000       7.54180e-19       7.54180e-19
 181.5000000       7.67045e-19       7.67045e-19
 181.6000000       7.74000e-19       7.74000e-19
 181.7000000       7.89274e-19       7.89274e-19
 181.8000000       8.36310e-19       8.36310e-19
 181.9000000       8.75518e-19       8.75518e-19
 182.0000000       9.06932e-19       9.06932e-19
 182.1000000       9.31236e-19       9.31236e-19
 182.2000000       9.46917e-19       9.46917e-19
 182.3000000       9.65869e-19       9.65869e-19
 182.4000000       1.00457e-18       1.00457e-18
 182.5000000       1.05293e-18       1.05293e-18
 182.6000000       1.13015e-18       1.13015e-18
 182.7000000       1.27683e-18       1.27683e-18
 182.8000000       1.46394e-18       1.46394e-18
 182.9000000       1.48202e-18       1.48202e-18
 183.0000000       1.43149e-18       1.43149e-18
 183.1000000       1.37665e-18       1.37665e-18
 183.2000000       1.34986e-18       1.34986e-18
 183.3000000       1.36660e-18       1.36660e-18
 183.4000000       1.42485e-18       1.42485e-18
 183.5000000       1.49281e-18       1.49281e-18
 183.6000000       1.54234e-18       1.54234e-18
 183.7000000       1.58490e-18       1.58490e-18
 183.8000000       1.63376e-18       1.63376e-18
 183.9000000       1.68066e-18       1.68066e-18
 184.0000000       1.72276e-18       1.72276e-18
 184.1000000       1.78083e-18       1.78083e-18
 184.2000000       1.85951e-18       1.85951e-18
 184.3000000       1.95815e-18       1.95815e-18
 184.4000000       2.05773e-18       2.05773e-18
 184.5000000       2.13786e-18       2.13786e-18
 184.6000000       2.21130e-18       2.21130e-18
 184.7000000       2.29312e-18       2.29312e-18
 184.8000000       2.38887e-18       2.38887e-18
 184.9000000       2.50421e-18       2.50421e-18
 185.0000000       2.62203e-18       2.62203e-18
 185.1000000       2.76083e-18       2.76083e-18
 185.2000000       2.91173e-18       2.91173e-18
 185.3000000       3.06798e-18       3.06798e-18
 185.4000000       3.22422e-18       3.22422e-18
 185.5000000       3.41228e-18       3.41228e-18
 185.6000000       3.57569e-18       3.57569e-18
 185.7000000       3.73623e-18       3.73623e-18
 185.8000000       3.96947e-18       3.96947e-18
 185.9000000       4.19638e-18       4.19638e-18
 186.0000000       4.42808e-18       4.42808e-18
 186.1000000       4.73365e-18       4.73365e-18
 186.2000000       5.04663e-18       5.04663e-18
 186.3000000       5.35750e-18       5.35750e-18
 186.4000000       5.69134e-18       5.69134e-18
 186.5000000       6.04221e-18       6.04221e-18
 186.6000000       6.45228e-18       6.45228e-18
 186.7000000       6.93577e-18       6.93577e-18
 186.8000000       7.45680e-18       7.45680e-18
 186.9000000       8.00884e-18       8.00884e-18
 187.0000000       8.66899e-18       8.66899e-18
 187.1000000       9.61697e-18       9.61697e-18
 187.2000000       1.17810e-17       1.17810e-17
 187.3000000       1.28061e-17       1.28061e-17
 187.4000000       1.40098e-17       1.40098e-17
 187.5000000       1.54605e-17       1.54605e-17
 187.6000000       1.67839e-17       1.67839e-17
 187.7000000       1.82728e-17       1.82728e-17
 187.8000000       1.99043e-17       1.99043e-17
 187.9000000       2.16905e-17       2.16905e-17
 188.0000000       2.32148e-17       2.32148e-17
 188.1000000       2.48288e-17       2.48288e-17
 188.2000000       2.64554e-17       2.64554e-17
 188.3000000       2.81743e-17       2.81743e-17
 188.4000000       2.93514e-17       2.93514e-17
 188.5000000       2.98232e-17       2.98232e-17
 188.6000000       2.93808e-17       2.93808e-17
 188.7000000       2.81964e-17       2.81964e-17
 188.8000000       2.67072e-17       2.67072e-17
 188.9000000       2.48160e-17       2.48160e-17
 189.0000000       2.27998e-17       2.27998e-17
 189.1000000       2.06770e-17       2.06770e-17
 189.2000000       1.85573e-17       1.85573e-17
 189.3000000       1.64376e-17       1.64376e-17
 189.4000000       1.44240e-17       1.44240e-17
 189.5000000       1.26406e-17       1.26406e-17
 189.6000000       1.08449e-17       1.08449e-17
 189.7000000       9.55663e-18       9.55663e-18
 189.8000000       8.37965e-18       8.37965e-18
 189.9000000       7.30873e-18       7.30873e-18
 190.0000000       6.42019e-18       6.42019e-18
 190.1000000       5.65739e-18       5.65739e-18
 190.2000000       5.02250e-18       5.02250e-18
 190.3000000       4.43500e-18       4.43500e-18
 190.4000000       3.91986e-18       3.91986e-18
 190.5000000       3.52293e-18       3.52293e-18
 190.6000000       3.10726e-18       3.10726e-18
 190.7000000       2.77313e-18       2.77313e-18
 190.8000000       2.45512e-18       2.45512e-18
 190.9000000       2.16884e-18       2.16884e-18
 191.0000000       1.91749e-18       1.91749e-18
 191.1000000       1.70538e-18       1.70538e-18
 191.2000000       1.52203e-18       1.52203e-18
 191.3000000       1.40309e-18       1.40309e-18
 191.4000000       1.28920e-18       1.28920e-18
 191.5000000       1.16815e-18       1.16815e-18
 191.6000000       1.06676e-18       1.06676e-18
 191.7000000       9.36553e-19       9.36553e-19
 191.8000000       8.32510e-19       8.32510e-19
 191.9000000       7.47208e-19       7.47208e-19
 192.0000000       6.74262e-19       6.74262e-19
 192.1000000       5.97529e-19       5.97529e-19
 192.2000000       5.33825e-19       5.33825e-19
 192.3000000       5.07557e-19       5.07557e-19
 192.4000000       4.95696e-19       4.95696e-19
 192.5000000       4.89187e-19       4.89187e-19
 192.6000000       4.93348e-19       4.93348e-19
 192.7000000       4.84099e-19       4.84099e-19
 192.8000000       4.30446e-19       4.30446e-19
 192.9000000       3.50580e-19       3.50580e-19
 193.0000000       2.82556e-19       2.82556e-19
 193.1000000       2.35953e-19       2.35953e-19
 193.2000000       2.18316e-19       2.18316e-19
 193.3000000       2.02781e-19       2.02781e-19
 193.4000000       1.92703e-19       1.92703e-19
 193.5000000       1.84783e-19       1.84783e-19
 193.6000000       1.68913e-19       1.68913e-19
 193.7000000       1.37732e-19       1.37732e-19
 193.8000000       1.16476e-19       1.16476e-19
 193.9000000       1.05947e-19       1.05947e-19
 194.0000000       9.55703e-20       9.55703e-20
 194.1000000       8.87656e-20       8.87656e-20
 194.2000000       8.52339e-20       8.52339e-20
 194.3000000       9.72473e-20       9.72473e-20
 194.4000000       1.12907e-19       1.12907e-19
 194.5000000       1.17702e-19       1.17702e-19
 194.6000000       1.09801e-19       1.09801e-19
 194.7000000       9.95475e-20       9.95475e-20
 194.8000000       7.63590e-20       7.63590e-20
 194.9000000       1.03994e-19       1.03994e-19
 195.0000000       1.33016e-19       1.33016e-19
 195.1000000       1.45868e-19       1.45868e-19
 195.2000000       1.44749e-19       1.44749e-19
 195.3000000       1.37717e-19       1.37717e-19
 195.4000000       1.34761e-19       1.34761e-19
 195.5000000       1.57266e-19       1.57266e-19
 195.6000000       1.82536e-19       1.82536e-19
 195.7000000       1.88192e-19       1.88192e-19
 195.8000000       1.88154e-19       1.88154e-19
 195.9000000       2.05520e-19       2.05520e-19
 196.0000000       2.47254e-19       2.47254e-19
 196.1000000       2.72780e-19       2.72780e-19
 196.2000000       2.86221e-19       2.86221e-19
 196.3000000       2.95441e-19       2.95441e-19
 196.4000000       2.99344e-19       2.99344e-19
 196.5000000       3.05597e-19       3.05597e-19
 196.6000000       3.26639e-19       3.26639e-19
 196.7000000       3.50232e-19       3.50232e-19
 196.8000000       3.68538e-19       3.68538e-19
 196.9000000       3.82486e-19       3.82486e-19
 197.0000000       3.96334e-19       3.96334e-19
 197.1000000       4.08611e-19       4.08611e-19
 197.2000000       4.20347e-19       4.20347e-19
 197.3000000       4.27829e-19       4.27829e-19
 197.4000000       4.27923e-19       4.27923e-19
 197.5000000       4.27916e-19       4.27916e-19
 197.6000000       4.31033e-19       4.31033e-19
 197.7000000       4.37563e-19       4.37563e-19
 197.8000000       4.69751e-19       4.69751e-19
 197.9000000       5.06539e-19       5.06539e-19
 198.0000000       5.03163e-19       5.03163e-19
 198.1000000       4.91351e-19       4.91351e-19
 198.2000000       4.96370e-19       4.96370e-19
 198.3000000       5.18900e-19       5.18900e-19
 198.4000000       5.38258e-19       5.38258e-19
 198.5000000       5.52290e-19       5.52290e-19
 198.6000000       5.66289e-19       5.66289e-19
 198.7000000       5.85358e-19       5.85358e-19
 198.8000000       6.07785e-19       6.07785e-19
 198.9000000       6.24079e-19       6.24079e-19
 199.0000000       6.33473e-19       6.33473e-19
 199.1000000       6.42861e-19       6.42861e-19
 199.2000000       6.59508e-19       6.59508e-19
 199.3000000       6.86358e-19       6.86358e-19
 199.4000000       7.09960e-19       7.09960e-19
 199.5000000       7.25980e-19       7.25980e-19
 199.6000000       7.41091e-19       7.41091e-19
 199.7000000       7.48075e-19       7.48075e-19
 199.8000000       7.53298e-19       7.53298e-19
 199.9000000       7.86337e-19       7.86337e-19
 200.0000000       8.30878e-19       8.30878e-19
 200.1000000       8.46290e-19       8.46290e-19
 200.2000000       8.53245e-19       8.53245e-19
 200.3000000       8.60199e-19       8.60199e-19
 200.4000000       8.67154e-19       8.67154e-19
 200.5000000       8.74109e-19       8.74109e-19
 200.6000000       8.79800e-19       8.79800e-19
 200.7000000       8.83298e-19       8.83298e-19
 200.8000000       8.86828e-19       8.86828e-19
 200.9000000       8.98899e-19       8.98899e-19
 201.0000000       9.16834e-19       9.16834e-19
 201.1000000       9.31934e-19       9.31934e-19
 201.2000000       9.43722e-19       9.43722e-19
 201.3000000       9.56571e-19       9.56571e-19
 201.4000000       9.75327e-19       9.75327e-19
 201.5000000       9.94966e-19       9.94966e-19
 201.6000000       1.01006e-18       1.01006e-18
 201.7000000       1.02180e-18       1.02180e-18
 201.8000000       1.03566e-18       1.03566e-18
 201.9000000       1.05735e-18       1.05735e-18
 202.0000000       1.07924e-18       1.07924e-18
 202.1000000       1.09776e-18       1.09776e-18
 202.2000000       1.11845e-18       1.11845e-18
 202.3000000       1.17271e-18       1.17271e-18
 202.4000000       1.31422e-18       1.31422e-18
 202.5000000       1.64955e-18       1.64955e-18
 202.6000000       1.91695e-18       1.91695e-18
 202.7000000       1.92180e-18       1.92180e-18
