# b'CH3CN cross sections\nAlan Heays 2015-09-24\nReference: nuth1982, eden2003\nphotoabsorption   -- Photoabsorption cross section (cm2)\nphotodissociation -- Photodissociation cross section (cm2)\nphotoionisation   -- Photoionisation cross section (cm2)'
# 
# wavelength   photoabsorption photodissociation   photoionisation
  60.5000000       5.23406e-17       8.48023e-19       5.31887e-17
  60.6000000       5.19268e-17       7.82842e-19       5.27097e-17
  60.7000000       5.25463e-17       6.74397e-19       5.32207e-17
  60.8000000       5.33869e-17       5.69016e-19       5.39559e-17
  60.9000000       5.42274e-17       5.43990e-19       5.47714e-17
  61.0000000       5.50534e-17       5.36679e-19       5.55886e-17
  61.1000000       5.55284e-17       4.13528e-19       5.59052e-17
  61.2000000       5.58539e-17       2.41017e-19       5.60084e-17
  61.3000000       5.61753e-17       8.78446e-20       5.61372e-17
  61.4000000       5.64722e-17       5.16313e-20       5.64206e-17
  61.5000000       5.67651e-17       3.50675e-20       5.67300e-17
  61.6000000       5.70389e-17       3.23078e-20       5.70066e-17
  61.7000000       5.71747e-17       1.29724e-19       5.70450e-17
  61.8000000       5.72831e-17       2.47106e-19       5.70360e-17
  61.9000000       5.74188e-17       4.14137e-19       5.70046e-17
  62.0000000       5.76311e-17       7.20217e-19       5.69109e-17
  62.1000000       5.78480e-17       1.03458e-18       5.68134e-17
  62.2000000       5.81006e-17       1.21703e-18       5.68836e-17
  62.3000000       5.83934e-17       1.25055e-18       5.71429e-17
  62.4000000       5.86863e-17       1.28394e-18       5.74024e-17
  62.5000000       5.90106e-17       1.40386e-18       5.76067e-17
  62.6000000       5.93768e-17       1.63937e-18       5.77374e-17
  62.7000000       5.97252e-17       1.88223e-18       5.78430e-17
  62.8000000       5.99616e-17       2.16735e-18       5.77942e-17
  62.9000000       6.01785e-17       2.45979e-18       5.77187e-17
  63.0000000       6.04258e-17       2.67345e-18       5.77524e-17
  63.1000000       6.07479e-17       2.69386e-18       5.80540e-17
  63.2000000       6.10733e-17       2.70542e-18       5.83679e-17
  63.3000000       6.13325e-17       2.70296e-18       5.86296e-17
  63.4000000       6.15277e-17       2.68698e-18       5.88407e-17
  63.5000000       6.17229e-17       2.67100e-18       5.90519e-17
  63.6000000       6.20217e-17       2.71517e-18       5.93065e-17
  63.7000000       6.24403e-17       2.82883e-18       5.96114e-17
  63.8000000       6.27982e-17       2.90959e-18       5.98886e-17
  63.9000000       6.30446e-17       2.92980e-18       6.01148e-17
  64.0000000       6.32847e-17       2.97494e-18       6.03097e-17
  64.1000000       6.34887e-17       3.26630e-18       6.02224e-17
  64.2000000       6.36839e-17       3.61819e-18       6.00657e-17
  64.3000000       6.38671e-17       3.94996e-18       5.99171e-17
  64.4000000       6.39082e-17       4.04395e-18       5.98642e-17
  64.5000000       6.39082e-17       4.06912e-18       5.98391e-17
  64.6000000       6.39460e-17       4.09399e-18       5.98520e-17
  64.7000000       6.45803e-17       4.11384e-18       6.04665e-17
  64.8000000       6.54124e-17       4.13820e-18       6.12742e-17
  64.9000000       6.59122e-17       4.41927e-18       6.14930e-17
  65.0000000       6.62378e-17       4.83499e-18       6.14029e-17
  65.1000000       6.65011e-17       5.19187e-18       6.13093e-17
  65.2000000       6.62798e-17       5.09109e-18       6.11887e-17
  65.3000000       6.59558e-17       4.89345e-18       6.10624e-17
  65.4000000       6.57588e-17       4.76820e-18       6.09906e-17
  65.5000000       6.59488e-17       4.86379e-18       6.10851e-17
  65.6000000       6.61658e-17       4.97469e-18       6.11911e-17
  65.7000000       6.65039e-17       5.13051e-18       6.13733e-17
  65.8000000       6.69924e-17       5.34206e-18       6.16503e-17
  65.9000000       6.74314e-17       5.51711e-18       6.19143e-17
  66.0000000       6.75849e-17       5.48244e-18       6.21025e-17
  66.1000000       6.76931e-17       5.41447e-18       6.22786e-17
  66.2000000       6.78975e-17       5.38011e-18       6.25174e-17
  66.3000000       6.83232e-17       5.42307e-18       6.29001e-17
  66.4000000       6.87575e-17       5.46907e-18       6.32884e-17
  66.5000000       6.90765e-17       5.49265e-18       6.35839e-17
  66.6000000       6.92933e-17       5.49639e-18       6.37970e-17
  66.7000000       6.95093e-17       5.50343e-18       6.40058e-17
  66.8000000       6.97099e-17       5.56647e-18       6.41435e-17
  66.9000000       6.99051e-17       5.64956e-18       6.42555e-17
  67.0000000       7.00977e-17       5.73699e-18       6.43607e-17
  67.1000000       7.02309e-17       5.92490e-18       6.43060e-17
  67.2000000       7.03393e-17       6.15490e-18       6.41844e-17
  67.3000000       7.04220e-17       6.38006e-18       6.40419e-17
  67.4000000       7.03505e-17       6.57608e-18       6.37744e-17
  67.5000000       7.02531e-17       6.76723e-18       6.34858e-17
  67.6000000       7.01654e-17       6.95027e-18       6.32151e-17
  67.7000000       7.01505e-17       7.07235e-18       6.30781e-17
  67.8000000       7.01505e-17       7.18191e-18       6.29685e-17
  67.9000000       7.01790e-17       7.29652e-18       6.28825e-17
  68.0000000       7.04782e-17       7.45886e-18       6.30194e-17
  68.1000000       7.08445e-17       7.63303e-18       6.32115e-17
  68.2000000       7.11419e-17       7.74716e-18       6.33948e-17
  68.3000000       7.13589e-17       7.79114e-18       6.35678e-17
  68.4000000       7.15707e-17       7.83044e-18       6.37402e-17
  68.5000000       7.16368e-17       7.74162e-18       6.38952e-17
  68.6000000       7.16368e-17       7.59457e-18       6.40422e-17
  68.7000000       7.16611e-17       7.49263e-18       6.41684e-17
  68.8000000       7.18478e-17       7.69283e-18       6.41549e-17
  68.9000000       7.20646e-17       7.94903e-18       6.41156e-17
  69.0000000       7.22815e-17       8.19238e-18       6.40891e-17
  69.1000000       7.24984e-17       8.40224e-18       6.40961e-17
  69.2000000       7.27153e-17       8.61036e-18       6.41049e-17
  69.3000000       7.30654e-17       8.73872e-18       6.43267e-17
  69.4000000       7.35541e-17       8.78410e-18       6.47700e-17
  69.5000000       7.39668e-17       8.83495e-18       6.51319e-17
  69.6000000       7.40146e-17       8.91210e-18       6.51025e-17
  69.7000000       7.40146e-17       8.99269e-18       6.50219e-17
  69.8000000       7.39789e-17       9.14564e-18       6.48333e-17
  69.9000000       7.38726e-17       9.44182e-18       6.44308e-17
  70.0000000       7.37639e-17       9.74142e-18       6.40225e-17
  70.1000000       7.35119e-17       9.91537e-18       6.35965e-17
  70.2000000       7.31478e-17       9.99104e-18       6.31567e-17
  70.3000000       7.29558e-17       1.01173e-17       6.28385e-17
  70.4000000       7.34322e-17       1.04401e-17       6.29921e-17
  70.5000000       7.39755e-17       1.07825e-17       6.31930e-17
  70.6000000       7.42136e-17       1.10142e-17       6.31994e-17
  70.7000000       7.39760e-17       1.10734e-17       6.29026e-17
  70.8000000       7.37560e-17       1.11503e-17       6.26057e-17
  70.9000000       7.37173e-17       1.13811e-17       6.23362e-17
  71.0000000       7.37173e-17       1.16447e-17       6.20726e-17
  71.1000000       7.37173e-17       1.19001e-17       6.18172e-17
  71.2000000       7.37173e-17       1.20730e-17       6.16443e-17
  71.3000000       7.37173e-17       1.22248e-17       6.14925e-17
  71.4000000       7.37052e-17       1.23768e-17       6.13284e-17
  71.5000000       7.35370e-17       1.25316e-17       6.10054e-17
  71.6000000       7.33209e-17       1.26872e-17       6.06337e-17
  71.7000000       7.31415e-17       1.28622e-17       6.02793e-17
  71.8000000       7.31228e-17       1.31223e-17       6.00005e-17
  71.9000000       7.31228e-17       1.33922e-17       5.97305e-17
  72.0000000       7.31228e-17       1.36544e-17       5.94684e-17
  72.1000000       7.31228e-17       1.38752e-17       5.92476e-17
  72.2000000       7.31228e-17       1.40899e-17       5.90328e-17
  72.3000000       7.30560e-17       1.42569e-17       5.87991e-17
  72.4000000       7.28449e-17       1.43204e-17       5.85245e-17
  72.5000000       7.26289e-17       1.43805e-17       5.82484e-17
  72.6000000       7.24243e-17       1.45213e-17       5.79031e-17
  72.7000000       7.22298e-17       1.47322e-17       5.74975e-17
  72.8000000       7.20352e-17       1.49432e-17       5.70920e-17
  72.9000000       7.19341e-17       1.50410e-17       5.68931e-17
  73.0000000       7.19341e-17       1.50163e-17       5.69178e-17
  73.1000000       7.19027e-17       1.50083e-17       5.68944e-17
  73.2000000       7.17094e-17       1.50867e-17       5.66228e-17
  73.3000000       7.14933e-17       1.51773e-17       5.63159e-17
  73.4000000       7.13141e-17       1.52533e-17       5.60607e-17
  73.5000000       7.12141e-17       1.52980e-17       5.59161e-17
  73.6000000       7.11167e-17       1.53415e-17       5.57752e-17
  73.7000000       7.10165e-17       1.54486e-17       5.55679e-17
  73.8000000       7.09087e-17       1.57187e-17       5.51900e-17
  73.9000000       7.08005e-17       1.59971e-17       5.48034e-17
  74.0000000       7.06976e-17       1.61882e-17       5.45094e-17
  74.1000000       7.06002e-17       1.62873e-17       5.43129e-17
  74.2000000       7.05028e-17       1.63865e-17       5.41164e-17
  74.3000000       7.04479e-17       1.65257e-17       5.39222e-17
  74.4000000       7.04477e-17       1.67167e-17       5.37311e-17
  74.5000000       7.04494e-17       1.69091e-17       5.35403e-17
  74.6000000       7.05148e-17       1.71507e-17       5.33641e-17
  74.7000000       7.06123e-17       1.74170e-17       5.31953e-17
  74.8000000       7.07099e-17       1.76832e-17       5.30267e-17
  74.9000000       7.08142e-17       1.79411e-17       5.28731e-17
  75.0000000       7.09226e-17       1.81940e-17       5.27286e-17
  75.1000000       7.10563e-17       1.84296e-17       5.26267e-17
  75.2000000       7.14311e-17       1.85017e-17       5.29294e-17
  75.3000000       7.18655e-17       1.85333e-17       5.33323e-17
  75.4000000       7.22852e-17       1.86161e-17       5.36691e-17
  75.5000000       7.26554e-17       1.88707e-17       5.37847e-17
  75.6000000       7.30207e-17       1.91471e-17       5.38735e-17
  75.7000000       7.33585e-17       1.96366e-17       5.37219e-17
  75.8000000       7.36841e-17       2.02212e-17       5.34628e-17
  75.9000000       7.39828e-17       2.07428e-17       5.32401e-17
  76.0000000       7.41106e-17       2.08621e-17       5.32485e-17
  76.1000000       7.42081e-17       2.09103e-17       5.32978e-17
  76.2000000       7.43169e-17       2.09838e-17       5.33331e-17
  76.3000000       7.45148e-17       2.12562e-17       5.32585e-17
  76.4000000       7.47316e-17       2.15711e-17       5.31605e-17
  76.5000000       7.48962e-17       2.18755e-17       5.30207e-17
  76.6000000       7.49064e-17       2.21493e-17       5.27570e-17
  76.7000000       7.49064e-17       2.24211e-17       5.24853e-17
  76.8000000       7.49737e-17       2.26969e-17       5.22768e-17
  76.9000000       7.52785e-17       2.29867e-17       5.22919e-17
  77.0000000       7.56041e-17       2.32777e-17       5.23264e-17
  77.1000000       7.58409e-17       2.35289e-17       5.23120e-17
  77.2000000       7.59503e-17       2.37230e-17       5.22273e-17
  77.3000000       7.60572e-17       2.39172e-17       5.21400e-17
  77.4000000       7.60955e-17       2.41380e-17       5.19574e-17
  77.5000000       7.60955e-17       2.43736e-17       5.17218e-17
  77.6000000       7.61047e-17       2.46214e-17       5.14833e-17
  77.7000000       7.61945e-17       2.49748e-17       5.12196e-17
  77.8000000       7.63028e-17       2.53526e-17       5.09502e-17
  77.9000000       7.64355e-17       2.57032e-17       5.07323e-17
  78.0000000       7.66465e-17       2.59662e-17       5.06803e-17
  78.1000000       7.68634e-17       2.62226e-17       5.06408e-17
  78.2000000       7.68071e-17       2.63407e-17       5.04664e-17
  78.3000000       7.63926e-17       2.62776e-17       5.01149e-17
  78.4000000       7.61050e-17       2.62771e-17       4.98279e-17
  78.5000000       7.60955e-17       2.64137e-17       4.96817e-17
  78.6000000       7.60955e-17       2.65465e-17       4.95490e-17
  78.7000000       7.60955e-17       2.65749e-17       4.95206e-17
  78.8000000       7.60955e-17       2.65725e-17       4.95229e-17
  78.9000000       7.61001e-17       2.65767e-17       4.95235e-17
  79.0000000       7.61815e-17       2.66864e-17       4.94951e-17
  79.1000000       7.62899e-17       2.68334e-17       4.94565e-17
  79.2000000       7.63375e-17       2.69798e-17       4.93577e-17
  79.3000000       7.60862e-17       2.71236e-17       4.89626e-17
  79.4000000       7.57946e-17       2.72670e-17       4.85276e-17
  79.5000000       7.55121e-17       2.73985e-17       4.81136e-17
  79.6000000       7.52863e-17       2.74566e-17       4.78297e-17
  79.7000000       7.50702e-17       2.75022e-17       4.75680e-17
  79.8000000       7.47947e-17       2.75015e-17       4.72933e-17
  79.9000000       7.43703e-17       2.73845e-17       4.69858e-17
  80.0000000       7.39387e-17       2.72619e-17       4.66768e-17
  80.1000000       7.36120e-17       2.72067e-17       4.64053e-17
  80.2000000       7.33958e-17       2.72223e-17       4.61735e-17
  80.3000000       7.31925e-17       2.72372e-17       4.59553e-17
  80.4000000       7.33026e-17       2.72355e-17       4.60671e-17
  80.5000000       7.35467e-17       2.72267e-17       4.63200e-17
  80.6000000       7.36086e-17       2.72389e-17       4.63697e-17
  80.7000000       7.32960e-17       2.72940e-17       4.60020e-17
  80.8000000       7.29721e-17       2.73504e-17       4.56217e-17
  80.9000000       7.25599e-17       2.73747e-17       4.51852e-17
  81.0000000       7.20746e-17       2.73725e-17       4.47021e-17
  81.1000000       7.17634e-17       2.74267e-17       4.43368e-17
  81.2000000       7.21737e-17       2.77144e-17       4.44593e-17
  81.3000000       7.26499e-17       2.80213e-17       4.46286e-17
  81.4000000       7.25384e-17       2.80397e-17       4.44988e-17
  81.5000000       7.21068e-17       2.79009e-17       4.42060e-17
  81.6000000       7.17323e-17       2.77831e-17       4.39492e-17
  81.7000000       7.18591e-17       2.78500e-17       4.40092e-17
  81.8000000       7.21032e-17       2.79601e-17       4.41432e-17
  81.9000000       7.21285e-17       2.79962e-17       4.41324e-17
  82.0000000       7.19126e-17       2.79507e-17       4.39619e-17
  82.1000000       7.17111e-17       2.79124e-17       4.37986e-17
  82.2000000       7.19021e-17       2.80704e-17       4.38316e-17
  82.3000000       7.22685e-17       2.83162e-17       4.39523e-17
  82.4000000       7.28268e-17       2.87053e-17       4.41215e-17
  82.5000000       7.37946e-17       2.94002e-17       4.43944e-17
  82.6000000       7.29603e-17       2.93255e-17       4.36348e-17
  82.7000000       7.14411e-17       2.86562e-17       4.27849e-17
  82.8000000       7.10766e-17       2.82224e-17       4.28542e-17
  82.9000000       7.08702e-17       2.79212e-17       4.29491e-17
  83.0000000       7.13374e-17       2.81848e-17       4.31525e-17
  83.1000000       7.18808e-17       2.85125e-17       4.33683e-17
  83.2000000       7.24299e-17       2.88590e-17       4.35709e-17
  83.3000000       7.29886e-17       2.92377e-17       4.37509e-17
  83.4000000       7.32708e-17       2.95323e-17       4.37385e-17
  83.5000000       7.28241e-17       2.96039e-17       4.32203e-17
  83.6000000       7.22020e-17       2.95186e-17       4.26835e-17
  83.7000000       7.13741e-17       2.92151e-17       4.21591e-17
  83.8000000       7.09748e-17       2.90738e-17       4.19010e-17
  83.9000000       7.16574e-17       2.93457e-17       4.23116e-17
  84.0000000       7.23799e-17       2.96397e-17       4.27402e-17
  84.1000000       7.29264e-17       2.99642e-17       4.29622e-17
  84.2000000       7.32789e-17       3.02504e-17       4.30284e-17
  84.3000000       7.27802e-17       3.02347e-17       4.25454e-17
  84.4000000       7.21338e-17       3.01667e-17       4.19671e-17
  84.5000000       7.16024e-17       3.01166e-17       4.14859e-17
  84.6000000       7.13708e-17       3.01132e-17       4.12576e-17
  84.7000000       7.11546e-17       3.01122e-17       4.10425e-17
  84.8000000       7.10423e-17       3.01152e-17       4.09271e-17
  84.9000000       7.10423e-17       3.01225e-17       4.09197e-17
  85.0000000       7.10423e-17       3.01298e-17       4.09124e-17
  85.1000000       7.09956e-17       3.01726e-17       4.08230e-17
  85.2000000       7.08877e-17       3.02618e-17       4.06259e-17
  85.3000000       7.07797e-17       3.03504e-17       4.04293e-17
  85.4000000       7.06787e-17       3.04084e-17       4.02703e-17
  85.5000000       7.05813e-17       3.04506e-17       4.01307e-17
  85.6000000       7.04830e-17       3.04915e-17       3.99915e-17
  85.7000000       7.03120e-17       3.04329e-17       3.98791e-17
  85.8000000       7.00959e-17       3.03124e-17       3.97834e-17
  85.9000000       6.98951e-17       3.02146e-17       3.96806e-17
  86.0000000       6.98532e-17       3.03498e-17       3.95034e-17
  86.1000000       6.98532e-17       3.05465e-17       3.93067e-17
  86.2000000       6.98338e-17       3.07216e-17       3.91122e-17
  86.3000000       6.97431e-17       3.08170e-17       3.89260e-17
  86.4000000       6.96457e-17       3.09051e-17       3.87406e-17
  86.5000000       6.95321e-17       3.09653e-17       3.85668e-17
  86.6000000       6.93462e-17       3.09015e-17       3.84447e-17
  86.7000000       6.91516e-17       3.08229e-17       3.83287e-17
  86.8000000       6.89836e-17       3.07661e-17       3.82175e-17
  86.9000000       6.89614e-17       3.08289e-17       3.81324e-17
  87.0000000       6.89614e-17       3.09101e-17       3.80513e-17
  87.1000000       6.89321e-17       3.09873e-17       3.79448e-17
  87.2000000       6.88371e-17       3.10557e-17       3.77814e-17
  87.3000000       6.87398e-17       3.11238e-17       3.76159e-17
  87.4000000       6.86114e-17       3.11834e-17       3.74280e-17
  87.5000000       6.83998e-17       3.12198e-17       3.71800e-17
  87.6000000       6.81837e-17       3.12550e-17       3.69286e-17
  87.7000000       6.80237e-17       3.13184e-17       3.67053e-17
  87.8000000       6.79262e-17       3.14131e-17       3.65132e-17
  87.9000000       6.78289e-17       3.15078e-17       3.63210e-17
  88.0000000       6.75167e-17       3.15195e-17       3.59972e-17
  88.1000000       6.69124e-17       3.14180e-17       3.54943e-17
  88.2000000       6.63724e-17       3.13459e-17       3.50265e-17
  88.3000000       6.62864e-17       3.14798e-17       3.48066e-17
  88.4000000       6.62864e-17       3.16527e-17       3.46336e-17
  88.5000000       6.62676e-17       3.18145e-17       3.44532e-17
  88.6000000       6.60884e-17       3.18806e-17       3.42078e-17
  88.7000000       6.58723e-17       3.19248e-17       3.39475e-17
  88.8000000       6.55966e-17       3.19303e-17       3.36663e-17
  88.9000000       6.51262e-17       3.18096e-17       3.33165e-17
  89.0000000       6.46519e-17       3.16836e-17       3.29683e-17
  89.1000000       6.45027e-17       3.16855e-17       3.28173e-17
  89.2000000       6.45027e-17       3.17461e-17       3.27567e-17
  89.3000000       6.45027e-17       3.18068e-17       3.26959e-17
  89.4000000       6.45027e-17       3.18752e-17       3.26276e-17
  89.5000000       6.45027e-17       3.19477e-17       3.25551e-17
  89.6000000       6.45027e-17       3.20208e-17       3.24819e-17
  89.7000000       6.45027e-17       3.21519e-17       3.23508e-17
  89.8000000       6.45027e-17       3.23211e-17       3.21816e-17
  89.9000000       6.45019e-17       3.24895e-17       3.20124e-17
  90.0000000       6.42602e-17       3.24371e-17       3.18231e-17
  90.1000000       6.38286e-17       3.22106e-17       3.16180e-17
  90.2000000       6.34122e-17       3.19898e-17       3.14223e-17
  90.3000000       6.32264e-17       3.18565e-17       3.13699e-17
  90.4000000       6.31182e-17       3.17525e-17       3.13657e-17
  90.5000000       6.29813e-17       3.16613e-17       3.13200e-17
  90.6000000       6.27075e-17       3.16316e-17       3.10760e-17
  90.7000000       6.24159e-17       3.16098e-17       3.08061e-17
  90.8000000       6.21609e-17       3.16045e-17       3.05564e-17
  90.9000000       6.21246e-17       3.16972e-17       3.04274e-17
  91.0000000       6.21246e-17       3.18063e-17       3.03183e-17
  91.1000000       6.21147e-17       3.19019e-17       3.02128e-17
  91.2000000       6.20322e-17       3.18984e-17       3.01338e-17
  91.3000000       6.19350e-17       3.18748e-17       3.00601e-17
  91.4000000       6.18262e-17       3.18396e-17       2.99867e-17
  91.5000000       6.16097e-17       3.16946e-17       2.99151e-17
  91.6000000       6.13666e-17       3.15227e-17       2.98439e-17
  91.7000000       6.12335e-17       3.14605e-17       2.97729e-17
  91.8000000       6.12332e-17       3.15310e-17       2.97021e-17
  91.9000000       6.12332e-17       3.16019e-17       2.96313e-17
  92.0000000       6.13650e-17       3.17778e-17       2.95872e-17
  92.1000000       6.16888e-17       3.21069e-17       2.95819e-17
  92.2000000       6.20084e-17       3.24327e-17       2.95758e-17
  92.3000000       6.20442e-17       3.25302e-17       2.95141e-17
  92.4000000       6.19227e-17       3.25012e-17       2.94215e-17
  92.5000000       6.18047e-17       3.24589e-17       2.93457e-17
  92.6000000       6.16959e-17       3.23802e-17       2.93157e-17
  92.7000000       6.15878e-17       3.22995e-17       2.92883e-17
  92.8000000       6.13591e-17       3.22292e-17       2.91299e-17
  92.9000000       6.09949e-17       3.21706e-17       2.88243e-17
  93.0000000       6.06361e-17       3.21178e-17       2.85183e-17
  93.1000000       6.03076e-17       3.20967e-17       2.82109e-17
  93.2000000       5.99836e-17       3.20804e-17       2.79032e-17
  93.3000000       5.97235e-17       3.21202e-17       2.76033e-17
  93.4000000       5.96095e-17       3.22886e-17       2.73210e-17
  93.5000000       5.95016e-17       3.24621e-17       2.70395e-17
  93.6000000       5.99609e-17       3.29313e-17       2.70297e-17
  93.7000000       6.09425e-17       3.36725e-17       2.72700e-17
  93.8000000       6.13679e-17       3.40942e-17       2.72737e-17
  93.9000000       6.09572e-17       3.40383e-17       2.69190e-17
  94.0000000       6.02331e-17       3.38311e-17       2.64020e-17
  94.1000000       5.95585e-17       3.36788e-17       2.58798e-17
  94.2000000       5.95930e-17       3.40335e-17       2.55594e-17
  94.3000000       5.96960e-17       3.44697e-17       2.52263e-17
  94.4000000       5.94566e-17       3.49665e-17       2.44900e-17
  94.5000000       5.91326e-17       3.54783e-17       2.36543e-17
  94.6000000       5.91195e-17       3.62335e-17       2.28860e-17
  94.7000000       6.01964e-17       3.78421e-17       2.23543e-17
  94.8000000       6.08698e-17       3.90993e-17       2.17705e-17
  94.9000000       6.12362e-17       4.00944e-17       2.11419e-17
  95.0000000       6.18483e-17       4.11551e-17       2.06932e-17
  95.1000000       6.31471e-17       4.23840e-17       2.07631e-17
  95.2000000       6.32776e-17       4.27191e-17       2.05585e-17
  95.3000000       6.25355e-17       4.24198e-17       2.01158e-17
  95.4000000       5.98727e-17       4.08269e-17       1.90458e-17
  95.5000000       5.94510e-17       4.08059e-17       1.86451e-17
  95.6000000       5.92748e-17       4.09569e-17       1.83179e-17
  95.7000000       6.03690e-17       4.20152e-17       1.83538e-17
  95.8000000       6.22593e-17       4.36092e-17       1.86500e-17
  95.9000000       6.28116e-17       4.41747e-17       1.86369e-17
  96.0000000       5.93420e-17       4.18709e-17       1.74711e-17
  96.1000000       5.77938e-17       4.09123e-17       1.68814e-17
  96.2000000       6.24823e-17       4.43759e-17       1.81063e-17
  96.3000000       6.81488e-17       4.85907e-17       1.95580e-17
  96.4000000       6.83198e-17       4.90519e-17       1.92679e-17
  96.5000000       6.30724e-17       4.56350e-17       1.74374e-17
  96.6000000       5.81433e-17       4.23882e-17       1.57550e-17
  96.7000000       5.49977e-17       4.01115e-17       1.48862e-17
  96.8000000       5.64346e-17       4.08754e-17       1.55592e-17
  96.9000000       6.28830e-17       4.51707e-17       1.77124e-17
  97.0000000       7.70737e-17       5.57089e-17       2.13648e-17
  97.1000000       8.03916e-17       5.93060e-17       2.10856e-17
  97.2000000       7.29346e-17       5.48922e-17       1.80424e-17
  97.3000000       6.55963e-17       4.98814e-17       1.57148e-17
  97.4000000       5.97486e-17       4.55326e-17       1.42161e-17
  97.5000000       5.65116e-17       4.31499e-17       1.33617e-17
  97.6000000       5.56810e-17       4.25274e-17       1.31536e-17
  97.7000000       5.54379e-17       4.23304e-17       1.31075e-17
  97.8000000       5.54330e-17       4.22299e-17       1.32031e-17
  97.9000000       5.57953e-17       4.22782e-17       1.35171e-17
  98.0000000       5.65836e-17       4.26568e-17       1.39268e-17
  98.1000000       6.49036e-17       4.90793e-17       1.58243e-17
  98.2000000       7.87263e-17       6.03193e-17       1.84070e-17
  98.3000000       8.30309e-17       6.50943e-17       1.79366e-17
  98.4000000       7.97787e-17       6.39997e-17       1.57790e-17
  98.5000000       7.13915e-17       5.82542e-17       1.31374e-17
  98.6000000       6.78063e-17       5.57084e-17       1.20980e-17
  98.7000000       7.10653e-17       5.86481e-17       1.24172e-17
  98.8000000       7.14109e-17       5.91816e-17       1.22292e-17
  98.9000000       6.93554e-17       5.76264e-17       1.17291e-17
  99.0000000       6.35387e-17       5.29031e-17       1.06356e-17
  99.1000000       5.68023e-17       4.73933e-17       9.40899e-18
  99.2000000       5.58971e-17       4.67389e-17       9.15820e-18
  99.3000000       5.64348e-17       4.73658e-17       9.06902e-18
  99.4000000       5.75326e-17       4.85093e-17       9.02333e-18
  99.5000000       5.82326e-17       4.94574e-17       8.77518e-18
  99.6000000       5.88445e-17       5.03623e-17       8.48222e-18
  99.7000000       5.92798e-17       5.11123e-17       8.16750e-18
  99.8000000       5.95365e-17       5.17058e-17       7.83074e-18
  99.9000000       5.97932e-17       5.22992e-17       7.49399e-18
 100.0000000       6.00499e-17       5.28926e-17       7.15723e-18
 100.1000000       6.04460e-17       5.35956e-17       6.85044e-18
 100.2000000       6.16973e-17       5.49720e-17       6.72530e-18
 100.3000000       6.47991e-17       5.80260e-17       6.77312e-18
 100.4000000       6.75511e-17       6.09396e-17       6.61154e-18
 100.5000000       7.46024e-17       6.79218e-17       6.68061e-18
 100.6000000       8.47874e-17       7.79392e-17       6.84823e-18
 100.7000000       9.15692e-17       8.50242e-17       6.54505e-18
 100.8000000       9.17387e-17       8.58632e-17       5.87548e-18
 100.9000000       8.80392e-17       8.29224e-17       5.11674e-18
 101.0000000       8.01874e-17       7.58102e-17       4.37719e-18
 101.1000000       7.63580e-17       7.24523e-17       3.90573e-18
 101.2000000       7.13450e-17       6.79493e-17       3.39573e-18
 101.3000000       6.80451e-17       6.51022e-17       2.94287e-18
 101.4000000       6.80272e-17       6.53954e-17       2.63186e-18
 101.5000000       7.08654e-17       6.84445e-17       2.42088e-18
 101.6000000       7.38760e-17       7.17349e-17       2.14105e-18
 101.7000000       7.55096e-17       7.38949e-17       1.61469e-18
 101.8000000       7.53166e-17       7.42686e-17       1.04799e-18
 101.9000000       7.31962e-17       7.25673e-17       6.28893e-19
 102.0000000       7.16248e-17       7.11672e-17       4.57602e-19
 102.1000000       6.99588e-17       6.96528e-17       3.05993e-19
 102.2000000       6.81776e-17       6.80179e-17       1.59679e-19
 102.3000000       6.66112e-17       6.65623e-17       4.88710e-20
 102.4000000       6.60162e-17       6.59912e-17       2.49916e-20
 102.5000000       6.55105e-17       6.55030e-17       7.45190e-21
 102.6000000       6.67999e-17       6.67559e-17       4.40126e-20
 102.7000000       6.93308e-17       6.92014e-17       1.29378e-19
 102.8000000       6.83822e-17       6.81679e-17       2.14388e-19
 102.9000000       6.45287e-17       6.42439e-17       2.84862e-19
 103.0000000       5.81825e-17       5.78514e-17       3.31076e-19
 103.1000000       5.16097e-17       5.12772e-17       3.32472e-19
 103.2000000       4.99583e-17       4.96390e-17       3.19288e-19
 103.3000000       5.36664e-17       5.33272e-17       3.39212e-19
 103.4000000       5.95281e-17       5.91559e-17       3.72123e-19
 103.5000000       6.36707e-17       6.32771e-17       3.93604e-19
 103.6000000       6.85796e-17       6.81616e-17       4.18022e-19
 103.7000000       7.57705e-17       7.53337e-17       4.36767e-19
 103.8000000       8.09265e-17       8.05002e-17       4.26283e-19
 103.9000000       7.45630e-17       7.42070e-17       3.55999e-19
 104.0000000       6.43105e-17       6.40367e-17       2.73728e-19
 104.1000000       6.22548e-17       6.20212e-17       2.33622e-19
 104.2000000       6.40764e-17       6.38518e-17       2.24610e-19
 104.3000000       6.57294e-17       6.55043e-17       2.25065e-19
 104.4000000       6.64254e-17       6.62024e-17       2.22969e-19
 104.5000000       6.64275e-17       6.62091e-17       2.18454e-19
 104.6000000       6.67826e-17       6.65685e-17       2.14092e-19
 104.7000000       6.74757e-17       6.72659e-17       2.09864e-19
 104.8000000       6.69198e-17       6.67299e-17       1.89923e-19
 104.9000000       6.49135e-17       6.47577e-17       1.55833e-19
 105.0000000       6.60292e-17       6.59004e-17       1.28836e-19
 105.1000000       7.37396e-17       7.36279e-17       1.11628e-19
 105.2000000       8.64153e-17       8.63227e-17       9.25866e-20
 105.3000000       9.18592e-17       9.18016e-17       5.76382e-20
 105.4000000       8.78090e-17       8.78023e-17       6.74105e-21
 105.5000000       8.19746e-17       8.19746e-17       0.00000e+00
 105.6000000       8.12925e-17       8.12925e-17       0.00000e+00
 105.7000000       8.26035e-17       8.26035e-17       0.00000e+00
 105.8000000       8.58794e-17       8.58794e-17       0.00000e+00
 105.9000000       8.89293e-17       8.89293e-17       0.00000e+00
 106.0000000       8.98686e-17       8.98686e-17       0.00000e+00
 106.1000000       9.00341e-17       9.00341e-17       0.00000e+00
 106.2000000       9.08065e-17       9.08065e-17       0.00000e+00
 106.3000000       9.07603e-17       9.07603e-17       0.00000e+00
 106.4000000       8.86697e-17       8.86697e-17       0.00000e+00
 106.5000000       9.03609e-17       9.03609e-17       0.00000e+00
 106.6000000       1.01752e-16       1.01752e-16       0.00000e+00
 106.7000000       8.10688e-17       8.10688e-17       0.00000e+00
 106.8000000       6.84080e-17       6.84080e-17       0.00000e+00
 106.9000000       7.24769e-17       7.24701e-17       6.85367e-21
 107.0000000       8.44308e-17       8.43651e-17       6.56649e-20
 107.1000000       8.86664e-17       8.84646e-17       2.01764e-19
 107.2000000       7.39179e-17       7.36232e-17       2.94753e-19
 107.3000000       6.63900e-17       6.60118e-17       3.78156e-19
 107.4000000       6.41456e-17       6.37005e-17       4.45093e-19
 107.5000000       6.61495e-17       6.56606e-17       4.88914e-19
 107.6000000       7.36682e-17       7.31773e-17       4.90879e-19
 107.7000000       8.34583e-17       8.29656e-17       4.92737e-19
 107.8000000       8.84184e-17       8.79639e-17       4.54575e-19
 107.9000000       9.05309e-17       9.01347e-17       3.96227e-19
 108.0000000       9.58458e-17       9.54977e-17       3.48128e-19
 108.1000000       1.01519e-16       1.01149e-16       3.70230e-19
 108.2000000       1.01305e-16       1.00824e-16       4.80738e-19
 108.3000000       9.34597e-17       9.29111e-17       5.48587e-19
 108.4000000       8.86778e-17       8.80525e-17       6.25258e-19
 108.5000000       8.74019e-17       8.66853e-17       7.16664e-19
 108.6000000       8.50612e-17       8.42662e-17       7.95088e-19
 108.7000000       7.86314e-17       7.78067e-17       8.24683e-19
 108.8000000       7.12556e-17       7.04390e-17       8.16604e-19
 108.9000000       7.06349e-17       6.97989e-17       8.35987e-19
 109.0000000       7.18871e-17       7.10159e-17       8.71137e-19
 109.1000000       7.34103e-17       7.25002e-17       9.10099e-19
 109.2000000       7.41066e-17       7.31671e-17       9.39505e-19
 109.3000000       7.71146e-17       7.61153e-17       9.99296e-19
 109.4000000       8.46018e-17       8.34886e-17       1.11311e-18
 109.5000000       9.50067e-17       9.39498e-17       1.05690e-18
 109.6000000       1.04813e-16       1.03983e-16       8.29592e-19
 109.7000000       1.18651e-16       1.18094e-16       5.56164e-19
 109.8000000       1.29897e-16       1.29694e-16       2.02741e-19
 109.9000000       1.39514e-16       1.39511e-16       2.15887e-21
 110.0000000       1.46943e-16       1.46943e-16       0.00000e+00
 110.1000000       1.44376e-16       1.44376e-16       0.00000e+00
 110.2000000       1.37852e-16       1.37852e-16       0.00000e+00
 110.3000000       1.29141e-16       1.29141e-16       0.00000e+00
 110.4000000       1.20246e-16       1.20246e-16       0.00000e+00
 110.5000000       1.13485e-16       1.13485e-16       0.00000e+00
 110.6000000       1.06014e-16       1.06014e-16       0.00000e+00
 110.7000000       9.75716e-17       9.75716e-17       0.00000e+00
 110.8000000       9.04861e-17       9.04861e-17       0.00000e+00
 110.9000000       8.18119e-17       8.18119e-17       0.00000e+00
 111.0000000       7.53298e-17       7.53298e-17       0.00000e+00
 111.1000000       6.66804e-17       6.66804e-17       0.00000e+00
 111.2000000       5.99655e-17       5.99655e-17       0.00000e+00
 111.3000000       5.14653e-17       5.14653e-17       0.00000e+00
 111.4000000       4.21625e-17       4.21625e-17       0.00000e+00
 111.5000000       3.68154e-17       3.68154e-17       0.00000e+00
 111.6000000       3.12400e-17       3.12400e-17       0.00000e+00
 111.7000000       2.53811e-17       2.53811e-17       0.00000e+00
 111.8000000       2.21855e-17       2.21855e-17       0.00000e+00
 111.9000000       2.11144e-17       2.11144e-17       0.00000e+00
 112.0000000       2.05216e-17       2.05216e-17       0.00000e+00
 112.1000000       2.13850e-17       2.13850e-17       0.00000e+00
 112.2000000       2.65877e-17       2.65877e-17       0.00000e+00
 112.3000000       3.68886e-17       3.68886e-17       0.00000e+00
 112.4000000       4.12430e-17       4.12430e-17       0.00000e+00
 112.5000000       3.72981e-17       3.72981e-17       0.00000e+00
 112.6000000       3.09994e-17       3.09994e-17       0.00000e+00
 112.7000000       2.60117e-17       2.60117e-17       0.00000e+00
 112.8000000       2.32427e-17       2.32427e-17       0.00000e+00
 112.9000000       2.15394e-17       2.15394e-17       0.00000e+00
 113.0000000       2.14279e-17       2.14279e-17       0.00000e+00
 113.1000000       2.18721e-17       2.18721e-17       0.00000e+00
 113.2000000       2.27145e-17       2.27145e-17       0.00000e+00
 113.3000000       2.35491e-17       2.35491e-17       0.00000e+00
 113.4000000       2.38455e-17       2.38455e-17       0.00000e+00
 113.5000000       2.40658e-17       2.40658e-17       0.00000e+00
 113.6000000       2.40102e-17       2.40102e-17       0.00000e+00
 113.7000000       2.36079e-17       2.36079e-17       0.00000e+00
 113.8000000       2.02115e-17       2.02115e-17       0.00000e+00
 113.9000000       1.51050e-17       1.51050e-17       0.00000e+00
 114.0000000       1.07971e-17       1.07971e-17       0.00000e+00
 114.1000000       9.47375e-18       9.47375e-18       0.00000e+00
 114.2000000       1.04556e-17       1.04556e-17       0.00000e+00
 114.3000000       1.28158e-17       1.28158e-17       0.00000e+00
 114.4000000       1.72819e-17       1.72819e-17       0.00000e+00
 114.5000000       2.24230e-17       2.24230e-17       0.00000e+00
 114.6000000       3.23448e-17       3.23448e-17       0.00000e+00
 114.7000000       6.27813e-17       6.27813e-17       0.00000e+00
 114.8000000       9.32400e-17       9.32400e-17       0.00000e+00
 114.9000000       1.18477e-16       1.18477e-16       0.00000e+00
 115.0000000       1.16470e-16       1.16470e-16       0.00000e+00
 115.1000000       1.07621e-16       1.07621e-16       0.00000e+00
 115.2000000       9.95513e-17       9.95513e-17       0.00000e+00
 115.3000000       9.00470e-17       9.00470e-17       0.00000e+00
 115.4000000       8.31987e-17       8.31987e-17       0.00000e+00
 115.5000000       7.49116e-17       7.49116e-17       0.00000e+00
 115.6000000       6.51214e-17       6.51214e-17       0.00000e+00
 115.7000000       5.58915e-17       5.58915e-17       0.00000e+00
 115.8000000       4.85899e-17       4.85899e-17       0.00000e+00
 115.9000000       4.28595e-17       4.28595e-17       0.00000e+00
 116.0000000       3.75574e-17       3.75574e-17       0.00000e+00
 116.1000000       3.40616e-17       3.40616e-17       0.00000e+00
 116.2000000       3.07017e-17       3.07017e-17       0.00000e+00
 116.3000000       2.79157e-17       2.79157e-17       0.00000e+00
 116.4000000       2.58142e-17       2.58142e-17       0.00000e+00
 116.5000000       2.45252e-17       2.45252e-17       0.00000e+00
 116.6000000       2.33666e-17       2.33666e-17       0.00000e+00
 116.7000000       2.21002e-17       2.21002e-17       0.00000e+00
 116.8000000       2.09819e-17       2.09819e-17       0.00000e+00
 116.9000000       2.00246e-17       2.00246e-17       0.00000e+00
 117.0000000       1.93598e-17       1.93598e-17       0.00000e+00
 117.1000000       1.89996e-17       1.89996e-17       0.00000e+00
 117.2000000       1.85775e-17       1.85775e-17       0.00000e+00
 117.3000000       1.79878e-17       1.79878e-17       0.00000e+00
 117.4000000       1.74781e-17       1.74781e-17       0.00000e+00
 117.5000000       1.76578e-17       1.76578e-17       0.00000e+00
 117.6000000       1.79824e-17       1.79824e-17       0.00000e+00
 117.7000000       1.81368e-17       1.81368e-17       0.00000e+00
 117.8000000       1.80344e-17       1.80344e-17       0.00000e+00
 117.9000000       1.79299e-17       1.79299e-17       0.00000e+00
 118.0000000       1.78328e-17       1.78328e-17       0.00000e+00
 118.1000000       1.77380e-17       1.77380e-17       0.00000e+00
 118.2000000       1.75159e-17       1.75159e-17       0.00000e+00
 118.3000000       1.65297e-17       1.65297e-17       0.00000e+00
 118.4000000       1.51754e-17       1.51754e-17       0.00000e+00
 118.5000000       1.33639e-17       1.33639e-17       0.00000e+00
 118.6000000       1.18256e-17       1.18256e-17       0.00000e+00
 118.7000000       1.09281e-17       1.09281e-17       0.00000e+00
 118.8000000       1.03291e-17       1.03291e-17       0.00000e+00
 118.9000000       1.02410e-17       1.02410e-17       0.00000e+00
 119.0000000       1.08457e-17       1.08457e-17       0.00000e+00
 119.1000000       1.12921e-17       1.12921e-17       0.00000e+00
 119.2000000       1.11994e-17       1.11994e-17       0.00000e+00
 119.3000000       1.10137e-17       1.10137e-17       0.00000e+00
 119.4000000       1.06672e-17       1.06672e-17       0.00000e+00
 119.5000000       1.03729e-17       1.03729e-17       0.00000e+00
 119.6000000       1.07027e-17       1.07027e-17       0.00000e+00
 119.7000000       1.11917e-17       1.11917e-17       0.00000e+00
 119.8000000       1.18098e-17       1.18098e-17       0.00000e+00
 119.9000000       1.25212e-17       1.25212e-17       0.00000e+00
 120.0000000       1.39092e-17       1.39092e-17       0.00000e+00
 120.1000000       1.55392e-17       1.55392e-17       0.00000e+00
 120.2000000       1.68539e-17       1.68539e-17       0.00000e+00
 120.3000000       1.85283e-17       1.85283e-17       0.00000e+00
 120.4000000       1.98958e-17       1.98958e-17       0.00000e+00
 120.5000000       2.04901e-17       2.04901e-17       0.00000e+00
 120.6000000       1.98854e-17       1.98854e-17       0.00000e+00
 120.7000000       1.87774e-17       1.87774e-17       0.00000e+00
 120.8000000       1.73689e-17       1.73689e-17       0.00000e+00
 120.9000000       1.62090e-17       1.62090e-17       0.00000e+00
 121.0000000       1.57648e-17       1.57648e-17       0.00000e+00
 121.1000000       1.52886e-17       1.52886e-17       0.00000e+00
 121.2000000       1.37909e-17       1.37909e-17       0.00000e+00
 121.3000000       1.21116e-17       1.21116e-17       0.00000e+00
 121.4000000       1.09347e-17       1.09347e-17       0.00000e+00
 121.5000000       1.08582e-17       1.08582e-17       0.00000e+00
 121.6000000       1.09747e-17       1.09747e-17       0.00000e+00
 121.7000000       1.21007e-17       1.21007e-17       0.00000e+00
 121.8000000       1.33664e-17       1.33664e-17       0.00000e+00
 121.9000000       1.41087e-17       1.41087e-17       0.00000e+00
 122.0000000       1.30342e-17       1.30342e-17       0.00000e+00
 122.1000000       1.21675e-17       1.21675e-17       0.00000e+00
 122.2000000       1.19477e-17       1.19477e-17       0.00000e+00
 122.3000000       1.18130e-17       1.18130e-17       0.00000e+00
 122.4000000       1.27631e-17       1.27631e-17       0.00000e+00
 122.5000000       1.43951e-17       1.43951e-17       0.00000e+00
 122.6000000       1.72548e-17       1.72548e-17       0.00000e+00
 122.7000000       2.03636e-17       2.03636e-17       0.00000e+00
 122.8000000       2.34132e-17       2.34132e-17       0.00000e+00
 122.9000000       2.58190e-17       2.58190e-17       0.00000e+00
 123.0000000       2.84725e-17       2.84725e-17       0.00000e+00
 123.1000000       3.06133e-17       3.06133e-17       0.00000e+00
 123.2000000       3.16828e-17       3.16828e-17       0.00000e+00
 123.3000000       3.23075e-17       3.23075e-17       0.00000e+00
 123.4000000       3.14020e-17       3.14020e-17       0.00000e+00
 123.5000000       2.98102e-17       2.98102e-17       0.00000e+00
 123.6000000       2.82156e-17       2.82156e-17       0.00000e+00
 123.7000000       2.77766e-17       2.77766e-17       0.00000e+00
 123.8000000       2.80500e-17       2.80500e-17       0.00000e+00
 123.9000000       3.13744e-17       3.13744e-17       0.00000e+00
 124.0000000       3.39721e-17       3.39721e-17       0.00000e+00
 124.1000000       3.51300e-17       3.51300e-17       0.00000e+00
 124.2000000       3.47341e-17       3.47341e-17       0.00000e+00
 124.3000000       3.43793e-17       3.43793e-17       0.00000e+00
 124.4000000       3.41039e-17       3.41039e-17       0.00000e+00
 124.5000000       3.47748e-17       3.47748e-17       0.00000e+00
 124.6000000       3.71453e-17       3.71453e-17       0.00000e+00
 124.7000000       3.94203e-17       3.94203e-17       0.00000e+00
 124.8000000       3.56294e-17       3.56294e-17       0.00000e+00
 124.9000000       3.05522e-17       3.05522e-17       0.00000e+00
 125.0000000       2.80944e-17       2.80944e-17       0.00000e+00
 125.1000000       2.62089e-17       2.62089e-17       0.00000e+00
 125.2000000       2.50052e-17       2.50052e-17       0.00000e+00
 125.3000000       2.59753e-17       2.59753e-17       0.00000e+00
 125.4000000       2.83006e-17       2.83006e-17       0.00000e+00
 125.5000000       3.25104e-17       3.25104e-17       0.00000e+00
 125.6000000       3.86388e-17       3.86388e-17       0.00000e+00
 125.7000000       4.80684e-17       4.80684e-17       0.00000e+00
 125.8000000       5.95648e-17       5.95648e-17       0.00000e+00
 125.9000000       6.27200e-17       6.27200e-17       0.00000e+00
 126.0000000       6.02346e-17       6.02346e-17       0.00000e+00
 126.1000000       5.48181e-17       5.48181e-17       0.00000e+00
 126.2000000       4.99200e-17       4.99200e-17       0.00000e+00
 126.3000000       4.66598e-17       4.66598e-17       0.00000e+00
 126.4000000       4.43710e-17       4.43710e-17       0.00000e+00
 126.5000000       4.27330e-17       4.27330e-17       0.00000e+00
 126.6000000       4.19842e-17       4.19842e-17       0.00000e+00
 126.7000000       4.20826e-17       4.20826e-17       0.00000e+00
 126.8000000       4.21995e-17       4.21995e-17       0.00000e+00
 126.9000000       4.34713e-17       4.34713e-17       0.00000e+00
 127.0000000       4.57523e-17       4.57523e-17       0.00000e+00
 127.1000000       4.71037e-17       4.71037e-17       0.00000e+00
 127.2000000       4.58273e-17       4.58273e-17       0.00000e+00
 127.3000000       4.31522e-17       4.31522e-17       0.00000e+00
 127.4000000       4.43037e-17       4.43037e-17       0.00000e+00
 127.5000000       4.93488e-17       4.93488e-17       0.00000e+00
 127.6000000       5.30191e-17       5.30191e-17       0.00000e+00
 127.7000000       5.46327e-17       5.46327e-17       0.00000e+00
 127.8000000       5.50789e-17       5.50789e-17       0.00000e+00
 127.9000000       5.14911e-17       5.14911e-17       0.00000e+00
 128.0000000       4.50007e-17       4.50007e-17       0.00000e+00
 128.1000000       3.40285e-17       3.40285e-17       0.00000e+00
 128.2000000       2.90841e-17       2.90841e-17       0.00000e+00
 128.3000000       2.72730e-17       2.72730e-17       0.00000e+00
 128.4000000       2.55529e-17       2.55529e-17       0.00000e+00
 128.5000000       2.46031e-17       2.46031e-17       0.00000e+00
 128.6000000       2.49964e-17       2.49964e-17       0.00000e+00
 128.7000000       2.65116e-17       2.65116e-17       0.00000e+00
 128.8000000       3.45881e-17       3.45881e-17       0.00000e+00
 128.9000000       8.52610e-17       8.52610e-17       0.00000e+00
 129.0000000       1.23019e-16       1.23019e-16       0.00000e+00
 129.1000000       1.26753e-16       1.26753e-16       0.00000e+00
 129.2000000       1.12523e-16       1.12523e-16       0.00000e+00
 129.3000000       9.50594e-17       9.50594e-17       0.00000e+00
 129.4000000       7.64031e-17       7.64031e-17       0.00000e+00
 129.5000000       5.59215e-17       5.59215e-17       0.00000e+00
 129.6000000       4.09204e-17       4.09204e-17       0.00000e+00
 129.7000000       3.11522e-17       3.11522e-17       0.00000e+00
 129.8000000       2.53384e-17       2.53384e-17       0.00000e+00
 129.9000000       2.22041e-17       2.22041e-17       0.00000e+00
 130.0000000       1.95412e-17       1.95412e-17       0.00000e+00
 130.1000000       1.72526e-17       1.72526e-17       0.00000e+00
 130.2000000       1.57736e-17       1.57736e-17       0.00000e+00
 130.3000000       1.45994e-17       1.45994e-17       0.00000e+00
 130.4000000       1.37168e-17       1.37168e-17       0.00000e+00
 130.5000000       1.33764e-17       1.33764e-17       0.00000e+00
 130.6000000       1.30564e-17       1.30564e-17       0.00000e+00
 130.7000000       1.27101e-17       1.27101e-17       0.00000e+00
 130.8000000       1.23515e-17       1.23515e-17       0.00000e+00
 130.9000000       1.20099e-17       1.20099e-17       0.00000e+00
 131.0000000       1.16906e-17       1.16906e-17       0.00000e+00
 131.1000000       1.13737e-17       1.13737e-17       0.00000e+00
 131.2000000       1.10799e-17       1.10799e-17       0.00000e+00
 131.3000000       1.07924e-17       1.07924e-17       0.00000e+00
 131.4000000       1.04780e-17       1.04780e-17       0.00000e+00
 131.5000000       1.00203e-17       1.00203e-17       0.00000e+00
 131.6000000       9.54974e-18       9.54974e-18       0.00000e+00
 131.7000000       9.26203e-18       9.26203e-18       0.00000e+00
 131.8000000       9.04911e-18       9.04911e-18       0.00000e+00
 131.9000000       8.86521e-18       8.86521e-18       0.00000e+00
 132.0000000       8.76540e-18       8.76540e-18       0.00000e+00
 132.1000000       8.67093e-18       8.67093e-18       0.00000e+00
 132.2000000       8.53296e-18       8.53296e-18       0.00000e+00
 132.3000000       8.32202e-18       8.32202e-18       0.00000e+00
 132.4000000       8.11957e-18       8.11957e-18       0.00000e+00
 132.5000000       8.06916e-18       8.06916e-18       0.00000e+00
 132.6000000       8.07122e-18       8.07122e-18       0.00000e+00
 132.7000000       8.07327e-18       8.07327e-18       0.00000e+00
 132.8000000       8.07533e-18       8.07533e-18       0.00000e+00
 132.9000000       8.07739e-18       8.07739e-18       0.00000e+00
 133.0000000       8.05820e-18       8.05820e-18       0.00000e+00
 133.1000000       7.96050e-18       7.96050e-18       0.00000e+00
 133.2000000       7.85597e-18       7.85597e-18       0.00000e+00
 133.3000000       7.86669e-18       7.86669e-18       0.00000e+00
 133.4000000       7.96563e-18       7.96563e-18       0.00000e+00
 133.5000000       8.06177e-18       8.06177e-18       0.00000e+00
 133.6000000       8.09180e-18       8.09180e-18       0.00000e+00
 133.7000000       8.09385e-18       8.09385e-18       0.00000e+00
 133.8000000       8.09591e-18       8.09591e-18       0.00000e+00
 133.9000000       8.09796e-18       8.09796e-18       0.00000e+00
 134.0000000       8.10001e-18       8.10001e-18       0.00000e+00
 134.1000000       8.08688e-18       8.08688e-18       0.00000e+00
 134.2000000       8.00145e-18       8.00145e-18       0.00000e+00
 134.3000000       7.90664e-18       7.90664e-18       0.00000e+00
 134.4000000       7.83763e-18       7.83763e-18       0.00000e+00
 134.5000000       7.83616e-18       7.83616e-18       0.00000e+00
 134.6000000       7.83821e-18       7.83821e-18       0.00000e+00
 134.7000000       7.88284e-18       7.88284e-18       0.00000e+00
 134.8000000       7.99175e-18       7.99175e-18       0.00000e+00
 134.9000000       8.09509e-18       8.09509e-18       0.00000e+00
 135.0000000       8.12056e-18       8.12056e-18       0.00000e+00
 135.1000000       8.12261e-18       8.12261e-18       0.00000e+00
 135.2000000       8.12466e-18       8.12466e-18       0.00000e+00
 135.3000000       8.12672e-18       8.12672e-18       0.00000e+00
 135.4000000       8.12877e-18       8.12877e-18       0.00000e+00
 135.5000000       8.10980e-18       8.10980e-18       0.00000e+00
 135.6000000       8.02092e-18       8.02092e-18       0.00000e+00
 135.7000000       7.92646e-18       7.92646e-18       0.00000e+00
 135.8000000       7.75634e-18       7.75634e-18       0.00000e+00
 135.9000000       7.44050e-18       7.44050e-18       0.00000e+00
 136.0000000       7.12102e-18       7.12102e-18       0.00000e+00
 136.1000000       6.82855e-18       6.82855e-18       0.00000e+00
 136.2000000       6.77465e-18       6.77465e-18       0.00000e+00
 136.3000000       6.77671e-18       6.77671e-18       0.00000e+00
 136.4000000       6.76076e-18       6.76076e-18       0.00000e+00
 136.5000000       6.66519e-18       6.66519e-18       0.00000e+00
 136.6000000       6.56016e-18       6.56016e-18       0.00000e+00
 136.7000000       6.41046e-18       6.41046e-18       0.00000e+00
 136.8000000       6.21948e-18       6.21948e-18       0.00000e+00
 136.9000000       6.02989e-18       6.02989e-18       0.00000e+00
 137.0000000       5.89569e-18       5.89569e-18       0.00000e+00
 137.1000000       5.79025e-18       5.79025e-18       0.00000e+00
 137.2000000       5.70614e-18       5.70614e-18       0.00000e+00
 137.3000000       5.70083e-18       5.70083e-18       0.00000e+00
 137.4000000       5.70289e-18       5.70289e-18       0.00000e+00
 137.5000000       5.70494e-18       5.70494e-18       0.00000e+00
 137.6000000       5.70699e-18       5.70699e-18       0.00000e+00
 137.7000000       5.70905e-18       5.70905e-18       0.00000e+00
 137.8000000       5.71110e-18       5.71110e-18       0.00000e+00
 137.9000000       5.71315e-18       5.71315e-18       0.00000e+00
 138.0000000       5.71462e-18       5.71462e-18       0.00000e+00
 138.1000000       5.65818e-18       5.65818e-18       0.00000e+00
 138.2000000       5.56339e-18       5.56339e-18       0.00000e+00
 138.3000000       5.47239e-18       5.47239e-18       0.00000e+00
 138.4000000       5.44934e-18       5.44934e-18       0.00000e+00
 138.5000000       5.45140e-18       5.45140e-18       0.00000e+00
 138.6000000       5.42844e-18       5.42844e-18       0.00000e+00
 138.7000000       5.33776e-18       5.33776e-18       0.00000e+00
 138.8000000       5.24330e-18       5.24330e-18       0.00000e+00
 138.9000000       5.18621e-18       5.18621e-18       0.00000e+00
 139.0000000       5.18757e-18       5.18757e-18       0.00000e+00
 139.1000000       5.18963e-18       5.18963e-18       0.00000e+00
 139.2000000       5.19169e-18       5.19169e-18       0.00000e+00
 139.3000000       5.19374e-18       5.19374e-18       0.00000e+00
 139.4000000       5.19580e-18       5.19580e-18       0.00000e+00
 139.5000000       5.19785e-18       5.19785e-18       0.00000e+00
 139.6000000       5.19990e-18       5.19990e-18       0.00000e+00
 139.7000000       5.27306e-18       5.27306e-18       0.00000e+00
 139.8000000       5.97252e-18       5.97252e-18       0.00000e+00
 139.9000000       6.07268e-18       6.07268e-18       0.00000e+00
 140.0000000       6.04367e-18       6.04367e-18       0.00000e+00
 140.1000000       5.86019e-18       5.86019e-18       0.00000e+00
 140.2000000       5.72249e-18       5.72249e-18       0.00000e+00
 140.3000000       5.58572e-18       5.58572e-18       0.00000e+00
 140.4000000       5.50638e-18       5.50638e-18       0.00000e+00
 140.5000000       5.43875e-18       5.43875e-18       0.00000e+00
 140.6000000       5.44667e-18       5.44667e-18       0.00000e+00
 140.7000000       5.35248e-18       5.35248e-18       0.00000e+00
 140.8000000       5.19104e-18       5.19104e-18       0.00000e+00
 140.9000000       5.16936e-18       5.16936e-18       0.00000e+00
 141.0000000       5.10108e-18       5.10108e-18       0.00000e+00
 141.1000000       4.93456e-18       4.93456e-18       0.00000e+00
 141.2000000       4.90652e-18       4.90652e-18       0.00000e+00
 141.3000000       4.90997e-18       4.90997e-18       0.00000e+00
 141.4000000       4.79076e-18       4.79076e-18       0.00000e+00
 141.5000000       4.61676e-18       4.61676e-18       0.00000e+00
 141.6000000       4.61466e-18       4.61466e-18       0.00000e+00
 141.7000000       4.54841e-18       4.54841e-18       0.00000e+00
 141.8000000       4.33416e-18       4.33416e-18       0.00000e+00
 141.9000000       4.26703e-18       4.26703e-18       0.00000e+00
 142.0000000       4.25322e-18       4.25322e-18       0.00000e+00
 142.1000000       4.16402e-18       4.16402e-18       0.00000e+00
 142.2000000       4.00033e-18       4.00033e-18       0.00000e+00
 142.3000000       3.95654e-18       3.95654e-18       0.00000e+00
 142.4000000       3.87183e-18       3.87183e-18       0.00000e+00
 142.5000000       3.67435e-18       3.67435e-18       0.00000e+00
 142.6000000       3.59722e-18       3.59722e-18       0.00000e+00
 142.7000000       3.52391e-18       3.52391e-18       0.00000e+00
 142.8000000       3.52391e-18       3.52391e-18       0.00000e+00
 142.9000000       3.37937e-18       3.37937e-18       0.00000e+00
 143.0000000       3.28152e-18       3.28152e-18       0.00000e+00
 143.1000000       3.22318e-18       3.22318e-18       0.00000e+00
 143.2000000       3.05559e-18       3.05559e-18       0.00000e+00
 143.3000000       2.96286e-18       2.96286e-18       0.00000e+00
 143.4000000       2.91605e-18       2.91605e-18       0.00000e+00
 143.5000000       2.91331e-18       2.91331e-18       0.00000e+00
 143.6000000       2.84671e-18       2.84671e-18       0.00000e+00
 143.7000000       2.73339e-18       2.73339e-18       0.00000e+00
 143.8000000       2.68244e-18       2.68244e-18       0.00000e+00
 143.9000000       2.62015e-18       2.62015e-18       0.00000e+00
 144.0000000       2.53695e-18       2.53695e-18       0.00000e+00
 144.1000000       2.53295e-18       2.53295e-18       0.00000e+00
 144.2000000       2.54513e-18       2.54513e-18       0.00000e+00
 144.3000000       2.51076e-18       2.51076e-18       0.00000e+00
 144.4000000       2.40878e-18       2.40878e-18       0.00000e+00
 144.5000000       2.34597e-18       2.34597e-18       0.00000e+00
 144.6000000       2.34570e-18       2.34570e-18       0.00000e+00
 144.7000000       2.29481e-18       2.29481e-18       0.00000e+00
 144.8000000       2.23738e-18       2.23738e-18       0.00000e+00
 144.9000000       2.24962e-18       2.24962e-18       0.00000e+00
 145.0000000       2.24392e-18       2.24392e-18       0.00000e+00
 145.1000000       2.19989e-18       2.19989e-18       0.00000e+00
 145.2000000       2.13475e-18       2.13475e-18       0.00000e+00
 145.3000000       2.10737e-18       2.10737e-18       0.00000e+00
 145.4000000       2.11249e-18       2.11249e-18       0.00000e+00
 145.5000000       2.04319e-18       2.04319e-18       0.00000e+00
 145.6000000       2.01987e-18       2.01987e-18       0.00000e+00
 145.7000000       2.01672e-18       2.01672e-18       0.00000e+00
 145.8000000       2.00062e-18       2.00062e-18       0.00000e+00
 145.9000000       1.98040e-18       1.98040e-18       0.00000e+00
 146.0000000       1.91224e-18       1.91224e-18       0.00000e+00
 146.1000000       1.88892e-18       1.88892e-18       0.00000e+00
 146.2000000       1.83933e-18       1.83933e-18       0.00000e+00
 146.3000000       1.77451e-18       1.77451e-18       0.00000e+00
 146.4000000       1.74122e-18       1.74122e-18       0.00000e+00
 146.5000000       1.73366e-18       1.73366e-18       0.00000e+00
 146.6000000       1.73295e-18       1.73295e-18       0.00000e+00
 146.7000000       1.69879e-18       1.69879e-18       0.00000e+00
 146.8000000       1.63882e-18       1.63882e-18       0.00000e+00
 146.9000000       1.61208e-18       1.61208e-18       0.00000e+00
 147.0000000       1.53835e-18       1.53835e-18       0.00000e+00
 147.1000000       1.48911e-18       1.48911e-18       0.00000e+00
 147.2000000       1.47801e-18       1.47801e-18       0.00000e+00
 147.3000000       1.48235e-18       1.48235e-18       0.00000e+00
 147.4000000       1.49176e-18       1.49176e-18       0.00000e+00
 147.5000000       1.46040e-18       1.46040e-18       0.00000e+00
 147.6000000       1.39580e-18       1.39580e-18       0.00000e+00
 147.7000000       1.35334e-18       1.35334e-18       0.00000e+00
 147.8000000       1.30579e-18       1.30579e-18       0.00000e+00
 147.9000000       1.28086e-18       1.28086e-18       0.00000e+00
 148.0000000       1.27507e-18       1.27507e-18       0.00000e+00
 148.1000000       1.30259e-18       1.30259e-18       0.00000e+00
 148.2000000       1.32363e-18       1.32363e-18       0.00000e+00
 148.3000000       1.28272e-18       1.28272e-18       0.00000e+00
 148.4000000       1.23494e-18       1.23494e-18       0.00000e+00
 148.5000000       1.19813e-18       1.19813e-18       0.00000e+00
 148.6000000       1.18499e-18       1.18499e-18       0.00000e+00
 148.7000000       1.17149e-18       1.17149e-18       0.00000e+00
 148.8000000       1.17280e-18       1.17280e-18       0.00000e+00
 148.9000000       1.19646e-18       1.19646e-18       0.00000e+00
 149.0000000       1.22349e-18       1.22349e-18       0.00000e+00
 149.1000000       1.17736e-18       1.17736e-18       0.00000e+00
 149.2000000       1.15397e-18       1.15397e-18       0.00000e+00
 149.3000000       1.12649e-18       1.12649e-18       0.00000e+00
 149.4000000       1.10098e-18       1.10098e-18       0.00000e+00
 149.5000000       1.09429e-18       1.09429e-18       0.00000e+00
 149.6000000       1.09607e-18       1.09607e-18       0.00000e+00
 149.7000000       1.12188e-18       1.12188e-18       0.00000e+00
 149.8000000       1.12304e-18       1.12304e-18       0.00000e+00
 149.9000000       1.08912e-18       1.08912e-18       0.00000e+00
 150.0000000       1.06035e-18       1.06035e-18       0.00000e+00
 150.1000000       1.04082e-18       1.04083e-18       0.00000e+00
 150.2000000       1.03111e-18       1.03111e-18       0.00000e+00
 150.3000000       1.03638e-18       1.03638e-18       0.00000e+00
 150.4000000       1.03333e-18       1.03333e-18       0.00000e+00
 150.5000000       1.03903e-18       1.03903e-18       0.00000e+00
 150.6000000       1.04776e-18       1.04776e-18       0.00000e+00
 150.7000000       1.02557e-18       1.02557e-18       0.00000e+00
 150.8000000       1.01366e-18       1.01366e-18       0.00000e+00
 150.9000000       1.00011e-18       1.00011e-18       0.00000e+00
 151.0000000       9.87487e-19       9.87487e-19       0.00000e+00
 151.1000000       9.61547e-19       9.61547e-19       0.00000e+00
 151.2000000       9.66292e-19       9.66292e-19       0.00000e+00
 151.3000000       9.72405e-19       9.72405e-19       0.00000e+00
 151.4000000       9.79759e-19       9.79759e-19       0.00000e+00
 151.5000000       9.58508e-19       9.58508e-19       0.00000e+00
 151.6000000       9.37917e-19       9.37917e-19       0.00000e+00
 151.7000000       9.32714e-19       9.32714e-19       0.00000e+00
 151.8000000       9.30282e-19       9.30282e-19       0.00000e+00
 151.9000000       9.19077e-19       9.19077e-19       0.00000e+00
 152.0000000       9.00452e-19       9.00452e-19       0.00000e+00
 152.1000000       9.06375e-19       9.06375e-19       0.00000e+00
 152.2000000       9.09952e-19       9.09952e-19       0.00000e+00
 152.3000000       9.21367e-19       9.21367e-19       0.00000e+00
 152.4000000       9.09442e-19       9.09442e-19       0.00000e+00
 152.5000000       9.04509e-19       9.04509e-19       0.00000e+00
 152.6000000       9.02053e-19       9.02054e-19       0.00000e+00
 152.7000000       8.89983e-19       8.89983e-19       0.00000e+00
 152.8000000       8.83823e-19       8.83823e-19       0.00000e+00
 152.9000000       8.83770e-19       8.83770e-19       0.00000e+00
 153.0000000       8.76144e-19       8.76144e-19       0.00000e+00
 153.1000000       8.71811e-19       8.71811e-19       0.00000e+00
 153.2000000       8.57228e-19       8.57228e-19       0.00000e+00
 153.3000000       8.58057e-19       8.58057e-19       0.00000e+00
 153.4000000       8.44576e-19       8.44576e-19       0.00000e+00
 153.5000000       8.35438e-19       8.35438e-19       0.00000e+00
 153.6000000       8.26229e-19       8.26229e-19       0.00000e+00
 153.7000000       8.15869e-19       8.15869e-19       0.00000e+00
 153.8000000       8.13280e-19       8.13280e-19       0.00000e+00
 153.9000000       8.04943e-19       8.04943e-19       0.00000e+00
 154.0000000       7.93919e-19       7.93919e-19       0.00000e+00
 154.1000000       7.79872e-19       7.79872e-19       0.00000e+00
 154.2000000       7.74570e-19       7.74570e-19       0.00000e+00
 154.3000000       7.68384e-19       7.68384e-19       0.00000e+00
 154.4000000       7.63384e-19       7.63384e-19       0.00000e+00
 154.5000000       7.60361e-19       7.60361e-19       0.00000e+00
 154.6000000       7.57985e-19       7.57985e-19       0.00000e+00
 154.7000000       7.51592e-19       7.51592e-19       0.00000e+00
 154.8000000       7.39629e-19       7.39629e-19       0.00000e+00
 154.9000000       7.31363e-19       7.31363e-19       0.00000e+00
 155.0000000       7.20389e-19       7.20389e-19       0.00000e+00
 155.1000000       7.16909e-19       7.16909e-19       0.00000e+00
 155.2000000       7.10488e-19       7.10488e-19       0.00000e+00
 155.3000000       7.06486e-19       7.06486e-19       0.00000e+00
 155.4000000       6.98031e-19       6.98031e-19       0.00000e+00
 155.5000000       6.93854e-19       6.93854e-19       0.00000e+00
 155.6000000       6.90465e-19       6.90465e-19       0.00000e+00
 155.7000000       6.79755e-19       6.79755e-19       0.00000e+00
 155.8000000       6.67672e-19       6.67672e-19       0.00000e+00
 155.9000000       6.63239e-19       6.63239e-19       0.00000e+00
 156.0000000       6.56266e-19       6.56266e-19       0.00000e+00
 156.1000000       6.47596e-19       6.47596e-19       0.00000e+00
 156.2000000       6.44755e-19       6.44755e-19       0.00000e+00
 156.3000000       6.43108e-19       6.43108e-19       0.00000e+00
 156.4000000       6.40361e-19       6.40361e-19       0.00000e+00
 156.5000000       6.35500e-19       6.35500e-19       0.00000e+00
 156.6000000       6.30241e-19       6.30241e-19       0.00000e+00
 156.7000000       6.23271e-19       6.23271e-19       0.00000e+00
 156.8000000       6.14059e-19       6.14059e-19       0.00000e+00
 156.9000000       6.02753e-19       6.02753e-19       0.00000e+00
 157.0000000       5.99701e-19       5.99701e-19       0.00000e+00
 157.1000000       5.85968e-19       5.85968e-19       0.00000e+00
 157.2000000       5.78237e-19       5.78237e-19       0.00000e+00
 157.3000000       5.73053e-19       5.73053e-19       0.00000e+00
 157.4000000       5.67863e-19       5.67863e-19       0.00000e+00
 157.5000000       5.60701e-19       5.60701e-19       0.00000e+00
 157.6000000       5.55307e-19       5.55307e-19       0.00000e+00
 157.7000000       5.43962e-19       5.43962e-19       0.00000e+00
 157.8000000       5.32725e-19       5.32725e-19       0.00000e+00
 157.9000000       5.25087e-19       5.25087e-19       0.00000e+00
 158.0000000       5.17804e-19       5.17804e-19       0.00000e+00
 158.1000000       5.07387e-19       5.07387e-19       0.00000e+00
 158.2000000       4.98379e-19       4.98379e-19       0.00000e+00
 158.3000000       4.92088e-19       4.92088e-19       0.00000e+00
 158.4000000       4.83954e-19       4.83954e-19       0.00000e+00
 158.5000000       4.74225e-19       4.74225e-19       0.00000e+00
 158.6000000       4.67429e-19       4.67429e-19       0.00000e+00
 158.7000000       4.68782e-19       4.68782e-19       0.00000e+00
 158.8000000       4.62455e-19       4.62455e-19       0.00000e+00
 158.9000000       4.52054e-19       4.52054e-19       0.00000e+00
 159.0000000       4.45876e-19       4.45876e-19       0.00000e+00
 159.1000000       4.39040e-19       4.39040e-19       0.00000e+00
 159.2000000       4.40592e-19       4.40592e-19       0.00000e+00
 159.3000000       4.33857e-19       4.33857e-19       0.00000e+00
 159.4000000       4.32287e-19       4.32287e-19       0.00000e+00
 159.5000000       4.27546e-19       4.27546e-19       0.00000e+00
 159.6000000       4.26255e-19       4.26255e-19       0.00000e+00
 159.7000000       4.19802e-19       4.19802e-19       0.00000e+00
 159.8000000       4.05643e-19       4.05643e-19       0.00000e+00
 159.9000000       3.97544e-19       3.97544e-19       0.00000e+00
 160.0000000       3.87460e-19       3.87459e-19       0.00000e+00
 160.1000000       3.85748e-19       3.85748e-19       0.00000e+00
 160.2000000       3.81167e-19       3.81167e-19       0.00000e+00
 160.3000000       3.76132e-19       3.76132e-19       0.00000e+00
 160.4000000       3.72891e-19       3.72891e-19       0.00000e+00
 160.5000000       3.68357e-19       3.68357e-19       0.00000e+00
 160.6000000       3.65108e-19       3.65108e-19       0.00000e+00
 160.7000000       3.58859e-19       3.58859e-19       0.00000e+00
 160.8000000       3.47653e-19       3.47653e-19       0.00000e+00
 160.9000000       3.41298e-19       3.41298e-19       0.00000e+00
 161.0000000       3.40282e-19       3.40282e-19       0.00000e+00
 161.1000000       3.34105e-19       3.34105e-19       0.00000e+00
 161.2000000       3.29897e-19       3.29897e-19       0.00000e+00
 161.3000000       3.22803e-19       3.22803e-19       0.00000e+00
 161.4000000       3.14743e-19       3.14743e-19       0.00000e+00
 161.5000000       3.08516e-19       3.08516e-19       0.00000e+00
 161.6000000       3.06190e-19       3.06190e-19       0.00000e+00
 161.7000000       2.98178e-19       2.98178e-19       0.00000e+00
 161.8000000       2.94823e-19       2.94823e-19       0.00000e+00
 161.9000000       2.92389e-19       2.92389e-19       0.00000e+00
 162.0000000       2.92080e-19       2.92080e-19       0.00000e+00
 162.1000000       2.86939e-19       2.86939e-19       0.00000e+00
 162.2000000       2.82259e-19       2.82259e-19       0.00000e+00
 162.3000000       2.73002e-19       2.73002e-19       0.00000e+00
 162.4000000       2.67488e-19       2.67488e-19       0.00000e+00
 162.5000000       2.64767e-19       2.64767e-19       0.00000e+00
 162.6000000       2.65651e-19       2.65651e-19       0.00000e+00
 162.7000000       2.62298e-19       2.62298e-19       0.00000e+00
 162.8000000       2.58126e-19       2.58126e-19       0.00000e+00
 162.9000000       2.58222e-19       2.58222e-19       0.00000e+00
 163.0000000       2.54542e-19       2.54542e-19       0.00000e+00
 163.1000000       2.50154e-19       2.50154e-19       0.00000e+00
 163.2000000       2.48363e-19       2.48363e-19       0.00000e+00
 163.3000000       2.43760e-19       2.43760e-19       0.00000e+00
 163.4000000       2.38078e-19       2.38078e-19       0.00000e+00
 163.5000000       2.38972e-19       2.38972e-19       0.00000e+00
 163.6000000       2.32258e-19       2.32258e-19       0.00000e+00
 163.7000000       2.27104e-19       2.27104e-19       0.00000e+00
 163.8000000       2.18990e-19       2.18990e-19       0.00000e+00
 163.9000000       2.14334e-19       2.14334e-19       0.00000e+00
 164.0000000       2.10098e-19       2.10098e-19       0.00000e+00
 164.1000000       2.04532e-19       2.04532e-19       0.00000e+00
 164.2000000       2.06272e-19       2.06272e-19       0.00000e+00
 164.3000000       2.02900e-19       2.02900e-19       0.00000e+00
 164.4000000       1.93491e-19       1.93491e-19       0.00000e+00
 164.5000000       1.90561e-19       1.90561e-19       0.00000e+00
 164.6000000       1.88539e-19       1.88539e-19       0.00000e+00
 164.7000000       1.81995e-19       1.81995e-19       0.00000e+00
 164.8000000       1.76164e-19       1.76164e-19       0.00000e+00
 164.9000000       1.74814e-19       1.74814e-19       0.00000e+00
 165.0000000       1.69248e-19       1.69248e-19       0.00000e+00
 165.1000000       1.67854e-19       1.67854e-19       0.00000e+00
 165.2000000       1.65865e-19       1.65865e-19       0.00000e+00
 165.3000000       1.60980e-19       1.60980e-19       0.00000e+00
 165.4000000       1.59399e-19       1.59399e-19       0.00000e+00
 165.5000000       1.52948e-19       1.52948e-19       0.00000e+00
 165.6000000       1.56347e-19       1.56347e-19       0.00000e+00
 165.7000000       1.52731e-19       1.52731e-19       0.00000e+00
 165.8000000       1.51413e-19       1.51413e-19       0.00000e+00
 165.9000000       1.44407e-19       1.44407e-19       0.00000e+00
 166.0000000       1.46895e-19       1.46895e-19       0.00000e+00
 166.1000000       1.47289e-19       1.47289e-19       0.00000e+00
 166.2000000       1.43985e-19       1.43985e-19       0.00000e+00
 166.3000000       1.40379e-19       1.40379e-19       0.00000e+00
 166.4000000       1.32419e-19       1.32419e-19       0.00000e+00
 166.5000000       1.32608e-19       1.32608e-19       0.00000e+00
 166.6000000       1.33349e-19       1.33349e-19       0.00000e+00
 166.7000000       1.27503e-19       1.27503e-19       0.00000e+00
 166.8000000       1.24641e-19       1.24641e-19       0.00000e+00
 166.9000000       1.25271e-19       1.25271e-19       0.00000e+00
 167.0000000       1.19453e-19       1.19453e-19       0.00000e+00
 167.1000000       1.14774e-19       1.14774e-19       0.00000e+00
 167.2000000       1.13467e-19       1.13467e-19       0.00000e+00
 167.3000000       1.14271e-19       1.14271e-19       0.00000e+00
 167.4000000       1.15331e-19       1.15331e-19       0.00000e+00
 167.5000000       1.16583e-19       1.16583e-19       0.00000e+00
 167.6000000       1.07447e-19       1.07447e-19       0.00000e+00
 167.7000000       1.10784e-19       1.10784e-19       0.00000e+00
 167.8000000       1.10475e-19       1.10475e-19       0.00000e+00
 167.9000000       1.07763e-19       1.07763e-19       0.00000e+00
 168.0000000       1.10407e-19       1.10407e-19       0.00000e+00
 168.1000000       1.09589e-19       1.09589e-19       0.00000e+00
 168.2000000       1.07803e-19       1.07803e-19       0.00000e+00
 168.3000000       1.03349e-19       1.03349e-19       0.00000e+00
 168.4000000       9.68995e-20       9.68995e-20       0.00000e+00
 168.5000000       9.70512e-20       9.70512e-20       0.00000e+00
 168.6000000       9.72653e-20       9.72653e-20       0.00000e+00
 168.7000000       9.44831e-20       9.44831e-20       0.00000e+00
 168.8000000       9.94737e-20       9.94737e-20       0.00000e+00
 168.9000000       9.26851e-20       9.26851e-20       0.00000e+00
 169.0000000       8.85363e-20       8.85363e-20       0.00000e+00
 169.1000000       8.85496e-20       8.85496e-20       0.00000e+00
 169.2000000       8.77888e-20       8.77888e-20       0.00000e+00
 169.3000000       8.62854e-20       8.62855e-20       0.00000e+00
 169.4000000       8.46258e-20       8.46258e-20       0.00000e+00
 169.5000000       8.23949e-20       8.23949e-20       0.00000e+00
 169.6000000       7.43811e-20       7.43811e-20       0.00000e+00
 169.7000000       8.01242e-20       8.01242e-20       0.00000e+00
 169.8000000       7.89508e-20       7.89508e-20       0.00000e+00
 169.9000000       8.05902e-20       8.05902e-20       0.00000e+00
 170.0000000       7.80931e-20       7.80931e-20       0.00000e+00
 170.1000000       7.50149e-20       7.50149e-20       0.00000e+00
 170.2000000       7.45221e-20       7.45221e-20       0.00000e+00
 170.3000000       7.18051e-20       7.18051e-20       0.00000e+00
 170.4000000       7.53087e-20       7.53087e-20       0.00000e+00
 170.5000000       7.31104e-20       7.31104e-20       0.00000e+00
 170.6000000       7.02486e-20       7.02486e-20       0.00000e+00
 170.7000000       7.00382e-20       7.00382e-20       0.00000e+00
 170.8000000       6.44511e-20       6.44511e-20       0.00000e+00
 170.9000000       6.80896e-20       6.80896e-20       0.00000e+00
 171.0000000       6.43535e-20       6.43535e-20       0.00000e+00
 171.1000000       6.45524e-20       6.45524e-20       0.00000e+00
 171.2000000       6.46420e-20       6.46420e-20       0.00000e+00
 171.3000000       6.15639e-20       6.15639e-20       0.00000e+00
 171.4000000       6.11434e-20       6.11434e-20       0.00000e+00
 171.5000000       6.03614e-20       6.03614e-20       0.00000e+00
 171.6000000       6.19766e-20       6.19766e-20       0.00000e+00
 171.7000000       5.89727e-20       5.89727e-20       0.00000e+00
 171.8000000       5.33220e-20       5.33220e-20       0.00000e+00
 171.9000000       5.53611e-20       5.53611e-20       0.00000e+00
 172.0000000       5.50967e-20       5.50967e-20       0.00000e+00
 172.1000000       5.24912e-20       5.24912e-20       0.00000e+00
 172.2000000       5.31156e-20       5.31156e-20       0.00000e+00
 172.3000000       5.13335e-20       5.13335e-20       0.00000e+00
 172.4000000       4.81354e-20       4.81354e-20       0.00000e+00
 172.5000000       4.59784e-20       4.59784e-20       0.00000e+00
 172.6000000       4.52994e-20       4.52994e-20       0.00000e+00
 172.7000000       4.62973e-20       4.62973e-20       0.00000e+00
 172.8000000       4.28738e-20       4.28738e-20       0.00000e+00
 172.9000000       4.25537e-20       4.25537e-20       0.00000e+00
 173.0000000       4.39947e-20       4.39947e-20       0.00000e+00
 173.1000000       4.64314e-20       4.64314e-20       0.00000e+00
 173.2000000       4.23288e-20       4.23288e-20       0.00000e+00
 173.3000000       4.39413e-20       4.39413e-20       0.00000e+00
 173.4000000       4.78950e-20       4.78950e-20       0.00000e+00
 173.5000000       4.43948e-20       4.43948e-20       0.00000e+00
 173.6000000       4.43930e-20       4.43930e-20       0.00000e+00
 173.7000000       4.10440e-20       4.10440e-20       0.00000e+00
 173.8000000       4.15577e-20       4.15577e-20       0.00000e+00
 173.9000000       4.07239e-20       4.07239e-20       0.00000e+00
 174.0000000       3.62445e-20       3.62445e-20       0.00000e+00
 174.1000000       3.60690e-20       3.60690e-20       0.00000e+00
 174.2000000       3.67286e-20       3.67286e-20       0.00000e+00
 174.3000000       3.73882e-20       3.73882e-20       0.00000e+00
 174.4000000       3.80477e-20       3.80477e-20       0.00000e+00
 174.5000000       3.82898e-20       3.82898e-20       0.00000e+00
 174.6000000       3.60268e-20       3.60268e-20       0.00000e+00
 174.7000000       3.33464e-20       3.33464e-20       0.00000e+00
 174.8000000       3.06659e-20       3.06659e-20       0.00000e+00
 174.9000000       2.79855e-20       2.79855e-20       0.00000e+00
 175.0000000       2.56541e-20       2.56541e-20       0.00000e+00
 175.1000000       2.54174e-20       2.54174e-20       0.00000e+00
 175.2000000       2.55297e-20       2.55297e-20       0.00000e+00
 175.3000000       2.56421e-20       2.56421e-20       0.00000e+00
 175.4000000       2.57545e-20       2.57545e-20       0.00000e+00
 175.5000000       2.58302e-20       2.58302e-20       0.00000e+00
 175.6000000       2.56863e-20       2.56863e-20       0.00000e+00
 175.7000000       2.55058e-20       2.55058e-20       0.00000e+00
 175.8000000       2.53252e-20       2.53252e-20       0.00000e+00
 175.9000000       2.51447e-20       2.51447e-20       0.00000e+00
 176.0000000       2.49819e-20       2.49819e-20       0.00000e+00
 176.1000000       2.49257e-20       2.49257e-20       0.00000e+00
 176.2000000       2.48872e-20       2.48872e-20       0.00000e+00
 176.3000000       2.48487e-20       2.48487e-20       0.00000e+00
 176.4000000       2.48103e-20       2.48103e-20       0.00000e+00
 176.5000000       2.47999e-20       2.47999e-20       0.00000e+00
 176.6000000       2.49583e-20       2.49583e-20       0.00000e+00
 176.7000000       2.51448e-20       2.51448e-20       0.00000e+00
 176.8000000       2.53312e-20       2.53312e-20       0.00000e+00
 176.9000000       2.55177e-20       2.55177e-20       0.00000e+00
 177.0000000       2.55030e-20       2.55030e-20       0.00000e+00
 177.1000000       2.42812e-20       2.42812e-20       0.00000e+00
 177.2000000       2.28581e-20       2.28581e-20       0.00000e+00
 177.3000000       2.14351e-20       2.14351e-20       0.00000e+00
 177.4000000       2.00121e-20       2.00121e-20       0.00000e+00
 177.5000000       1.86090e-20       1.86090e-20       0.00000e+00
 177.6000000       1.73255e-20       1.73255e-20       0.00000e+00
 177.7000000       1.60620e-20       1.60620e-20       0.00000e+00
 177.8000000       1.47985e-20       1.47985e-20       0.00000e+00
 177.9000000       1.35349e-20       1.35349e-20       0.00000e+00
 178.0000000       1.25607e-20       1.25607e-20       0.00000e+00
 178.1000000       1.33223e-20       1.33223e-20       0.00000e+00
 178.2000000       1.43731e-20       1.43731e-20       0.00000e+00
 178.3000000       1.54240e-20       1.54240e-20       0.00000e+00
 178.4000000       1.64749e-20       1.64749e-20       0.00000e+00
 178.5000000       1.74053e-20       1.74053e-20       0.00000e+00
 178.6000000       1.76125e-20       1.76125e-20       0.00000e+00
 178.7000000       1.76992e-20       1.76992e-20       0.00000e+00
 178.8000000       1.77858e-20       1.77858e-20       0.00000e+00
 178.9000000       1.78725e-20       1.78725e-20       0.00000e+00
 179.0000000       1.78408e-20       1.78408e-20       0.00000e+00
 179.1000000       1.70991e-20       1.70991e-20       0.00000e+00
 179.2000000       1.62390e-20       1.62390e-20       0.00000e+00
 179.3000000       1.53790e-20       1.53790e-20       0.00000e+00
 179.4000000       1.45189e-20       1.45189e-20       0.00000e+00
 179.5000000       1.37288e-20       1.37288e-20       0.00000e+00
 179.6000000       1.33580e-20       1.33580e-20       0.00000e+00
 179.7000000       1.30571e-20       1.30571e-20       0.00000e+00
 179.8000000       1.27563e-20       1.27563e-20       0.00000e+00
 179.9000000       1.24554e-20       1.24554e-20       0.00000e+00
 180.0000000       1.21519e-20       1.21519e-20       0.00000e+00
 180.1000000       1.18320e-20       1.18320e-20       0.00000e+00
 180.2000000       1.15093e-20       1.15093e-20       0.00000e+00
 180.3000000       1.11867e-20       1.11867e-20       0.00000e+00
 180.4000000       1.08640e-20       1.08640e-20       0.00000e+00
 180.5000000       1.06920e-20       1.06920e-20       0.00000e+00
 180.6000000       1.14233e-20       1.14233e-20       0.00000e+00
 180.7000000       1.23051e-20       1.23051e-20       0.00000e+00
 180.8000000       1.31870e-20       1.31870e-20       0.00000e+00
 180.9000000       1.40689e-20       1.40688e-20       0.00000e+00
 181.0000000       1.48860e-20       1.48860e-20       0.00000e+00
 181.1000000       1.53152e-20       1.53152e-20       0.00000e+00
 181.2000000       1.56797e-20       1.56797e-20       0.00000e+00
 181.3000000       1.60442e-20       1.60442e-20       0.00000e+00
 181.4000000       1.63175e-20       1.63175e-20       0.00000e+00
