# CN cross sections
# Alan Heays 2016-03-28
# References: el-qadi2013
# photoabsorption   -- Photoabsorption cross section (cm2)
# photodissociation -- Photodissociation cross section (cm2)
# photoionisation   -- Photoionisation cross section (cm2)
# 
# wavelength   photoabsorption photodissociation   photoionisation
  82.7000000       6.42108e-18       0.00000e+00       6.42108e-18
  82.8000000       6.60344e-18       0.00000e+00       6.60344e-18
  82.9000000       6.84617e-18       0.00000e+00       6.84617e-18
  83.0000000       7.08804e-18       0.00000e+00       7.08804e-18
  83.1000000       7.33031e-18       0.00000e+00       7.33031e-18
  83.2000000       7.64169e-18       0.00000e+00       7.64169e-18
  83.3000000       7.97261e-18       0.00000e+00       7.97261e-18
  83.4000000       8.30420e-18       0.00000e+00       8.30420e-18
  83.5000000       8.63442e-18       0.00000e+00       8.63442e-18
  83.6000000       8.95956e-18       0.00000e+00       8.95956e-18
  83.7000000       9.30124e-18       0.00000e+00       9.30124e-18
  83.8000000       9.73929e-18       0.00000e+00       9.73929e-18
  83.9000000       1.01906e-17       0.00000e+00       1.01906e-17
  84.0000000       1.06368e-17       0.00000e+00       1.06368e-17
  84.1000000       1.10832e-17       0.00000e+00       1.10832e-17
  84.2000000       1.15313e-17       0.00000e+00       1.15313e-17
  84.3000000       1.20314e-17       0.00000e+00       1.20314e-17
  84.4000000       1.26277e-17       0.00000e+00       1.26277e-17
  84.5000000       1.32243e-17       0.00000e+00       1.32243e-17
  84.6000000       1.38195e-17       0.00000e+00       1.38195e-17
  84.7000000       1.44134e-17       0.00000e+00       1.44134e-17
  84.8000000       1.50124e-17       0.00000e+00       1.50124e-17
  84.9000000       1.57332e-17       0.00000e+00       1.57332e-17
  85.0000000       1.65010e-17       0.00000e+00       1.65010e-17
  85.1000000       1.72668e-17       0.00000e+00       1.72668e-17
  85.2000000       1.80303e-17       0.00000e+00       1.80303e-17
  85.3000000       1.87921e-17       0.00000e+00       1.87921e-17
  85.4000000       1.96279e-17       0.00000e+00       1.96279e-17
  85.5000000       2.05674e-17       0.00000e+00       2.05674e-17
  85.6000000       2.15105e-17       0.00000e+00       2.15105e-17
  85.7000000       2.24584e-17       0.00000e+00       2.24584e-17
  85.8000000       2.34041e-17       0.00000e+00       2.34041e-17
  85.9000000       2.43904e-17       0.00000e+00       2.43904e-17
  86.0000000       2.54997e-17       0.00000e+00       2.54997e-17
  86.1000000       2.66149e-17       0.00000e+00       2.66149e-17
  86.2000000       2.77287e-17       0.00000e+00       2.77287e-17
  86.3000000       2.88521e-17       0.00000e+00       2.88521e-17
  86.4000000       3.00084e-17       0.00000e+00       3.00084e-17
  86.5000000       3.12778e-17       0.00000e+00       3.12778e-17
  86.6000000       3.25586e-17       0.00000e+00       3.25586e-17
  86.7000000       3.38367e-17       0.00000e+00       3.38367e-17
  86.8000000       3.51118e-17       0.00000e+00       3.51118e-17
  86.9000000       3.64179e-17       0.00000e+00       3.64179e-17
  87.0000000       3.78405e-17       0.00000e+00       3.78405e-17
  87.1000000       3.92717e-17       0.00000e+00       3.92717e-17
  87.2000000       4.07017e-17       0.00000e+00       4.07017e-17
  87.3000000       4.21289e-17       6.69301e-18       3.54359e-17
  87.4000000       4.35838e-17       4.35838e-17       0.00000e+00
  87.5000000       4.51185e-17       4.51185e-17       0.00000e+00
  87.6000000       4.66792e-17       4.66792e-17       0.00000e+00
  87.7000000       4.82407e-17       4.82407e-17       0.00000e+00
  87.8000000       4.97997e-17       4.97997e-17       0.00000e+00
  87.9000000       5.13862e-17       5.13862e-17       0.00000e+00
  88.0000000       5.30045e-17       5.30045e-17       0.00000e+00
  88.1000000       5.46411e-17       5.46411e-17       0.00000e+00
  88.2000000       5.62975e-17       5.62975e-17       0.00000e+00
  88.3000000       5.79514e-17       5.79514e-17       0.00000e+00
  88.4000000       5.96085e-17       5.96085e-17       0.00000e+00
  88.5000000       6.12643e-17       6.12643e-17       0.00000e+00
  88.6000000       6.29345e-17       6.29345e-17       0.00000e+00
  88.7000000       6.46367e-17       6.46367e-17       0.00000e+00
  88.8000000       6.63195e-17       6.63195e-17       0.00000e+00
  88.9000000       6.79588e-17       6.79588e-17       0.00000e+00
  89.0000000       6.95941e-17       6.95941e-17       0.00000e+00
  89.1000000       7.12529e-17       7.12529e-17       0.00000e+00
  89.2000000       7.29346e-17       7.29346e-17       0.00000e+00
  89.3000000       7.45101e-17       7.45101e-17       0.00000e+00
  89.4000000       7.60518e-17       7.60518e-17       0.00000e+00
  89.5000000       7.75959e-17       7.75959e-17       0.00000e+00
  89.6000000       7.91832e-17       7.91832e-17       0.00000e+00
  89.7000000       8.06568e-17       8.06568e-17       0.00000e+00
  89.8000000       8.20182e-17       8.20182e-17       0.00000e+00
  89.9000000       8.33770e-17       8.33770e-17       0.00000e+00
  90.0000000       8.47747e-17       8.47747e-17       0.00000e+00
  90.1000000       8.60861e-17       8.60861e-17       0.00000e+00
  90.2000000       8.71967e-17       8.71967e-17       0.00000e+00
  90.3000000       8.83013e-17       8.83013e-17       0.00000e+00
  90.4000000       8.94436e-17       8.94436e-17       0.00000e+00
  90.5000000       9.05002e-17       9.05002e-17       0.00000e+00
  90.6000000       9.12966e-17       9.12966e-17       0.00000e+00
  90.7000000       9.20842e-17       9.20842e-17       0.00000e+00
  90.8000000       9.29104e-17       9.29104e-17       0.00000e+00
  90.9000000       9.36197e-17       9.36197e-17       0.00000e+00
  91.0000000       9.40457e-17       9.40457e-17       0.00000e+00
  91.1000000       9.44724e-17       9.44724e-17       0.00000e+00
  91.2000000       9.49173e-17       9.49173e-17       0.00000e+00
  91.3000000       9.51849e-17       9.51849e-17       0.00000e+00
  91.4000000       9.51990e-17       9.51990e-17       0.00000e+00
  91.5000000       9.52240e-17       9.52240e-17       0.00000e+00
  91.6000000       9.52465e-17       9.52465e-17       0.00000e+00
  91.7000000       9.50094e-17       9.50094e-17       0.00000e+00
  91.8000000       9.46291e-17       9.46291e-17       0.00000e+00
  91.9000000       9.42540e-17       9.42540e-17       0.00000e+00
  92.0000000       9.38447e-17       9.38447e-17       0.00000e+00
  92.1000000       9.31816e-17       9.31816e-17       0.00000e+00
  92.2000000       9.24705e-17       9.24705e-17       0.00000e+00
  92.3000000       9.17775e-17       9.17775e-17       0.00000e+00
  92.4000000       9.10065e-17       9.10065e-17       0.00000e+00
  92.5000000       9.00340e-17       9.00340e-17       0.00000e+00
  92.6000000       8.91321e-17       8.91321e-17       0.00000e+00
  92.7000000       8.82531e-17       8.82531e-17       0.00000e+00
  92.8000000       8.72488e-17       8.72488e-17       0.00000e+00
  92.9000000       8.63101e-17       8.63101e-17       0.00000e+00
  93.0000000       8.54105e-17       8.54105e-17       0.00000e+00
  93.1000000       8.44785e-17       8.44785e-17       0.00000e+00
  93.2000000       8.32488e-17       8.32488e-17       0.00000e+00
  93.3000000       8.17019e-17       8.17019e-17       0.00000e+00
  93.4000000       7.94139e-17       7.94139e-17       0.00000e+00
  93.5000000       7.59840e-17       7.59840e-17       0.00000e+00
  93.6000000       7.13570e-17       7.13570e-17       0.00000e+00
  93.7000000       6.61152e-17       6.61152e-17       0.00000e+00
  93.8000000       6.10931e-17       6.10931e-17       0.00000e+00
  93.9000000       5.66178e-17       5.66178e-17       0.00000e+00
  94.0000000       5.26227e-17       5.26227e-17       0.00000e+00
  94.1000000       4.90637e-17       4.90637e-17       0.00000e+00
  94.2000000       4.58031e-17       4.58031e-17       0.00000e+00
  94.3000000       4.21871e-17       4.21871e-17       0.00000e+00
  94.4000000       3.66889e-17       3.66889e-17       0.00000e+00
  94.5000000       3.07409e-17       3.07409e-17       0.00000e+00
  94.6000000       2.82297e-17       2.82297e-17       0.00000e+00
  94.7000000       2.63777e-17       2.63777e-17       0.00000e+00
  94.8000000       2.46042e-17       2.46042e-17       0.00000e+00
  94.9000000       2.28270e-17       2.28270e-17       0.00000e+00
  95.0000000       2.11650e-17       2.11650e-17       0.00000e+00
  95.1000000       1.95939e-17       1.95939e-17       0.00000e+00
  95.2000000       1.80276e-17       1.80276e-17       0.00000e+00
  95.3000000       1.65974e-17       1.65974e-17       0.00000e+00
  95.4000000       1.52595e-17       1.52595e-17       0.00000e+00
  95.5000000       1.39239e-17       1.39239e-17       0.00000e+00
  95.6000000       1.27333e-17       1.27333e-17       0.00000e+00
  95.7000000       1.16210e-17       1.16210e-17       0.00000e+00
  95.8000000       1.05178e-17       1.05178e-17       0.00000e+00
  95.9000000       9.56952e-18       9.56952e-18       0.00000e+00
  96.0000000       8.68350e-18       8.68350e-18       0.00000e+00
  96.1000000       7.80961e-18       7.80961e-18       0.00000e+00
  96.2000000       7.08467e-18       7.08467e-18       0.00000e+00
  96.3000000       6.40740e-18       6.40740e-18       0.00000e+00
  96.4000000       5.74527e-18       5.74527e-18       0.00000e+00
  96.5000000       5.21462e-18       5.21462e-18       0.00000e+00
  96.6000000       4.71921e-18       4.71921e-18       0.00000e+00
  96.7000000       4.23803e-18       4.23803e-18       0.00000e+00
  96.8000000       3.86671e-18       3.86671e-18       0.00000e+00
  96.9000000       3.52285e-18       3.52285e-18       0.00000e+00
  97.0000000       3.19294e-18       3.19294e-18       0.00000e+00
  97.1000000       2.94954e-18       2.94954e-18       0.00000e+00
  97.2000000       2.72558e-18       2.72558e-18       0.00000e+00
  97.3000000       2.50875e-18       2.50875e-18       0.00000e+00
  97.4000000       2.35430e-18       2.35430e-18       0.00000e+00
  97.5000000       2.21738e-18       2.21738e-18       0.00000e+00
  97.6000000       2.08420e-18       2.08420e-18       0.00000e+00
  97.7000000       1.98948e-18       1.98948e-18       0.00000e+00
  97.8000000       1.91468e-18       1.91468e-18       0.00000e+00
  97.9000000       1.84478e-18       1.84478e-18       0.00000e+00
  98.0000000       1.80021e-18       1.80021e-18       0.00000e+00
  98.1000000       1.77140e-18       1.77140e-18       0.00000e+00
  98.2000000       1.74236e-18       1.74236e-18       0.00000e+00
  98.3000000       1.72136e-18       1.72136e-18       0.00000e+00
  98.4000000       1.71414e-18       1.71414e-18       0.00000e+00
  98.5000000       1.70923e-18       1.70923e-18       0.00000e+00
  98.6000000       1.71290e-18       1.71290e-18       0.00000e+00
  98.7000000       1.72925e-18       1.72925e-18       0.00000e+00
  98.8000000       1.74828e-18       1.74828e-18       0.00000e+00
  98.9000000       1.76849e-18       1.76849e-18       0.00000e+00
  99.0000000       1.79219e-18       1.79219e-18       0.00000e+00
  99.1000000       1.82100e-18       1.82100e-18       0.00000e+00
  99.2000000       1.85035e-18       1.85035e-18       0.00000e+00
  99.3000000       1.88461e-18       1.88461e-18       0.00000e+00
  99.4000000       1.92181e-18       1.92181e-18       0.00000e+00
  99.5000000       1.96095e-18       1.96095e-18       0.00000e+00
  99.6000000       2.00437e-18       2.00437e-18       0.00000e+00
  99.7000000       2.04966e-18       2.04966e-18       0.00000e+00
  99.8000000       2.09498e-18       2.09498e-18       0.00000e+00
  99.9000000       2.14081e-18       2.14081e-18       0.00000e+00
 100.0000000       2.18809e-18       2.18809e-18       0.00000e+00
 100.1000000       2.23834e-18       2.23834e-18       0.00000e+00
 100.2000000       2.28944e-18       2.28944e-18       0.00000e+00
 100.3000000       2.34506e-18       2.34506e-18       0.00000e+00
 100.4000000       2.40448e-18       2.40448e-18       0.00000e+00
 100.5000000       2.46419e-18       2.46419e-18       0.00000e+00
 100.6000000       2.52416e-18       2.52416e-18       0.00000e+00
 100.7000000       2.58407e-18       2.58407e-18       0.00000e+00
 100.8000000       2.64603e-18       2.64603e-18       0.00000e+00
 100.9000000       2.70901e-18       2.70901e-18       0.00000e+00
 101.0000000       2.77234e-18       2.77234e-18       0.00000e+00
 101.1000000       2.84391e-18       2.84391e-18       0.00000e+00
 101.2000000       2.91844e-18       2.91844e-18       0.00000e+00
 101.3000000       2.99284e-18       2.99284e-18       0.00000e+00
 101.4000000       3.06721e-18       3.06721e-18       0.00000e+00
 101.5000000       3.14262e-18       3.14262e-18       0.00000e+00
 101.6000000       3.21981e-18       3.21981e-18       0.00000e+00
 101.7000000       3.29701e-18       3.29701e-18       0.00000e+00
 101.8000000       3.38015e-18       3.38015e-18       0.00000e+00
 101.9000000       3.47532e-18       3.47532e-18       0.00000e+00
 102.0000000       3.57068e-18       3.57068e-18       0.00000e+00
 102.1000000       3.66586e-18       3.66586e-18       0.00000e+00
 102.2000000       3.76063e-18       3.76063e-18       0.00000e+00
 102.3000000       3.85506e-18       3.85506e-18       0.00000e+00
 102.4000000       3.94932e-18       3.94932e-18       0.00000e+00
 102.5000000       4.04945e-18       4.04945e-18       0.00000e+00
 102.6000000       4.17235e-18       4.17235e-18       0.00000e+00
 102.7000000       4.29897e-18       4.29897e-18       0.00000e+00
 102.8000000       4.42522e-18       4.42522e-18       0.00000e+00
 102.9000000       4.54928e-18       4.54928e-18       0.00000e+00
 103.0000000       4.67247e-18       4.67247e-18       0.00000e+00
 103.1000000       4.79543e-18       4.79543e-18       0.00000e+00
 103.2000000       4.93409e-18       4.93409e-18       0.00000e+00
 103.3000000       5.10424e-18       5.10424e-18       0.00000e+00
 103.4000000       5.27499e-18       5.27499e-18       0.00000e+00
 103.5000000       5.44418e-18       5.44418e-18       0.00000e+00
 103.6000000       5.61202e-18       5.61202e-18       0.00000e+00
 103.7000000       5.78863e-18       5.78863e-18       0.00000e+00
 103.8000000       5.97111e-18       5.97111e-18       0.00000e+00
 103.9000000       6.20691e-18       6.20691e-18       0.00000e+00
 104.0000000       6.45623e-18       6.45623e-18       0.00000e+00
 104.1000000       6.70478e-18       6.70478e-18       0.00000e+00
 104.2000000       6.94748e-18       6.94748e-18       0.00000e+00
 104.3000000       7.18764e-18       7.18764e-18       0.00000e+00
 104.4000000       7.43345e-18       7.43345e-18       0.00000e+00
 104.5000000       7.73570e-18       7.73570e-18       0.00000e+00
 104.6000000       8.07916e-18       8.07916e-18       0.00000e+00
 104.7000000       8.43968e-18       8.43968e-18       0.00000e+00
 104.8000000       8.79443e-18       8.79443e-18       0.00000e+00
 104.9000000       9.14374e-18       9.14374e-18       0.00000e+00
 105.0000000       9.50337e-18       9.50337e-18       0.00000e+00
 105.1000000       9.88953e-18       9.88953e-18       0.00000e+00
 105.2000000       1.02763e-17       1.02763e-17       0.00000e+00
 105.3000000       1.06623e-17       1.06623e-17       0.00000e+00
 105.4000000       1.10458e-17       1.10458e-17       0.00000e+00
 105.5000000       1.14801e-17       1.14801e-17       0.00000e+00
 105.6000000       1.19122e-17       1.19122e-17       0.00000e+00
 105.7000000       1.23334e-17       1.23334e-17       0.00000e+00
 105.8000000       1.27538e-17       1.27538e-17       0.00000e+00
 105.9000000       1.31734e-17       1.31734e-17       0.00000e+00
 106.0000000       1.35856e-17       1.35856e-17       0.00000e+00
 106.1000000       1.39640e-17       1.39640e-17       0.00000e+00
 106.2000000       1.42567e-17       1.42567e-17       0.00000e+00
 106.3000000       1.45618e-17       1.45618e-17       0.00000e+00
 106.4000000       1.49145e-17       1.49145e-17       0.00000e+00
 106.5000000       1.52682e-17       1.52682e-17       0.00000e+00
 106.6000000       1.56124e-17       1.56124e-17       0.00000e+00
 106.7000000       1.59024e-17       1.59024e-17       0.00000e+00
 106.8000000       1.61071e-17       1.61071e-17       0.00000e+00
 106.9000000       1.63099e-17       1.63099e-17       0.00000e+00
 107.0000000       1.65122e-17       1.65122e-17       0.00000e+00
 107.1000000       1.67109e-17       1.67109e-17       0.00000e+00
 107.2000000       1.68862e-17       1.68862e-17       0.00000e+00
 107.3000000       1.70402e-17       1.70402e-17       0.00000e+00
 107.4000000       1.71448e-17       1.71448e-17       0.00000e+00
 107.5000000       1.72431e-17       1.72431e-17       0.00000e+00
 107.6000000       1.73408e-17       1.73408e-17       0.00000e+00
 107.7000000       1.74301e-17       1.74301e-17       0.00000e+00
 107.8000000       1.75164e-17       1.75164e-17       0.00000e+00
 107.9000000       1.76026e-17       1.76026e-17       0.00000e+00
 108.0000000       1.76889e-17       1.76889e-17       0.00000e+00
 108.1000000       1.77224e-17       1.77224e-17       0.00000e+00
 108.2000000       1.76831e-17       1.76831e-17       0.00000e+00
 108.3000000       1.76390e-17       1.76390e-17       0.00000e+00
 108.4000000       1.75950e-17       1.75950e-17       0.00000e+00
 108.5000000       1.75511e-17       1.75511e-17       0.00000e+00
 108.6000000       1.75086e-17       1.75086e-17       0.00000e+00
 108.7000000       1.75014e-17       1.75014e-17       0.00000e+00
 108.8000000       1.75075e-17       1.75075e-17       0.00000e+00
 108.9000000       1.75135e-17       1.75135e-17       0.00000e+00
 109.0000000       1.75195e-17       1.75195e-17       0.00000e+00
 109.1000000       1.74925e-17       1.74925e-17       0.00000e+00
 109.2000000       1.73825e-17       1.73825e-17       0.00000e+00
 109.3000000       1.73715e-17       1.73715e-17       0.00000e+00
 109.4000000       1.74745e-17       1.74745e-17       0.00000e+00
 109.5000000       1.75775e-17       1.75775e-17       0.00000e+00
 109.6000000       1.76802e-17       1.76802e-17       0.00000e+00
 109.7000000       1.77803e-17       1.77803e-17       0.00000e+00
 109.8000000       1.80587e-17       1.80587e-17       0.00000e+00
 109.9000000       1.90036e-17       1.90036e-17       0.00000e+00
 110.0000000       2.00104e-17       2.00104e-17       0.00000e+00
 110.1000000       2.10152e-17       2.10152e-17       0.00000e+00
 110.2000000       2.29822e-17       2.29822e-17       0.00000e+00
 110.3000000       2.84664e-17       2.84664e-17       0.00000e+00
 110.4000000       3.50849e-17       3.50849e-17       0.00000e+00
 110.5000000       6.39618e-17       6.39618e-17       0.00000e+00
 110.6000000       1.99172e-16       1.99172e-16       0.00000e+00
 110.7000000       1.22987e-16       1.22987e-16       0.00000e+00
 110.8000000       8.05230e-17       8.05230e-17       0.00000e+00
 110.9000000       6.67072e-17       6.67072e-17       0.00000e+00
 111.0000000       5.78724e-17       5.78724e-17       0.00000e+00
 111.1000000       5.27999e-17       5.27999e-17       0.00000e+00
 111.2000000       4.87090e-17       4.87090e-17       0.00000e+00
 111.3000000       4.61158e-17       4.61158e-17       0.00000e+00
 111.4000000       4.39484e-17       4.39484e-17       0.00000e+00
 111.5000000       4.30539e-17       4.30539e-17       0.00000e+00
 111.6000000       4.26325e-17       4.26325e-17       0.00000e+00
 111.7000000       4.38035e-17       4.38035e-17       0.00000e+00
 111.8000000       4.62113e-17       4.62113e-17       0.00000e+00
 111.9000000       5.10194e-17       5.10194e-17       0.00000e+00
 112.0000000       6.00509e-17       6.00509e-17       0.00000e+00
 112.1000000       7.75950e-17       7.75950e-17       0.00000e+00
 112.2000000       5.05743e-17       5.05743e-17       0.00000e+00
 112.3000000       4.01745e-18       4.01745e-18       0.00000e+00
 112.4000000       3.86263e-18       3.86263e-18       0.00000e+00
 112.5000000       3.70809e-18       3.70809e-18       0.00000e+00
 112.6000000       3.55531e-18       3.55531e-18       0.00000e+00
 112.7000000       3.40713e-18       3.40713e-18       0.00000e+00
 112.8000000       3.26737e-18       3.26737e-18       0.00000e+00
 112.9000000       3.13786e-18       3.13786e-18       0.00000e+00
 113.0000000       3.01166e-18       3.01166e-18       0.00000e+00
 113.1000000       2.88871e-18       2.88871e-18       0.00000e+00
 113.2000000       2.76598e-18       2.76598e-18       0.00000e+00
 113.3000000       2.64396e-18       2.64396e-18       0.00000e+00
 113.4000000       2.52644e-18       2.52644e-18       0.00000e+00
 113.5000000       2.41013e-18       2.41013e-18       0.00000e+00
 113.6000000       2.29409e-18       2.29409e-18       0.00000e+00
 113.7000000       2.18066e-18       2.18066e-18       0.00000e+00
 113.8000000       2.07035e-18       2.07035e-18       0.00000e+00
 113.9000000       1.96026e-18       1.96026e-18       0.00000e+00
 114.0000000       1.85113e-18       1.85113e-18       0.00000e+00
 114.1000000       1.75928e-18       1.75928e-18       0.00000e+00
 114.2000000       1.68215e-18       1.68215e-18       0.00000e+00
 114.3000000       1.60536e-18       1.60536e-18       0.00000e+00
 114.4000000       1.53156e-18       1.53156e-18       0.00000e+00
 114.5000000       1.45887e-18       1.45887e-18       0.00000e+00
 114.6000000       1.38634e-18       1.38634e-18       0.00000e+00
 114.7000000       1.31601e-18       1.31601e-18       0.00000e+00
 114.8000000       1.24706e-18       1.24706e-18       0.00000e+00
 114.9000000       1.17824e-18       1.17824e-18       0.00000e+00
 115.0000000       1.11108e-18       1.11108e-18       0.00000e+00
 115.1000000       1.04524e-18       1.04524e-18       0.00000e+00
 115.2000000       9.79537e-19       9.79537e-19       0.00000e+00
 115.3000000       9.19479e-19       9.19479e-19       0.00000e+00
 115.4000000       8.80074e-19       8.80074e-19       0.00000e+00
 115.5000000       8.43319e-19       8.43319e-19       0.00000e+00
 115.6000000       8.07725e-19       8.07725e-19       0.00000e+00
 115.7000000       7.72773e-19       7.72773e-19       0.00000e+00
 115.8000000       7.37974e-19       7.37974e-19       0.00000e+00
 115.9000000       7.04181e-19       7.04181e-19       0.00000e+00
 116.0000000       6.70714e-19       6.70714e-19       0.00000e+00
 116.1000000       6.37493e-19       6.37493e-19       0.00000e+00
 116.2000000       6.05035e-19       6.05035e-19       0.00000e+00
 116.3000000       5.72702e-19       5.72702e-19       0.00000e+00
 116.4000000       5.40947e-19       5.40947e-19       0.00000e+00
 116.5000000       5.19922e-19       5.19922e-19       0.00000e+00
 116.6000000       5.05069e-19       5.05069e-19       0.00000e+00
 116.7000000       4.90612e-19       4.90612e-19       0.00000e+00
 116.8000000       4.76276e-19       4.76276e-19       0.00000e+00
 116.9000000       4.62113e-19       4.62113e-19       0.00000e+00
 117.0000000       4.48309e-19       4.48309e-19       0.00000e+00
 117.1000000       4.34584e-19       4.34584e-19       0.00000e+00
 117.2000000       4.21063e-19       4.21063e-19       0.00000e+00
 117.3000000       4.07606e-19       4.07606e-19       0.00000e+00
 117.4000000       3.94263e-19       3.94263e-19       0.00000e+00
 117.5000000       3.83425e-19       3.83425e-19       0.00000e+00
 117.6000000       3.79138e-19       3.79138e-19       0.00000e+00
 117.7000000       3.75317e-19       3.75317e-19       0.00000e+00
 117.8000000       3.71516e-19       3.71516e-19       0.00000e+00
 117.9000000       3.67775e-19       3.67775e-19       0.00000e+00
 118.0000000       3.64052e-19       3.64052e-19       0.00000e+00
 118.1000000       3.60369e-19       3.60369e-19       0.00000e+00
 118.2000000       3.56704e-19       3.56704e-19       0.00000e+00
 118.3000000       3.53064e-19       3.53064e-19       0.00000e+00
 118.4000000       3.49454e-19       3.49454e-19       0.00000e+00
 118.5000000       3.48388e-19       3.48388e-19       0.00000e+00
 118.6000000       3.49393e-19       3.49393e-19       0.00000e+00
 118.7000000       3.50502e-19       3.50502e-19       0.00000e+00
 118.8000000       3.51627e-19       3.51627e-19       0.00000e+00
 118.9000000       3.52754e-19       3.52754e-19       0.00000e+00
 119.0000000       3.53882e-19       3.53882e-19       0.00000e+00
 119.1000000       3.55011e-19       3.55011e-19       0.00000e+00
 119.2000000       3.56139e-19       3.56139e-19       0.00000e+00
 119.3000000       3.57268e-19       3.57268e-19       0.00000e+00
 119.4000000       3.58453e-19       3.58453e-19       0.00000e+00
 119.5000000       3.59718e-19       3.59718e-19       0.00000e+00
 119.6000000       3.60982e-19       3.60982e-19       0.00000e+00
 119.7000000       3.62245e-19       3.62245e-19       0.00000e+00
 119.8000000       3.63506e-19       3.63506e-19       0.00000e+00
 119.9000000       3.64765e-19       3.64765e-19       0.00000e+00
 120.0000000       3.66022e-19       3.66022e-19       0.00000e+00
 120.1000000       3.67277e-19       3.67277e-19       0.00000e+00
 120.2000000       3.68527e-19       3.68527e-19       0.00000e+00
 120.3000000       3.68070e-19       3.68070e-19       0.00000e+00
 120.4000000       3.65871e-19       3.65871e-19       0.00000e+00
 120.5000000       3.63673e-19       3.63673e-19       0.00000e+00
 120.6000000       3.61479e-19       3.61479e-19       0.00000e+00
 120.7000000       3.59289e-19       3.59289e-19       0.00000e+00
 120.8000000       3.57102e-19       3.57102e-19       0.00000e+00
 120.9000000       3.54918e-19       3.54918e-19       0.00000e+00
 121.0000000       3.52739e-19       3.52739e-19       0.00000e+00
 121.1000000       3.50556e-19       3.50556e-19       0.00000e+00
 121.2000000       3.46851e-19       3.46851e-19       0.00000e+00
 121.3000000       3.41848e-19       3.41848e-19       0.00000e+00
 121.4000000       3.36853e-19       3.36853e-19       0.00000e+00
 121.5000000       3.31866e-19       3.31866e-19       0.00000e+00
 121.6000000       3.26888e-19       2.99265e-20       0.00000e+00
 121.7000000       3.21917e-19       0.00000e+00       0.00000e+00
 121.8000000       3.16955e-19       0.00000e+00       0.00000e+00
 121.9000000       3.12001e-19       0.00000e+00       0.00000e+00
 122.0000000       3.07018e-19       0.00000e+00       0.00000e+00
 122.1000000       3.01691e-19       0.00000e+00       0.00000e+00
 122.2000000       2.96017e-19       0.00000e+00       0.00000e+00
 122.3000000       2.90352e-19       0.00000e+00       0.00000e+00
 122.4000000       2.84697e-19       0.00000e+00       0.00000e+00
 122.5000000       2.79050e-19       0.00000e+00       0.00000e+00
 122.6000000       2.73413e-19       0.00000e+00       0.00000e+00
 122.7000000       2.67785e-19       0.00000e+00       0.00000e+00
 122.8000000       2.62166e-19       0.00000e+00       0.00000e+00
 122.9000000       2.56557e-19       0.00000e+00       0.00000e+00
 123.0000000       2.51176e-19       0.00000e+00       0.00000e+00
 123.1000000       2.46186e-19       0.00000e+00       0.00000e+00
 123.2000000       2.41214e-19       0.00000e+00       0.00000e+00
 123.3000000       2.36249e-19       0.00000e+00       0.00000e+00
 123.4000000       2.31293e-19       0.00000e+00       0.00000e+00
 123.5000000       2.26345e-19       0.00000e+00       0.00000e+00
 123.6000000       2.21401e-19       0.00000e+00       0.00000e+00
 123.7000000       2.16384e-19       0.00000e+00       0.00000e+00
 123.8000000       2.11336e-19       0.00000e+00       0.00000e+00
 123.9000000       2.06580e-19       0.00000e+00       0.00000e+00
 124.0000000       2.02619e-19       0.00000e+00       0.00000e+00
 124.1000000       1.98714e-19       0.00000e+00       0.00000e+00
 124.2000000       1.94816e-19       0.00000e+00       0.00000e+00
 124.3000000       1.90924e-19       0.00000e+00       0.00000e+00
 124.4000000       1.87038e-19       0.00000e+00       0.00000e+00
 124.5000000       1.83159e-19       0.00000e+00       0.00000e+00
 124.6000000       1.79286e-19       0.00000e+00       0.00000e+00
 124.7000000       1.75424e-19       0.00000e+00       0.00000e+00
 124.8000000       1.71910e-19       0.00000e+00       0.00000e+00
 124.9000000       1.69261e-19       0.00000e+00       0.00000e+00
 125.0000000       1.66671e-19       0.00000e+00       0.00000e+00
 125.1000000       1.64086e-19       0.00000e+00       0.00000e+00
 125.2000000       1.61504e-19       0.00000e+00       0.00000e+00
 125.3000000       1.58905e-19       0.00000e+00       0.00000e+00
 125.4000000       1.56210e-19       0.00000e+00       0.00000e+00
 125.5000000       1.53507e-19       0.00000e+00       0.00000e+00
 125.6000000       1.50808e-19       0.00000e+00       0.00000e+00
 125.7000000       1.48495e-19       0.00000e+00       0.00000e+00
 125.8000000       1.46748e-19       0.00000e+00       0.00000e+00
 125.9000000       1.45011e-19       0.00000e+00       0.00000e+00
 126.0000000       1.43277e-19       0.00000e+00       0.00000e+00
 126.1000000       1.41545e-19       0.00000e+00       0.00000e+00
 126.2000000       1.39816e-19       0.00000e+00       0.00000e+00
 126.3000000       1.38090e-19       0.00000e+00       0.00000e+00
 126.4000000       1.36367e-19       0.00000e+00       0.00000e+00
 126.5000000       1.34711e-19       0.00000e+00       0.00000e+00
 126.6000000       1.33546e-19       0.00000e+00       0.00000e+00
 126.7000000       1.32516e-19       0.00000e+00       0.00000e+00
 126.8000000       1.31488e-19       0.00000e+00       0.00000e+00
 126.9000000       1.30462e-19       0.00000e+00       0.00000e+00
 127.0000000       1.29376e-19       0.00000e+00       0.00000e+00
 127.1000000       1.28234e-19       0.00000e+00       0.00000e+00
 127.2000000       1.27094e-19       0.00000e+00       0.00000e+00
 127.3000000       1.25956e-19       0.00000e+00       0.00000e+00
 127.4000000       1.25029e-19       0.00000e+00       0.00000e+00
 127.5000000       1.24288e-19       0.00000e+00       0.00000e+00
 127.6000000       1.23548e-19       0.00000e+00       0.00000e+00
 127.7000000       1.22810e-19       0.00000e+00       0.00000e+00
 127.8000000       1.22072e-19       0.00000e+00       0.00000e+00
 127.9000000       1.21336e-19       0.00000e+00       0.00000e+00
 128.0000000       1.20601e-19       0.00000e+00       0.00000e+00
 128.1000000       1.19867e-19       0.00000e+00       0.00000e+00
 128.2000000       1.19264e-19       0.00000e+00       0.00000e+00
 128.3000000       1.18880e-19       0.00000e+00       0.00000e+00
 128.4000000       1.18511e-19       0.00000e+00       0.00000e+00
 128.5000000       1.18142e-19       0.00000e+00       0.00000e+00
 128.6000000       1.17762e-19       0.00000e+00       0.00000e+00
 128.7000000       1.17323e-19       0.00000e+00       0.00000e+00
 128.8000000       1.16877e-19       0.00000e+00       0.00000e+00
 128.9000000       1.16431e-19       0.00000e+00       0.00000e+00
 129.0000000       1.16089e-19       0.00000e+00       0.00000e+00
 129.1000000       1.15827e-19       0.00000e+00       0.00000e+00
 129.2000000       1.15566e-19       0.00000e+00       0.00000e+00
 129.3000000       1.15305e-19       0.00000e+00       0.00000e+00
 129.4000000       1.15044e-19       0.00000e+00       0.00000e+00
 129.5000000       1.14784e-19       0.00000e+00       0.00000e+00
 129.6000000       1.14525e-19       0.00000e+00       0.00000e+00
 129.7000000       1.14276e-19       0.00000e+00       0.00000e+00
 129.8000000       1.14129e-19       0.00000e+00       0.00000e+00
 129.9000000       1.14015e-19       0.00000e+00       0.00000e+00
 130.0000000       1.13988e-19       0.00000e+00       0.00000e+00
 130.1000000       1.13992e-19       0.00000e+00       0.00000e+00
 130.2000000       1.13996e-19       0.00000e+00       0.00000e+00
 130.3000000       1.13971e-19       0.00000e+00       0.00000e+00
 130.4000000       1.13933e-19       0.00000e+00       0.00000e+00
 130.5000000       1.13937e-19       0.00000e+00       0.00000e+00
 130.6000000       1.14016e-19       0.00000e+00       0.00000e+00
 130.7000000       1.14097e-19       0.00000e+00       0.00000e+00
 130.8000000       1.14178e-19       0.00000e+00       0.00000e+00
 130.9000000       1.14260e-19       0.00000e+00       0.00000e+00
 131.0000000       1.14342e-19       0.00000e+00       0.00000e+00
 131.1000000       1.14424e-19       0.00000e+00       0.00000e+00
 131.2000000       1.14518e-19       0.00000e+00       0.00000e+00
 131.3000000       1.14684e-19       0.00000e+00       0.00000e+00
 131.4000000       1.14863e-19       0.00000e+00       0.00000e+00
 131.5000000       1.15041e-19       0.00000e+00       0.00000e+00
 131.6000000       1.15225e-19       0.00000e+00       0.00000e+00
 131.7000000       1.15509e-19       0.00000e+00       0.00000e+00
 131.8000000       1.15833e-19       0.00000e+00       0.00000e+00
 131.9000000       1.16140e-19       0.00000e+00       0.00000e+00
 132.0000000       1.16475e-19       0.00000e+00       0.00000e+00
 132.1000000       1.16828e-19       0.00000e+00       0.00000e+00
 132.2000000       1.17180e-19       0.00000e+00       0.00000e+00
 132.3000000       1.17531e-19       0.00000e+00       0.00000e+00
 132.4000000       1.17882e-19       0.00000e+00       0.00000e+00
 132.5000000       1.18233e-19       0.00000e+00       0.00000e+00
 132.6000000       1.18589e-19       0.00000e+00       0.00000e+00
 132.7000000       1.18983e-19       0.00000e+00       0.00000e+00
 132.8000000       1.19391e-19       0.00000e+00       0.00000e+00
 132.9000000       1.19798e-19       0.00000e+00       0.00000e+00
 133.0000000       1.20204e-19       0.00000e+00       0.00000e+00
 133.1000000       1.20610e-19       0.00000e+00       0.00000e+00
 133.2000000       1.21016e-19       0.00000e+00       0.00000e+00
 133.3000000       1.21441e-19       0.00000e+00       0.00000e+00
 133.4000000       1.22022e-19       0.00000e+00       0.00000e+00
 133.5000000       1.22616e-19       0.00000e+00       0.00000e+00
 133.6000000       1.23172e-19       0.00000e+00       0.00000e+00
 133.7000000       1.23727e-19       0.00000e+00       0.00000e+00
 133.8000000       1.24282e-19       0.00000e+00       0.00000e+00
 133.9000000       1.24835e-19       0.00000e+00       0.00000e+00
 134.0000000       1.25398e-19       0.00000e+00       0.00000e+00
 134.1000000       1.25977e-19       0.00000e+00       0.00000e+00
 134.2000000       1.26556e-19       0.00000e+00       0.00000e+00
 134.3000000       1.27138e-19       0.00000e+00       0.00000e+00
 134.4000000       1.27720e-19       0.00000e+00       0.00000e+00
 134.5000000       1.28300e-19       0.00000e+00       0.00000e+00
 134.6000000       1.28881e-19       0.00000e+00       0.00000e+00
 134.7000000       1.29476e-19       0.00000e+00       0.00000e+00
 134.8000000       1.30072e-19       0.00000e+00       0.00000e+00
 134.9000000       1.30667e-19       0.00000e+00       0.00000e+00
 135.0000000       1.31327e-19       0.00000e+00       0.00000e+00
 135.1000000       1.32083e-19       0.00000e+00       0.00000e+00
 135.2000000       1.32799e-19       0.00000e+00       0.00000e+00
 135.3000000       1.33523e-19       0.00000e+00       0.00000e+00
 135.4000000       1.34248e-19       0.00000e+00       0.00000e+00
 135.5000000       1.34972e-19       0.00000e+00       0.00000e+00
 135.6000000       1.35695e-19       0.00000e+00       0.00000e+00
 135.7000000       1.36418e-19       0.00000e+00       0.00000e+00
 135.8000000       1.37139e-19       0.00000e+00       0.00000e+00
 135.9000000       1.37871e-19       0.00000e+00       0.00000e+00
 136.0000000       1.38605e-19       0.00000e+00       0.00000e+00
 136.1000000       1.39339e-19       0.00000e+00       0.00000e+00
 136.2000000       1.40071e-19       0.00000e+00       0.00000e+00
 136.3000000       1.40802e-19       0.00000e+00       0.00000e+00
 136.4000000       1.41533e-19       0.00000e+00       0.00000e+00
 136.5000000       1.42267e-19       0.00000e+00       0.00000e+00
 136.6000000       1.43021e-19       0.00000e+00       0.00000e+00
 136.7000000       1.43889e-19       0.00000e+00       0.00000e+00
 136.8000000       1.44749e-19       0.00000e+00       0.00000e+00
 136.9000000       1.45607e-19       0.00000e+00       0.00000e+00
 137.0000000       1.46466e-19       0.00000e+00       0.00000e+00
 137.1000000       1.47325e-19       0.00000e+00       0.00000e+00
 137.2000000       1.48183e-19       0.00000e+00       0.00000e+00
 137.3000000       1.49040e-19       0.00000e+00       0.00000e+00
 137.4000000       1.49896e-19       0.00000e+00       0.00000e+00
 137.5000000       1.50757e-19       0.00000e+00       0.00000e+00
 137.6000000       1.51623e-19       0.00000e+00       0.00000e+00
 137.7000000       1.52488e-19       0.00000e+00       0.00000e+00
 137.8000000       1.53352e-19       0.00000e+00       0.00000e+00
 137.9000000       1.54215e-19       0.00000e+00       0.00000e+00
 138.0000000       1.55076e-19       0.00000e+00       0.00000e+00
 138.1000000       1.55937e-19       0.00000e+00       0.00000e+00
 138.2000000       1.56806e-19       0.00000e+00       0.00000e+00
 138.3000000       1.57769e-19       0.00000e+00       0.00000e+00
 138.4000000       1.58759e-19       0.00000e+00       0.00000e+00
 138.5000000       1.59748e-19       0.00000e+00       0.00000e+00
 138.6000000       1.60737e-19       0.00000e+00       0.00000e+00
 138.7000000       1.61724e-19       0.00000e+00       0.00000e+00
 138.8000000       1.62709e-19       0.00000e+00       0.00000e+00
 138.9000000       1.63693e-19       0.00000e+00       0.00000e+00
 139.0000000       1.64677e-19       0.00000e+00       0.00000e+00
 139.1000000       1.65669e-19       0.00000e+00       0.00000e+00
 139.2000000       1.66666e-19       0.00000e+00       0.00000e+00
 139.3000000       1.67660e-19       0.00000e+00       0.00000e+00
 139.4000000       1.68654e-19       0.00000e+00       0.00000e+00
 139.5000000       1.69646e-19       0.00000e+00       0.00000e+00
 139.6000000       1.70637e-19       0.00000e+00       0.00000e+00
 139.7000000       1.71626e-19       0.00000e+00       0.00000e+00
 139.8000000       1.72619e-19       0.00000e+00       0.00000e+00
 139.9000000       1.73717e-19       0.00000e+00       0.00000e+00
 140.0000000       1.74841e-19       0.00000e+00       0.00000e+00
 140.1000000       1.75963e-19       0.00000e+00       0.00000e+00
 140.2000000       1.77084e-19       0.00000e+00       0.00000e+00
 140.3000000       1.78203e-19       0.00000e+00       0.00000e+00
 140.4000000       1.79320e-19       0.00000e+00       0.00000e+00
 140.5000000       1.80436e-19       0.00000e+00       0.00000e+00
 140.6000000       1.81557e-19       0.00000e+00       0.00000e+00
 140.7000000       1.82690e-19       0.00000e+00       0.00000e+00
 140.8000000       1.83823e-19       0.00000e+00       0.00000e+00
 140.9000000       1.84955e-19       0.00000e+00       0.00000e+00
 141.0000000       1.86084e-19       0.00000e+00       0.00000e+00
 141.1000000       1.87213e-19       0.00000e+00       0.00000e+00
 141.2000000       1.88339e-19       0.00000e+00       0.00000e+00
 141.3000000       1.89461e-19       0.00000e+00       0.00000e+00
 141.4000000       1.90619e-19       0.00000e+00       0.00000e+00
 141.5000000       1.91875e-19       0.00000e+00       0.00000e+00
 141.6000000       1.93130e-19       0.00000e+00       0.00000e+00
 141.7000000       1.94384e-19       0.00000e+00       0.00000e+00
 141.8000000       1.95635e-19       0.00000e+00       0.00000e+00
 141.9000000       1.96886e-19       0.00000e+00       0.00000e+00
 142.0000000       1.98134e-19       0.00000e+00       0.00000e+00
 142.1000000       1.99386e-19       0.00000e+00       0.00000e+00
 142.2000000       2.00657e-19       0.00000e+00       0.00000e+00
 142.3000000       2.01929e-19       0.00000e+00       0.00000e+00
 142.4000000       2.03199e-19       0.00000e+00       0.00000e+00
 142.5000000       2.04468e-19       0.00000e+00       0.00000e+00
 142.6000000       2.05735e-19       0.00000e+00       0.00000e+00
 142.7000000       2.07000e-19       0.00000e+00       0.00000e+00
 142.8000000       2.08262e-19       0.00000e+00       0.00000e+00
 142.9000000       2.09531e-19       0.00000e+00       0.00000e+00
 143.0000000       2.10898e-19       0.00000e+00       0.00000e+00
 143.1000000       2.12274e-19       0.00000e+00       0.00000e+00
 143.2000000       2.13648e-19       0.00000e+00       0.00000e+00
 143.3000000       2.15020e-19       0.00000e+00       0.00000e+00
 143.4000000       2.16391e-19       0.00000e+00       0.00000e+00
 143.5000000       2.17759e-19       0.00000e+00       0.00000e+00
 143.6000000       2.19138e-19       0.00000e+00       0.00000e+00
 143.7000000       2.20539e-19       0.00000e+00       0.00000e+00
 143.8000000       2.21940e-19       0.00000e+00       0.00000e+00
 143.9000000       2.23339e-19       0.00000e+00       0.00000e+00
 144.0000000       2.24736e-19       0.00000e+00       0.00000e+00
 144.1000000       2.26131e-19       0.00000e+00       0.00000e+00
 144.2000000       2.27524e-19       0.00000e+00       0.00000e+00
 144.3000000       2.28915e-19       0.00000e+00       0.00000e+00
 144.4000000       2.30315e-19       0.00000e+00       0.00000e+00
 144.5000000       2.31783e-19       0.00000e+00       0.00000e+00
 144.6000000       2.33254e-19       0.00000e+00       0.00000e+00
 144.7000000       2.34724e-19       0.00000e+00       0.00000e+00
 144.8000000       2.36192e-19       0.00000e+00       0.00000e+00
 144.9000000       2.37657e-19       0.00000e+00       0.00000e+00
 145.0000000       2.39124e-19       0.00000e+00       0.00000e+00
 145.1000000       2.40623e-19       0.00000e+00       0.00000e+00
 145.2000000       2.42131e-19       0.00000e+00       0.00000e+00
 145.3000000       2.43637e-19       0.00000e+00       0.00000e+00
 145.4000000       2.45141e-19       0.00000e+00       0.00000e+00
 145.5000000       2.46643e-19       0.00000e+00       0.00000e+00
 145.6000000       2.48143e-19       0.00000e+00       0.00000e+00
 145.7000000       2.49641e-19       0.00000e+00       0.00000e+00
 145.8000000       2.51137e-19       0.00000e+00       0.00000e+00
 145.9000000       2.52650e-19       0.00000e+00       0.00000e+00
 146.0000000       2.54180e-19       0.00000e+00       0.00000e+00
 146.1000000       2.55708e-19       0.00000e+00       0.00000e+00
 146.2000000       2.57235e-19       0.00000e+00       0.00000e+00
 146.3000000       2.58758e-19       0.00000e+00       0.00000e+00
 146.4000000       2.60282e-19       0.00000e+00       0.00000e+00
 146.5000000       2.61846e-19       0.00000e+00       0.00000e+00
 146.6000000       2.63424e-19       0.00000e+00       0.00000e+00
 146.7000000       2.65000e-19       0.00000e+00       0.00000e+00
 146.8000000       2.66574e-19       0.00000e+00       0.00000e+00
 146.9000000       2.68146e-19       0.00000e+00       0.00000e+00
 147.0000000       2.69715e-19       0.00000e+00       0.00000e+00
 147.1000000       2.71283e-19       0.00000e+00       0.00000e+00
 147.2000000       2.72848e-19       0.00000e+00       0.00000e+00
 147.3000000       2.74412e-19       0.00000e+00       0.00000e+00
 147.4000000       2.75959e-19       0.00000e+00       0.00000e+00
 147.5000000       2.77503e-19       0.00000e+00       0.00000e+00
 147.6000000       2.79044e-19       0.00000e+00       0.00000e+00
 147.7000000       2.80584e-19       0.00000e+00       0.00000e+00
 147.8000000       2.82133e-19       0.00000e+00       0.00000e+00
 147.9000000       2.83735e-19       0.00000e+00       0.00000e+00
 148.0000000       2.85342e-19       0.00000e+00       0.00000e+00
 148.1000000       2.86946e-19       0.00000e+00       0.00000e+00
 148.2000000       2.88548e-19       0.00000e+00       0.00000e+00
 148.3000000       2.90148e-19       0.00000e+00       0.00000e+00
 148.4000000       2.91746e-19       0.00000e+00       0.00000e+00
 148.5000000       2.93342e-19       0.00000e+00       0.00000e+00
 148.6000000       2.94935e-19       0.00000e+00       0.00000e+00
 148.7000000       2.96506e-19       0.00000e+00       0.00000e+00
 148.8000000       2.98024e-19       0.00000e+00       0.00000e+00
 148.9000000       2.99538e-19       0.00000e+00       0.00000e+00
 149.0000000       3.01049e-19       0.00000e+00       0.00000e+00
 149.1000000       3.02563e-19       0.00000e+00       0.00000e+00
 149.2000000       3.04136e-19       0.00000e+00       0.00000e+00
 149.3000000       3.05727e-19       0.00000e+00       0.00000e+00
 149.4000000       3.07316e-19       0.00000e+00       0.00000e+00
 149.5000000       3.08903e-19       0.00000e+00       0.00000e+00
 149.6000000       3.10487e-19       0.00000e+00       0.00000e+00
 149.7000000       3.12070e-19       0.00000e+00       0.00000e+00
 149.8000000       3.13650e-19       0.00000e+00       0.00000e+00
 149.9000000       3.15229e-19       0.00000e+00       0.00000e+00
 150.0000000       3.16800e-19       0.00000e+00       0.00000e+00
 150.1000000       3.18263e-19       0.00000e+00       0.00000e+00
 150.2000000       3.19692e-19       0.00000e+00       0.00000e+00
 150.3000000       3.21119e-19       0.00000e+00       0.00000e+00
 150.4000000       3.22556e-19       0.00000e+00       0.00000e+00
 150.5000000       3.24062e-19       0.00000e+00       0.00000e+00
 150.6000000       3.25578e-19       0.00000e+00       0.00000e+00
 150.7000000       3.27093e-19       0.00000e+00       0.00000e+00
 150.8000000       3.28605e-19       0.00000e+00       0.00000e+00
 150.9000000       3.30115e-19       0.00000e+00       0.00000e+00
 151.0000000       3.31624e-19       0.00000e+00       0.00000e+00
 151.1000000       3.33130e-19       0.00000e+00       0.00000e+00
 151.2000000       3.34634e-19       0.00000e+00       0.00000e+00
 151.3000000       3.36136e-19       0.00000e+00       0.00000e+00
 151.4000000       3.37498e-19       0.00000e+00       0.00000e+00
 151.5000000       3.38759e-19       0.00000e+00       0.00000e+00
 151.6000000       3.40038e-19       0.00000e+00       0.00000e+00
 151.7000000       3.41375e-19       0.00000e+00       0.00000e+00
 151.8000000       3.42749e-19       0.00000e+00       0.00000e+00
 151.9000000       3.44120e-19       0.00000e+00       0.00000e+00
 152.0000000       3.45490e-19       0.00000e+00       0.00000e+00
 152.1000000       3.46857e-19       0.00000e+00       0.00000e+00
 152.2000000       3.48223e-19       0.00000e+00       0.00000e+00
 152.3000000       3.49588e-19       0.00000e+00       0.00000e+00
 152.4000000       3.50950e-19       0.00000e+00       0.00000e+00
 152.5000000       3.52311e-19       0.00000e+00       0.00000e+00
 152.6000000       3.53662e-19       0.00000e+00       0.00000e+00
 152.7000000       3.54787e-19       0.00000e+00       0.00000e+00
 152.8000000       3.55808e-19       0.00000e+00       0.00000e+00
 152.9000000       3.56932e-19       0.00000e+00       0.00000e+00
 153.0000000       3.58089e-19       0.00000e+00       0.00000e+00
 153.1000000       3.59245e-19       0.00000e+00       0.00000e+00
 153.2000000       3.60400e-19       0.00000e+00       0.00000e+00
 153.3000000       3.61553e-19       0.00000e+00       0.00000e+00
 153.4000000       3.62705e-19       0.00000e+00       0.00000e+00
 153.5000000       3.63855e-19       0.00000e+00       0.00000e+00
 153.6000000       3.65004e-19       0.00000e+00       0.00000e+00
 153.7000000       3.66151e-19       0.00000e+00       0.00000e+00
 153.8000000       3.67296e-19       0.00000e+00       0.00000e+00
 153.9000000       3.68318e-19       0.00000e+00       0.00000e+00
 154.0000000       3.69092e-19       0.00000e+00       0.00000e+00
 154.1000000       3.69912e-19       0.00000e+00       0.00000e+00
 154.2000000       3.70756e-19       0.00000e+00       0.00000e+00
 154.3000000       3.71621e-19       0.00000e+00       0.00000e+00
 154.4000000       3.72484e-19       0.00000e+00       0.00000e+00
 154.5000000       3.73347e-19       0.00000e+00       0.00000e+00
 154.6000000       3.74208e-19       0.00000e+00       0.00000e+00
 154.7000000       3.75069e-19       0.00000e+00       0.00000e+00
 154.8000000       3.75928e-19       0.00000e+00       0.00000e+00
 154.9000000       3.76786e-19       0.00000e+00       0.00000e+00
 155.0000000       3.77643e-19       0.00000e+00       0.00000e+00
 155.1000000       3.78386e-19       0.00000e+00       0.00000e+00
 155.2000000       3.78870e-19       0.00000e+00       0.00000e+00
 155.3000000       3.79343e-19       0.00000e+00       0.00000e+00
 155.4000000       3.79815e-19       0.00000e+00       0.00000e+00
 155.5000000       3.80291e-19       0.00000e+00       0.00000e+00
 155.6000000       3.80785e-19       0.00000e+00       0.00000e+00
 155.7000000       3.81279e-19       0.00000e+00       0.00000e+00
 155.8000000       3.81773e-19       0.00000e+00       0.00000e+00
 155.9000000       3.82266e-19       0.00000e+00       0.00000e+00
 156.0000000       3.82759e-19       0.00000e+00       0.00000e+00
 156.1000000       3.83251e-19       0.00000e+00       0.00000e+00
 156.2000000       3.83763e-19       0.00000e+00       0.00000e+00
 156.3000000       3.83993e-19       0.00000e+00       0.00000e+00
 156.4000000       3.84055e-19       0.00000e+00       0.00000e+00
 156.5000000       3.84116e-19       0.00000e+00       0.00000e+00
 156.6000000       3.84178e-19       0.00000e+00       0.00000e+00
 156.7000000       3.84239e-19       0.00000e+00       0.00000e+00
 156.8000000       3.84302e-19       0.00000e+00       0.00000e+00
 156.9000000       3.84374e-19       0.00000e+00       0.00000e+00
 157.0000000       3.84446e-19       0.00000e+00       0.00000e+00
 157.1000000       3.84518e-19       0.00000e+00       0.00000e+00
 157.2000000       3.84600e-19       0.00000e+00       0.00000e+00
 157.3000000       3.84693e-19       0.00000e+00       0.00000e+00
 157.4000000       3.84555e-19       0.00000e+00       0.00000e+00
 157.5000000       3.84171e-19       0.00000e+00       0.00000e+00
 157.6000000       3.83786e-19       0.00000e+00       0.00000e+00
 157.7000000       3.83402e-19       0.00000e+00       0.00000e+00
 157.8000000       3.83019e-19       0.00000e+00       0.00000e+00
 157.9000000       3.82635e-19       0.00000e+00       0.00000e+00
 158.0000000       3.82253e-19       0.00000e+00       0.00000e+00
 158.1000000       3.81874e-19       0.00000e+00       0.00000e+00
 158.2000000       3.81492e-19       0.00000e+00       0.00000e+00
 158.3000000       3.81108e-19       0.00000e+00       0.00000e+00
 158.4000000       3.80712e-19       0.00000e+00       0.00000e+00
 158.5000000       3.79999e-19       0.00000e+00       0.00000e+00
 158.6000000       3.79153e-19       0.00000e+00       0.00000e+00
 158.7000000       3.78307e-19       0.00000e+00       0.00000e+00
 158.8000000       3.77463e-19       0.00000e+00       0.00000e+00
 158.9000000       3.76620e-19       0.00000e+00       0.00000e+00
 159.0000000       3.75778e-19       0.00000e+00       0.00000e+00
 159.1000000       3.74921e-19       0.00000e+00       0.00000e+00
 159.2000000       3.74040e-19       0.00000e+00       0.00000e+00
 159.3000000       3.73162e-19       0.00000e+00       0.00000e+00
 159.4000000       3.72285e-19       0.00000e+00       0.00000e+00
 159.5000000       3.71222e-19       0.00000e+00       0.00000e+00
 159.6000000       3.69922e-19       0.00000e+00       0.00000e+00
 159.7000000       3.68621e-19       0.00000e+00       0.00000e+00
 159.8000000       3.67322e-19       0.00000e+00       0.00000e+00
 159.9000000       3.66024e-19       0.00000e+00       0.00000e+00
 160.0000000       3.64686e-19       0.00000e+00       0.00000e+00
 160.1000000       3.63313e-19       0.00000e+00       0.00000e+00
 160.2000000       3.61941e-19       0.00000e+00       0.00000e+00
 160.3000000       3.60574e-19       0.00000e+00       0.00000e+00
 160.4000000       3.59209e-19       0.00000e+00       0.00000e+00
 160.5000000       3.57639e-19       0.00000e+00       0.00000e+00
 160.6000000       3.55905e-19       0.00000e+00       0.00000e+00
 160.7000000       3.54174e-19       0.00000e+00       0.00000e+00
 160.8000000       3.52418e-19       0.00000e+00       0.00000e+00
 160.9000000       3.50570e-19       0.00000e+00       0.00000e+00
 161.0000000       3.48715e-19       0.00000e+00       0.00000e+00
 161.1000000       3.46862e-19       0.00000e+00       0.00000e+00
 161.2000000       3.45014e-19       0.00000e+00       0.00000e+00
 161.3000000       3.43189e-19       0.00000e+00       0.00000e+00
 161.4000000       3.41308e-19       0.00000e+00       0.00000e+00
 161.5000000       3.39204e-19       0.00000e+00       0.00000e+00
 161.6000000       3.37032e-19       0.00000e+00       0.00000e+00
 161.7000000       3.34732e-19       0.00000e+00       0.00000e+00
 161.8000000       3.32427e-19       0.00000e+00       0.00000e+00
 161.9000000       3.30125e-19       0.00000e+00       0.00000e+00
 162.0000000       3.27825e-19       0.00000e+00       0.00000e+00
 162.1000000       3.25534e-19       0.00000e+00       0.00000e+00
 162.2000000       3.23275e-19       0.00000e+00       0.00000e+00
 162.3000000       3.20958e-19       0.00000e+00       0.00000e+00
 162.4000000       3.18308e-19       0.00000e+00       0.00000e+00
 162.5000000       3.15586e-19       0.00000e+00       0.00000e+00
 162.6000000       3.12867e-19       0.00000e+00       0.00000e+00
 162.7000000       3.10151e-19       0.00000e+00       0.00000e+00
 162.8000000       3.07438e-19       0.00000e+00       0.00000e+00
 162.9000000       3.04729e-19       0.00000e+00       0.00000e+00
 163.0000000       3.02022e-19       0.00000e+00       0.00000e+00
 163.1000000       2.99152e-19       0.00000e+00       0.00000e+00
 163.2000000       2.96098e-19       0.00000e+00       0.00000e+00
 163.3000000       2.92988e-19       0.00000e+00       0.00000e+00
 163.4000000       2.89883e-19       0.00000e+00       0.00000e+00
 163.5000000       2.86780e-19       0.00000e+00       0.00000e+00
 163.6000000       2.83682e-19       0.00000e+00       0.00000e+00
 163.7000000       2.80528e-19       0.00000e+00       0.00000e+00
 163.8000000       2.77176e-19       0.00000e+00       0.00000e+00
 163.9000000       2.73808e-19       0.00000e+00       0.00000e+00
 164.0000000       2.70385e-19       0.00000e+00       0.00000e+00
 164.1000000       2.66929e-19       0.00000e+00       0.00000e+00
 164.2000000       2.63476e-19       0.00000e+00       0.00000e+00
 164.3000000       2.60006e-19       0.00000e+00       0.00000e+00
 164.4000000       2.56367e-19       0.00000e+00       0.00000e+00
 164.5000000       2.52694e-19       0.00000e+00       0.00000e+00
 164.6000000       2.49025e-19       0.00000e+00       0.00000e+00
 164.7000000       2.45355e-19       0.00000e+00       0.00000e+00
 164.8000000       2.41661e-19       0.00000e+00       0.00000e+00
 164.9000000       2.37943e-19       0.00000e+00       0.00000e+00
 165.0000000       2.34130e-19       0.00000e+00       0.00000e+00
 165.1000000       2.30310e-19       0.00000e+00       0.00000e+00
 165.2000000       2.26495e-19       0.00000e+00       0.00000e+00
 165.3000000       2.22684e-19       0.00000e+00       0.00000e+00
 165.4000000       2.18877e-19       0.00000e+00       0.00000e+00
 165.5000000       2.15036e-19       0.00000e+00       0.00000e+00
 165.6000000       2.11169e-19       0.00000e+00       0.00000e+00
 165.7000000       2.07308e-19       0.00000e+00       0.00000e+00
 165.8000000       2.03452e-19       0.00000e+00       0.00000e+00
 165.9000000       1.99600e-19       0.00000e+00       0.00000e+00
 166.0000000       1.95718e-19       0.00000e+00       0.00000e+00
 166.1000000       1.91838e-19       0.00000e+00       0.00000e+00
 166.2000000       1.88008e-19       0.00000e+00       0.00000e+00
 166.3000000       1.84187e-19       0.00000e+00       0.00000e+00
 166.4000000       1.80371e-19       0.00000e+00       0.00000e+00
 166.5000000       1.76561e-19       0.00000e+00       0.00000e+00
 166.6000000       1.72757e-19       0.00000e+00       0.00000e+00
 166.7000000       1.68977e-19       0.00000e+00       0.00000e+00
 166.8000000       1.65259e-19       0.00000e+00       0.00000e+00
 166.9000000       1.61433e-19       0.00000e+00       0.00000e+00
 167.0000000       1.57592e-19       0.00000e+00       0.00000e+00
 167.1000000       1.53751e-19       0.00000e+00       0.00000e+00
 167.2000000       1.49283e-19       0.00000e+00       0.00000e+00
 167.3000000       1.44399e-19       0.00000e+00       0.00000e+00
 167.4000000       1.39580e-19       0.00000e+00       0.00000e+00
 167.5000000       1.33608e-19       0.00000e+00       0.00000e+00
 167.6000000       1.26921e-19       0.00000e+00       0.00000e+00
 167.7000000       1.20119e-19       0.00000e+00       0.00000e+00
 167.8000000       1.12593e-19       0.00000e+00       0.00000e+00
 167.9000000       1.05053e-19       0.00000e+00       0.00000e+00
 168.0000000       9.77866e-20       0.00000e+00       0.00000e+00
 168.1000000       9.08976e-20       0.00000e+00       0.00000e+00
 168.2000000       8.40371e-20       0.00000e+00       0.00000e+00
 168.3000000       7.81127e-20       0.00000e+00       0.00000e+00
 168.4000000       7.30124e-20       0.00000e+00       0.00000e+00
 168.5000000       6.79219e-20       0.00000e+00       0.00000e+00
 168.6000000       6.33214e-20       0.00000e+00       0.00000e+00
 168.7000000       5.97726e-20       0.00000e+00       0.00000e+00
 168.8000000       5.63873e-20       0.00000e+00       0.00000e+00
 168.9000000       5.30315e-20       0.00000e+00       0.00000e+00
 169.0000000       5.00320e-20       0.00000e+00       0.00000e+00
 169.1000000       4.74968e-20       0.00000e+00       0.00000e+00
 169.2000000       4.51628e-20       0.00000e+00       0.00000e+00
 169.3000000       4.30267e-20       0.00000e+00       0.00000e+00
 169.4000000       4.12431e-20       0.00000e+00       0.00000e+00
 169.5000000       3.98578e-20       0.00000e+00       0.00000e+00
 169.6000000       3.85612e-20       0.00000e+00       0.00000e+00
 169.7000000       4.06113e-20       0.00000e+00       0.00000e+00
 169.8000000       4.76961e-20       0.00000e+00       0.00000e+00
 169.9000000       3.06103e-20       0.00000e+00       0.00000e+00
 170.0000000       1.76341e-20       0.00000e+00       0.00000e+00
 170.1000000       1.62190e-20       0.00000e+00       0.00000e+00
 170.2000000       1.48726e-20       0.00000e+00       0.00000e+00
 170.3000000       1.37154e-20       0.00000e+00       0.00000e+00
 170.4000000       1.28508e-20       0.00000e+00       0.00000e+00
 170.5000000       1.30386e-20       0.00000e+00       0.00000e+00
 170.6000000       1.72845e-20       0.00000e+00       0.00000e+00
 170.7000000       7.08072e-23       0.00000e+00       0.00000e+00
 170.8000000       7.12135e-23       0.00000e+00       0.00000e+00
 170.9000000       7.16191e-23       0.00000e+00       0.00000e+00
 171.0000000       7.20242e-23       0.00000e+00       0.00000e+00
 171.1000000       7.24288e-23       0.00000e+00       0.00000e+00
 171.2000000       7.28330e-23       0.00000e+00       0.00000e+00
 171.3000000       7.32367e-23       0.00000e+00       0.00000e+00
 171.4000000       7.36399e-23       0.00000e+00       0.00000e+00
 171.5000000       7.40427e-23       0.00000e+00       0.00000e+00
 171.6000000       7.44450e-23       0.00000e+00       0.00000e+00
 171.7000000       7.48468e-23       0.00000e+00       0.00000e+00
 171.8000000       7.52482e-23       0.00000e+00       0.00000e+00
 171.9000000       7.56491e-23       0.00000e+00       0.00000e+00
 172.0000000       7.60495e-23       0.00000e+00       0.00000e+00
 172.1000000       7.64232e-23       0.00000e+00       0.00000e+00
 172.2000000       7.63468e-23       0.00000e+00       0.00000e+00
 172.3000000       7.60903e-23       0.00000e+00       0.00000e+00
 172.4000000       7.58341e-23       0.00000e+00       0.00000e+00
 172.5000000       7.55782e-23       0.00000e+00       0.00000e+00
 172.6000000       7.53226e-23       0.00000e+00       0.00000e+00
 172.7000000       7.50672e-23       0.00000e+00       0.00000e+00
 172.8000000       7.48122e-23       0.00000e+00       0.00000e+00
 172.9000000       7.45574e-23       0.00000e+00       0.00000e+00
 173.0000000       7.43030e-23       0.00000e+00       0.00000e+00
 173.1000000       7.40488e-23       0.00000e+00       0.00000e+00
 173.2000000       7.37950e-23       0.00000e+00       0.00000e+00
 173.3000000       7.35414e-23       0.00000e+00       0.00000e+00
 173.4000000       7.32881e-23       0.00000e+00       0.00000e+00
 173.5000000       7.28526e-23       0.00000e+00       0.00000e+00
 173.6000000       7.19434e-23       0.00000e+00       0.00000e+00
 173.7000000       7.10103e-23       0.00000e+00       0.00000e+00
 173.8000000       7.00783e-23       0.00000e+00       0.00000e+00
 173.9000000       6.91474e-23       0.00000e+00       0.00000e+00
 174.0000000       6.82175e-23       0.00000e+00       0.00000e+00
 174.1000000       6.72887e-23       0.00000e+00       0.00000e+00
 174.2000000       6.63609e-23       0.00000e+00       0.00000e+00
 174.3000000       6.54343e-23       0.00000e+00       0.00000e+00
 174.4000000       6.45087e-23       0.00000e+00       0.00000e+00
 174.5000000       6.35841e-23       0.00000e+00       0.00000e+00
 174.6000000       6.26606e-23       0.00000e+00       0.00000e+00
 174.7000000       6.15193e-23       0.00000e+00       0.00000e+00
 174.8000000       6.01216e-23       0.00000e+00       0.00000e+00
 174.9000000       5.87226e-23       0.00000e+00       0.00000e+00
 175.0000000       5.73253e-23       0.00000e+00       0.00000e+00
 175.1000000       5.59295e-23       0.00000e+00       0.00000e+00
 175.2000000       5.45354e-23       0.00000e+00       0.00000e+00
 175.3000000       5.31428e-23       0.00000e+00       0.00000e+00
 175.4000000       5.17518e-23       0.00000e+00       0.00000e+00
 175.5000000       5.03624e-23       0.00000e+00       0.00000e+00
 175.6000000       4.89746e-23       0.00000e+00       0.00000e+00
 175.7000000       4.75225e-23       0.00000e+00       0.00000e+00
 175.8000000       4.59459e-23       0.00000e+00       0.00000e+00
 175.9000000       4.43668e-23       0.00000e+00       0.00000e+00
 176.0000000       4.27895e-23       0.00000e+00       0.00000e+00
 176.1000000       4.12140e-23       0.00000e+00       0.00000e+00
 176.2000000       3.96403e-23       0.00000e+00       0.00000e+00
 176.3000000       3.80684e-23       0.00000e+00       0.00000e+00
 176.4000000       3.64983e-23       0.00000e+00       0.00000e+00
 176.5000000       3.49303e-23       0.00000e+00       0.00000e+00
 176.6000000       3.33776e-23       0.00000e+00       0.00000e+00
 176.7000000       3.18344e-23       0.00000e+00       0.00000e+00
 176.8000000       3.02930e-23       0.00000e+00       0.00000e+00
 176.9000000       2.87533e-23       0.00000e+00       0.00000e+00
 177.0000000       2.72153e-23       0.00000e+00       0.00000e+00
 177.1000000       2.56791e-23       0.00000e+00       0.00000e+00
 177.2000000       2.41446e-23       0.00000e+00       0.00000e+00
 177.3000000       2.26652e-23       0.00000e+00       0.00000e+00
 177.4000000       2.12946e-23       0.00000e+00       0.00000e+00
 177.5000000       1.99293e-23       0.00000e+00       0.00000e+00
 177.6000000       1.85655e-23       0.00000e+00       0.00000e+00
 177.7000000       1.72032e-23       0.00000e+00       0.00000e+00
 177.8000000       1.58425e-23       0.00000e+00       0.00000e+00
 177.9000000       1.45231e-23       0.00000e+00       0.00000e+00
 178.0000000       1.33839e-23       0.00000e+00       0.00000e+00
 178.1000000       1.22722e-23       0.00000e+00       0.00000e+00
 178.2000000       1.11616e-23       0.00000e+00       0.00000e+00
 178.3000000       1.00524e-23       0.00000e+00       0.00000e+00
 178.4000000       8.95269e-24       0.00000e+00       0.00000e+00
 178.5000000       8.03517e-24       0.00000e+00       0.00000e+00
 178.6000000       7.20633e-24       0.00000e+00       0.00000e+00
 178.7000000       6.37842e-24       0.00000e+00       0.00000e+00
 178.8000000       5.55143e-24       0.00000e+00       0.00000e+00
 178.9000000       4.77015e-24       0.00000e+00       0.00000e+00
 179.0000000       4.18621e-24       0.00000e+00       0.00000e+00
 179.1000000       3.63076e-24       0.00000e+00       0.00000e+00
 179.2000000       3.07592e-24       0.00000e+00       0.00000e+00
 179.3000000       2.54036e-24       0.00000e+00       0.00000e+00
 179.4000000       2.16825e-24       0.00000e+00       0.00000e+00
 179.5000000       1.84118e-24       0.00000e+00       0.00000e+00
 179.6000000       1.51447e-24       0.00000e+00       0.00000e+00
 179.7000000       1.20598e-24       0.00000e+00       0.00000e+00
 179.8000000       1.01531e-24       0.00000e+00       0.00000e+00
 179.9000000       8.49850e-25       0.00000e+00       0.00000e+00
 180.0000000       6.84566e-25       0.00000e+00       0.00000e+00
 180.1000000       5.34033e-25       0.00000e+00       0.00000e+00
 180.2000000       4.51842e-25       0.00000e+00       0.00000e+00
 180.3000000       3.80109e-25       0.00000e+00       0.00000e+00
 180.4000000       3.08454e-25       0.00000e+00       0.00000e+00
 180.5000000       2.41376e-25       0.00000e+00       0.00000e+00
 180.6000000       2.05124e-25       0.00000e+00       0.00000e+00
 180.7000000       1.75571e-25       0.00000e+00       0.00000e+00
 180.8000000       1.46050e-25       0.00000e+00       0.00000e+00
 180.9000000       1.16868e-25       0.00000e+00       0.00000e+00
 181.0000000       9.79233e-26       0.00000e+00       0.00000e+00
 181.1000000       8.53488e-26       0.00000e+00       0.00000e+00
 181.2000000       7.27921e-26       0.00000e+00       0.00000e+00
 181.3000000       6.02493e-26       0.00000e+00       0.00000e+00
 181.4000000       4.93590e-26       0.00000e+00       0.00000e+00
 181.5000000       4.33262e-26       0.00000e+00       0.00000e+00
 181.6000000       3.77174e-26       0.00000e+00       0.00000e+00
 181.7000000       3.21165e-26       0.00000e+00       0.00000e+00
 181.8000000       2.65688e-26       0.00000e+00       0.00000e+00
 181.9000000       2.27389e-26       0.00000e+00       0.00000e+00
 182.0000000       2.01140e-26       0.00000e+00       0.00000e+00
 182.1000000       1.75009e-26       0.00000e+00       0.00000e+00
 182.2000000       1.48858e-26       0.00000e+00       0.00000e+00
 182.3000000       1.24384e-26       0.00000e+00       0.00000e+00
 182.4000000       1.09829e-26       0.00000e+00       0.00000e+00
 182.5000000       9.70693e-27       0.00000e+00       0.00000e+00
 182.6000000       8.43292e-27       0.00000e+00       0.00000e+00
 182.7000000       7.16088e-27       0.00000e+00       0.00000e+00
 182.8000000       6.13339e-27       0.00000e+00       0.00000e+00
 182.9000000       5.47864e-27       0.00000e+00       0.00000e+00
 183.0000000       4.83572e-27       0.00000e+00       0.00000e+00
 183.1000000       4.19082e-27       0.00000e+00       0.00000e+00
 183.2000000       3.56565e-27       0.00000e+00       0.00000e+00
 183.3000000       3.15939e-27       0.00000e+00       0.00000e+00
 183.4000000       2.82018e-27       0.00000e+00       0.00000e+00
 183.5000000       2.48294e-27       0.00000e+00       0.00000e+00
 183.6000000       2.14767e-27       0.00000e+00       0.00000e+00
 183.7000000       1.87749e-27       0.00000e+00       0.00000e+00
 183.8000000       1.69408e-27       0.00000e+00       0.00000e+00
 183.9000000       1.51264e-27       0.00000e+00       0.00000e+00
 184.0000000       1.33120e-27       0.00000e+00       0.00000e+00
 184.1000000       1.17146e-27       0.00000e+00       0.00000e+00
 184.2000000       1.06891e-27       0.00000e+00       0.00000e+00
 184.3000000       9.70299e-28       0.00000e+00       0.00000e+00
 184.4000000       8.71691e-28       0.00000e+00       0.00000e+00
 184.5000000       7.84917e-28       0.00000e+00       0.00000e+00
 184.6000000       7.29696e-28       0.00000e+00       0.00000e+00
 184.7000000       6.72504e-28       0.00000e+00       0.00000e+00
 184.8000000       6.19256e-28       0.00000e+00       0.00000e+00
 184.9000000       5.79813e-28       0.00000e+00       0.00000e+00
 185.0000000       5.46286e-28       0.00000e+00       0.00000e+00
 185.1000000       5.18676e-28       0.00000e+00       0.00000e+00
 185.2000000       4.89094e-28       0.00000e+00       0.00000e+00
 185.3000000       4.73317e-28       0.00000e+00       0.00000e+00
 185.4000000       4.59511e-28       0.00000e+00       0.00000e+00
 185.5000000       4.45706e-28       0.00000e+00       0.00000e+00
 185.6000000       4.39790e-28       0.00000e+00       0.00000e+00
 185.7000000       4.33873e-28       0.00000e+00       0.00000e+00
 185.8000000       4.25985e-28       0.00000e+00       0.00000e+00
 185.9000000       4.24013e-28       0.00000e+00       0.00000e+00
 186.0000000       4.25985e-28       0.00000e+00       0.00000e+00
 186.1000000       4.24013e-28       0.00000e+00       0.00000e+00
 186.2000000       4.29929e-28       0.00000e+00       0.00000e+00
 186.3000000       4.29929e-28       0.00000e+00       0.00000e+00
 186.4000000       4.33873e-28       0.00000e+00       0.00000e+00
 186.5000000       4.35846e-28       0.00000e+00       0.00000e+00
 186.6000000       4.41762e-28       0.00000e+00       0.00000e+00
 186.7000000       4.47679e-28       0.00000e+00       0.00000e+00
 186.8000000       4.53595e-28       0.00000e+00       0.00000e+00
 186.9000000       4.57539e-28       0.00000e+00       0.00000e+00
 187.0000000       4.61484e-28       0.00000e+00       0.00000e+00
 187.1000000       4.69372e-28       0.00000e+00       0.00000e+00
 187.2000000       4.75289e-28       0.00000e+00       0.00000e+00
 187.3000000       4.81205e-28       0.00000e+00       0.00000e+00
 187.4000000       4.85149e-28       0.00000e+00       0.00000e+00
 187.5000000       4.91066e-28       0.00000e+00       0.00000e+00
 187.6000000       4.96982e-28       0.00000e+00       0.00000e+00
 187.7000000       5.02899e-28       0.00000e+00       0.00000e+00
 187.8000000       5.06843e-28       0.00000e+00       0.00000e+00
 187.9000000       5.12760e-28       0.00000e+00       0.00000e+00
 188.0000000       5.18676e-28       0.00000e+00       0.00000e+00
 188.1000000       5.24593e-28       0.00000e+00       0.00000e+00
 188.2000000       5.30509e-28       0.00000e+00       0.00000e+00
 188.3000000       5.34453e-28       0.00000e+00       0.00000e+00
 188.4000000       5.42342e-28       0.00000e+00       0.00000e+00
 188.5000000       5.46286e-28       0.00000e+00       0.00000e+00
 188.6000000       5.52203e-28       0.00000e+00       0.00000e+00
 188.7000000       5.66008e-28       0.00000e+00       0.00000e+00
 188.8000000       5.75868e-28       0.00000e+00       0.00000e+00
 188.9000000       5.87701e-28       0.00000e+00       0.00000e+00
 189.0000000       5.99534e-28       0.00000e+00       0.00000e+00
 189.1000000       6.09395e-28       0.00000e+00       0.00000e+00
 189.2000000       6.21228e-28       0.00000e+00       0.00000e+00
 189.3000000       6.33061e-28       0.00000e+00       0.00000e+00
 189.4000000       6.44894e-28       0.00000e+00       0.00000e+00
 189.5000000       6.56727e-28       0.00000e+00       0.00000e+00
 189.6000000       6.68560e-28       0.00000e+00       0.00000e+00
 189.7000000       6.88281e-28       0.00000e+00       0.00000e+00
 189.8000000       7.06031e-28       0.00000e+00       0.00000e+00
 189.9000000       7.21808e-28       0.00000e+00       0.00000e+00
 190.0000000       7.39557e-28       0.00000e+00       0.00000e+00
 190.1000000       7.55334e-28       0.00000e+00       0.00000e+00
 190.2000000       7.75056e-28       0.00000e+00       0.00000e+00
 190.3000000       7.92805e-28       0.00000e+00       0.00000e+00
 190.4000000       8.08582e-28       0.00000e+00       0.00000e+00
 190.5000000       8.22387e-28       0.00000e+00       0.00000e+00
 190.6000000       8.40137e-28       0.00000e+00       0.00000e+00
 190.7000000       8.57886e-28       0.00000e+00       0.00000e+00
 190.8000000       8.75636e-28       0.00000e+00       0.00000e+00
 190.9000000       8.89441e-28       0.00000e+00       0.00000e+00
 191.0000000       9.09162e-28       0.00000e+00       0.00000e+00
 191.1000000       9.26912e-28       0.00000e+00       0.00000e+00
 191.2000000       9.42689e-28       0.00000e+00       0.00000e+00
 191.3000000       9.58466e-28       0.00000e+00       0.00000e+00
 191.4000000       9.76215e-28       0.00000e+00       0.00000e+00
 191.5000000       9.93965e-28       0.00000e+00       0.00000e+00
 191.6000000       1.00777e-27       0.00000e+00       0.00000e+00
 191.7000000       1.02552e-27       0.00000e+00       0.00000e+00
 191.8000000       1.04524e-27       0.00000e+00       0.00000e+00
 191.9000000       1.06102e-27       0.00000e+00       0.00000e+00
 192.0000000       1.07680e-27       0.00000e+00       0.00000e+00
 192.1000000       1.09454e-27       0.00000e+00       0.00000e+00
 192.2000000       1.11032e-27       0.00000e+00       0.00000e+00
 192.3000000       1.12610e-27       0.00000e+00       0.00000e+00
 192.4000000       1.14582e-27       0.00000e+00       0.00000e+00
 192.5000000       1.15963e-27       0.00000e+00       0.00000e+00
 192.6000000       1.17540e-27       0.00000e+00       0.00000e+00
 192.7000000       1.19315e-27       0.00000e+00       0.00000e+00
 192.8000000       1.20893e-27       0.00000e+00       0.00000e+00
 192.9000000       1.22668e-27       0.00000e+00       0.00000e+00
 193.0000000       1.24443e-27       0.00000e+00       0.00000e+00
 193.1000000       1.25823e-27       0.00000e+00       0.00000e+00
 193.2000000       1.27598e-27       0.00000e+00       0.00000e+00
 193.3000000       1.29373e-27       0.00000e+00       0.00000e+00
 193.4000000       1.30754e-27       0.00000e+00       0.00000e+00
 193.5000000       1.32726e-27       0.00000e+00       0.00000e+00
 193.6000000       1.34106e-27       0.00000e+00       0.00000e+00
 193.7000000       1.35881e-27       0.00000e+00       0.00000e+00
 193.8000000       1.37459e-27       0.00000e+00       0.00000e+00
 193.9000000       1.39037e-27       0.00000e+00       0.00000e+00
 194.0000000       1.40614e-27       0.00000e+00       0.00000e+00
 194.1000000       1.42192e-27       0.00000e+00       0.00000e+00
 194.2000000       1.43967e-27       0.00000e+00       0.00000e+00
 194.3000000       1.45348e-27       0.00000e+00       0.00000e+00
 194.4000000       1.47320e-27       0.00000e+00       0.00000e+00
 194.5000000       1.48700e-27       0.00000e+00       0.00000e+00
 194.6000000       1.50672e-27       0.00000e+00       0.00000e+00
 194.7000000       1.52053e-27       0.00000e+00       0.00000e+00
 194.8000000       1.53828e-27       0.00000e+00       0.00000e+00
 194.9000000       1.56983e-27       0.00000e+00       0.00000e+00
 195.0000000       1.60139e-27       0.00000e+00       0.00000e+00
 195.1000000       1.63689e-27       0.00000e+00       0.00000e+00
 195.2000000       1.66844e-27       0.00000e+00       0.00000e+00
 195.3000000       1.70394e-27       0.00000e+00       0.00000e+00
 195.4000000       1.73747e-27       0.00000e+00       0.00000e+00
 195.5000000       1.77099e-27       0.00000e+00       0.00000e+00
 195.6000000       1.80649e-27       0.00000e+00       0.00000e+00
 195.7000000       1.83607e-27       0.00000e+00       0.00000e+00
 195.8000000       1.86960e-27       0.00000e+00       0.00000e+00
 195.9000000       1.90510e-27       0.00000e+00       0.00000e+00
 196.0000000       1.93665e-27       0.00000e+00       0.00000e+00
 196.1000000       1.97018e-27       0.00000e+00       0.00000e+00
 196.2000000       2.00371e-27       0.00000e+00       0.00000e+00
 196.3000000       2.03526e-27       0.00000e+00       0.00000e+00
 196.4000000       2.06879e-27       0.00000e+00       0.00000e+00
 196.5000000       2.10231e-27       0.00000e+00       0.00000e+00
 196.6000000       2.13781e-27       0.00000e+00       0.00000e+00
 196.7000000       2.17134e-27       0.00000e+00       0.00000e+00
 196.8000000       2.20289e-27       0.00000e+00       0.00000e+00
 196.9000000       2.23445e-27       0.00000e+00       0.00000e+00
 197.0000000       2.26995e-27       0.00000e+00       0.00000e+00
 197.1000000       2.30150e-27       0.00000e+00       0.00000e+00
 197.2000000       2.33700e-27       0.00000e+00       0.00000e+00
 197.3000000       2.36855e-27       0.00000e+00       0.00000e+00
 197.4000000       2.40011e-27       0.00000e+00       0.00000e+00
 197.5000000       2.43561e-27       0.00000e+00       0.00000e+00
 197.6000000       2.48097e-27       0.00000e+00       0.00000e+00
 197.7000000       2.52830e-27       0.00000e+00       0.00000e+00
 197.8000000       2.57366e-27       0.00000e+00       0.00000e+00
 197.9000000       2.62296e-27       0.00000e+00       0.00000e+00
 198.0000000       2.67029e-27       0.00000e+00       0.00000e+00
 198.1000000       2.71960e-27       0.00000e+00       0.00000e+00
 198.2000000       2.76693e-27       0.00000e+00       0.00000e+00
 198.3000000       2.81229e-27       0.00000e+00       0.00000e+00
 198.4000000       2.85962e-27       0.00000e+00       0.00000e+00
 198.5000000       2.90695e-27       0.00000e+00       0.00000e+00
 198.6000000       2.95428e-27       0.00000e+00       0.00000e+00
 198.7000000       3.00162e-27       0.00000e+00       0.00000e+00
 198.8000000       3.04698e-27       0.00000e+00       0.00000e+00
 198.9000000       3.09431e-27       0.00000e+00       0.00000e+00
 199.0000000       3.14164e-27       0.00000e+00       0.00000e+00
 199.1000000       3.18700e-27       0.00000e+00       0.00000e+00
 199.2000000       3.23630e-27       0.00000e+00       0.00000e+00
 199.3000000       3.28363e-27       0.00000e+00       0.00000e+00
 199.4000000       3.32899e-27       0.00000e+00       0.00000e+00
 199.5000000       3.37632e-27       0.00000e+00       0.00000e+00
 199.6000000       3.42168e-27       0.00000e+00       0.00000e+00
 199.7000000       3.46902e-27       0.00000e+00       0.00000e+00
 199.8000000       3.51438e-27       0.00000e+00       0.00000e+00
 199.9000000       3.56368e-27       0.00000e+00       0.00000e+00
 200.0000000       3.60904e-27       0.00000e+00       0.00000e+00
 200.1000000       3.65637e-27       0.00000e+00       0.00000e+00
 200.2000000       3.70173e-27       0.00000e+00       0.00000e+00
 200.3000000       3.74906e-27       0.00000e+00       0.00000e+00
 200.4000000       3.79442e-27       0.00000e+00       0.00000e+00
 200.5000000       3.84175e-27       0.00000e+00       0.00000e+00
 200.6000000       3.88908e-27       0.00000e+00       0.00000e+00
 200.7000000       3.93444e-27       0.00000e+00       0.00000e+00
 200.8000000       3.97980e-27       0.00000e+00       0.00000e+00
 200.9000000       4.02516e-27       0.00000e+00       0.00000e+00
 201.0000000       4.07052e-27       0.00000e+00       0.00000e+00
 201.1000000       4.11785e-27       0.00000e+00       0.00000e+00
 201.2000000       4.18885e-27       0.00000e+00       0.00000e+00
 201.3000000       4.28154e-27       0.00000e+00       0.00000e+00
 201.4000000       4.37423e-27       0.00000e+00       0.00000e+00
 201.5000000       4.46890e-27       0.00000e+00       0.00000e+00
 201.6000000       4.56750e-27       0.00000e+00       0.00000e+00
 201.7000000       4.65822e-27       0.00000e+00       0.00000e+00
 201.8000000       4.75486e-27       0.00000e+00       0.00000e+00
 201.9000000       4.84755e-27       0.00000e+00       0.00000e+00
 202.0000000       4.94419e-27       0.00000e+00       0.00000e+00
 202.1000000       5.03885e-27       0.00000e+00       0.00000e+00
 202.2000000       5.12957e-27       0.00000e+00       0.00000e+00
 202.3000000       5.22423e-27       0.00000e+00       0.00000e+00
 202.4000000       5.31889e-27       0.00000e+00       0.00000e+00
 202.5000000       5.41159e-27       0.00000e+00       0.00000e+00
 202.6000000       5.50625e-27       0.00000e+00       0.00000e+00
 202.7000000       5.60091e-27       0.00000e+00       0.00000e+00
 202.8000000       5.69163e-27       0.00000e+00       0.00000e+00
 202.9000000       5.78629e-27       0.00000e+00       0.00000e+00
 203.0000000       5.87899e-27       0.00000e+00       0.00000e+00
 203.1000000       5.97168e-27       0.00000e+00       0.00000e+00
 203.2000000       6.06437e-27       0.00000e+00       0.00000e+00
 203.3000000       6.15706e-27       0.00000e+00       0.00000e+00
 203.4000000       6.25172e-27       0.00000e+00       0.00000e+00
 203.5000000       6.34244e-27       0.00000e+00       0.00000e+00
 203.6000000       6.43513e-27       0.00000e+00       0.00000e+00
 203.7000000       6.52980e-27       0.00000e+00       0.00000e+00
 203.8000000       6.62052e-27       0.00000e+00       0.00000e+00
 203.9000000       6.71321e-27       0.00000e+00       0.00000e+00
 204.0000000       6.80787e-27       0.00000e+00       0.00000e+00
 204.1000000       6.89859e-27       0.00000e+00       0.00000e+00
 204.2000000       6.99128e-27       0.00000e+00       0.00000e+00
 204.3000000       7.08200e-27       0.00000e+00       0.00000e+00
 204.4000000       7.17469e-27       0.00000e+00       0.00000e+00
 204.5000000       7.26541e-27       0.00000e+00       0.00000e+00
 204.6000000       7.35810e-27       0.00000e+00       0.00000e+00
 204.7000000       7.45079e-27       0.00000e+00       0.00000e+00
 204.8000000       7.54151e-27       0.00000e+00       0.00000e+00
 204.9000000       7.63223e-27       0.00000e+00       0.00000e+00
 205.0000000       7.72295e-27       0.00000e+00       0.00000e+00
 205.1000000       7.81564e-27       0.00000e+00       0.00000e+00
 205.2000000       7.90636e-27       0.00000e+00       0.00000e+00
 205.3000000       7.99708e-27       0.00000e+00       0.00000e+00
 205.4000000       8.08977e-27       0.00000e+00       0.00000e+00
 205.5000000       8.18049e-27       0.00000e+00       0.00000e+00
 205.6000000       8.27121e-27       0.00000e+00       0.00000e+00
 205.7000000       8.35995e-27       0.00000e+00       0.00000e+00
 205.8000000       8.45462e-27       0.00000e+00       0.00000e+00
 205.9000000       8.56703e-27       0.00000e+00       0.00000e+00
 206.0000000       8.69522e-27       0.00000e+00       0.00000e+00
 206.1000000       8.82341e-27       0.00000e+00       0.00000e+00
 206.2000000       8.95160e-27       0.00000e+00       0.00000e+00
 206.3000000       9.07782e-27       0.00000e+00       0.00000e+00
 206.4000000       9.20601e-27       0.00000e+00       0.00000e+00
 206.5000000       9.33222e-27       0.00000e+00       0.00000e+00
 206.6000000       9.42689e-27       0.00000e+00       0.00000e+00
