# Cross sections for Cr
# Converted from earlier Leiden database cross sections by Alan Heays 2016-02-24
# Photoionisation source: Cr  PHOTOIONIZATION
# Lines represented with lorentzian of width 0.0005 nm FWHM
# wavelength: (nm)
# photoabsorption:    cross section (cm2)
# photoionisation:    cross section (cm2)
# 
# wavelength   photoabsorption   photoionisation
  91.3000000       7.49939e-18       7.49939e-18
  91.4000000       7.49902e-18       7.49902e-18
  91.5000000       7.49854e-18       7.49854e-18
  91.6000000       7.49805e-18       7.49805e-18
  91.7000000       7.49756e-18       7.49756e-18
  91.8000000       7.49707e-18       7.49707e-18
  91.9000000       7.49658e-18       7.49658e-18
  92.0000000       7.49610e-18       7.49610e-18
  92.1000000       7.49561e-18       7.49561e-18
  92.2000000       7.49512e-18       7.49512e-18
  92.3000000       7.49463e-18       7.49463e-18
  92.4000000       7.49414e-18       7.49414e-18
  92.5000000       7.49366e-18       7.49366e-18
  92.6000000       7.49317e-18       7.49317e-18
  92.7000000       7.49268e-18       7.49268e-18
  92.8000000       7.49219e-18       7.49219e-18
  92.9000000       7.49170e-18       7.49170e-18
  93.0000000       7.49122e-18       7.49122e-18
  93.1000000       7.49073e-18       7.49073e-18
  93.2000000       7.49024e-18       7.49024e-18
  93.3000000       7.48975e-18       7.48975e-18
  93.4000000       7.48927e-18       7.48927e-18
  93.5000000       7.48878e-18       7.48878e-18
  93.6000000       7.48829e-18       7.48829e-18
  93.7000000       7.48780e-18       7.48780e-18
  93.8000000       7.48731e-18       7.48731e-18
  93.9000000       7.48683e-18       7.48683e-18
  94.0000000       7.48634e-18       7.48634e-18
  94.1000000       7.48585e-18       7.48585e-18
  94.2000000       7.48536e-18       7.48536e-18
  94.3000000       7.48487e-18       7.48487e-18
  94.4000000       7.48439e-18       7.48439e-18
  94.5000000       7.48390e-18       7.48390e-18
  94.6000000       7.48341e-18       7.48341e-18
  94.7000000       7.48292e-18       7.48292e-18
  94.8000000       7.48243e-18       7.48243e-18
  94.9000000       7.48195e-18       7.48195e-18
  95.0000000       7.48146e-18       7.48146e-18
  95.1000000       7.48097e-18       7.48097e-18
  95.2000000       7.48048e-18       7.48048e-18
  95.3000000       7.47999e-18       7.47999e-18
  95.4000000       7.47951e-18       7.47951e-18
  95.5000000       7.47902e-18       7.47902e-18
  95.6000000       7.47853e-18       7.47853e-18
  95.7000000       7.47804e-18       7.47804e-18
  95.8000000       7.47755e-18       7.47755e-18
  95.9000000       7.47707e-18       7.47707e-18
  96.0000000       7.47658e-18       7.47658e-18
  96.1000000       7.47609e-18       7.47609e-18
  96.2000000       7.47560e-18       7.47560e-18
  96.3000000       7.47511e-18       7.47511e-18
  96.4000000       7.47463e-18       7.47463e-18
  96.5000000       7.47414e-18       7.47414e-18
  96.6000000       7.47365e-18       7.47365e-18
  96.7000000       7.47316e-18       7.47316e-18
  96.8000000       7.47267e-18       7.47267e-18
  96.9000000       7.47219e-18       7.47219e-18
  97.0000000       7.47170e-18       7.47170e-18
  97.1000000       7.47121e-18       7.47121e-18
  97.2000000       7.47072e-18       7.47072e-18
  97.3000000       7.47023e-18       7.47023e-18
  97.4000000       7.46975e-18       7.46975e-18
  97.5000000       7.46926e-18       7.46926e-18
  97.6000000       7.46877e-18       7.46877e-18
  97.7000000       7.46828e-18       7.46828e-18
  97.8000000       7.46780e-18       7.46780e-18
  97.9000000       7.46731e-18       7.46731e-18
  98.0000000       7.46682e-18       7.46682e-18
  98.1000000       7.46633e-18       7.46633e-18
  98.2000000       7.46584e-18       7.46584e-18
  98.3000000       7.46536e-18       7.46536e-18
  98.4000000       7.46487e-18       7.46487e-18
  98.5000000       7.46438e-18       7.46438e-18
  98.6000000       7.46389e-18       7.46389e-18
  98.7000000       7.46340e-18       7.46340e-18
  98.8000000       7.46292e-18       7.46292e-18
  98.9000000       7.46243e-18       7.46243e-18
  99.0000000       7.46194e-18       7.46194e-18
  99.1000000       7.46145e-18       7.46145e-18
  99.2000000       7.46096e-18       7.46096e-18
  99.3000000       7.46048e-18       7.46048e-18
  99.4000000       7.45999e-18       7.45999e-18
  99.5000000       7.45950e-18       7.45950e-18
  99.6000000       7.45901e-18       7.45901e-18
  99.7000000       7.45852e-18       7.45852e-18
  99.8000000       7.45804e-18       7.45804e-18
  99.9000000       7.45755e-18       7.45755e-18
 100.0000000       7.45706e-18       7.45706e-18
 100.1000000       7.45657e-18       7.45657e-18
 100.2000000       7.45608e-18       7.45608e-18
 100.3000000       7.45560e-18       7.45560e-18
 100.4000000       7.45511e-18       7.45511e-18
 100.5000000       7.45462e-18       7.45462e-18
 100.6000000       7.45413e-18       7.45413e-18
 100.7000000       7.45364e-18       7.45364e-18
 100.8000000       7.45316e-18       7.45316e-18
 100.9000000       7.45267e-18       7.45267e-18
 101.0000000       7.45218e-18       7.45218e-18
 101.1000000       7.45169e-18       7.45169e-18
 101.2000000       7.45120e-18       7.45120e-18
 101.3000000       7.45072e-18       7.45072e-18
 101.4000000       7.45023e-18       7.45023e-18
 101.5000000       7.44974e-18       7.44974e-18
 101.6000000       7.44925e-18       7.44925e-18
 101.7000000       7.44876e-18       7.44876e-18
 101.8000000       7.44828e-18       7.44828e-18
 101.9000000       7.44779e-18       7.44779e-18
 102.0000000       7.44730e-18       7.44730e-18
 102.1000000       7.44681e-18       7.44681e-18
 102.2000000       7.44633e-18       7.44633e-18
 102.3000000       7.44584e-18       7.44584e-18
 102.4000000       7.44535e-18       7.44535e-18
 102.5000000       7.44486e-18       7.44486e-18
 102.6000000       7.44437e-18       7.44437e-18
 102.7000000       7.44389e-18       7.44389e-18
 102.8000000       7.44340e-18       7.44340e-18
 102.9000000       7.44291e-18       7.44291e-18
 103.0000000       7.44242e-18       7.44242e-18
 103.1000000       7.44193e-18       7.44193e-18
 103.2000000       7.44145e-18       7.44145e-18
 103.3000000       7.44096e-18       7.44096e-18
 103.4000000       7.44047e-18       7.44047e-18
 103.5000000       7.43998e-18       7.43998e-18
 103.6000000       7.43949e-18       7.43949e-18
 103.7000000       7.43901e-18       7.43901e-18
 103.8000000       7.43852e-18       7.43852e-18
 103.9000000       7.43803e-18       7.43803e-18
 104.0000000       7.43754e-18       7.43754e-18
 104.1000000       7.43705e-18       7.43705e-18
 104.2000000       7.43657e-18       7.43657e-18
 104.3000000       7.43608e-18       7.43608e-18
 104.4000000       7.43559e-18       7.43559e-18
 104.5000000       7.43510e-18       7.43510e-18
 104.6000000       7.43461e-18       7.43461e-18
 104.7000000       7.43413e-18       7.43413e-18
 104.8000000       7.43364e-18       7.43364e-18
 104.9000000       7.43315e-18       7.43315e-18
 105.0000000       7.43266e-18       7.43266e-18
 105.1000000       7.43217e-18       7.43217e-18
 105.2000000       7.43169e-18       7.43169e-18
 105.3000000       7.43120e-18       7.43120e-18
 105.4000000       7.43071e-18       7.43071e-18
 105.5000000       7.43022e-18       7.43022e-18
 105.6000000       7.42973e-18       7.42973e-18
 105.7000000       7.42925e-18       7.42925e-18
 105.8000000       7.42876e-18       7.42876e-18
 105.9000000       7.42827e-18       7.42827e-18
 106.0000000       7.42778e-18       7.42778e-18
 106.1000000       7.42729e-18       7.42729e-18
 106.2000000       7.42681e-18       7.42681e-18
 106.3000000       7.42632e-18       7.42632e-18
 106.4000000       7.42583e-18       7.42583e-18
 106.5000000       7.42534e-18       7.42534e-18
 106.6000000       7.42486e-18       7.42486e-18
 106.7000000       7.42437e-18       7.42437e-18
 106.8000000       7.42388e-18       7.42388e-18
 106.9000000       7.42339e-18       7.42339e-18
 107.0000000       7.42290e-18       7.42290e-18
 107.1000000       7.42242e-18       7.42242e-18
 107.2000000       7.42193e-18       7.42193e-18
 107.3000000       7.42144e-18       7.42144e-18
 107.4000000       7.42095e-18       7.42095e-18
 107.5000000       7.42046e-18       7.42046e-18
 107.6000000       7.41998e-18       7.41998e-18
 107.7000000       7.41949e-18       7.41949e-18
 107.8000000       7.41900e-18       7.41900e-18
 107.9000000       7.41851e-18       7.41851e-18
 108.0000000       7.41802e-18       7.41802e-18
 108.1000000       7.41754e-18       7.41754e-18
 108.2000000       7.41705e-18       7.41705e-18
 108.3000000       7.41656e-18       7.41656e-18
 108.4000000       7.41607e-18       7.41607e-18
 108.5000000       7.41558e-18       7.41558e-18
 108.6000000       7.41510e-18       7.41510e-18
 108.7000000       7.41461e-18       7.41461e-18
 108.8000000       7.41412e-18       7.41412e-18
 108.9000000       7.41363e-18       7.41363e-18
 109.0000000       7.41314e-18       7.41314e-18
 109.1000000       7.41266e-18       7.41266e-18
 109.2000000       7.41217e-18       7.41217e-18
 109.3000000       7.41168e-18       7.41168e-18
 109.4000000       7.41119e-18       7.41119e-18
 109.5000000       7.41070e-18       7.41070e-18
 109.6000000       7.41022e-18       7.41022e-18
 109.7000000       7.40973e-18       7.40973e-18
 109.8000000       7.40924e-18       7.40924e-18
 109.9000000       7.40875e-18       7.40875e-18
 110.0000000       7.40826e-18       7.40826e-18
 110.1000000       7.40778e-18       7.40778e-18
 110.2000000       7.40729e-18       7.40729e-18
 110.3000000       7.40680e-18       7.40680e-18
 110.4000000       7.40631e-18       7.40631e-18
 110.5000000       7.40582e-18       7.40582e-18
 110.6000000       7.40534e-18       7.40534e-18
 110.7000000       7.40485e-18       7.40485e-18
 110.8000000       7.40436e-18       7.40436e-18
 110.9000000       7.40387e-18       7.40387e-18
 111.0000000       7.40339e-18       7.40339e-18
 111.1000000       7.40290e-18       7.40290e-18
 111.2000000       7.40241e-18       7.40241e-18
 111.3000000       7.40192e-18       7.40192e-18
 111.4000000       7.40143e-18       7.40143e-18
 111.5000000       7.40095e-18       7.40095e-18
 111.6000000       7.40046e-18       7.40046e-18
 111.7000000       7.39997e-18       7.39997e-18
 111.8000000       7.39948e-18       7.39948e-18
 111.9000000       7.39899e-18       7.39899e-18
 112.0000000       7.39851e-18       7.39851e-18
 112.1000000       7.39802e-18       7.39802e-18
 112.2000000       7.39753e-18       7.39753e-18
 112.3000000       7.39704e-18       7.39704e-18
 112.4000000       7.39655e-18       7.39655e-18
 112.5000000       7.39607e-18       7.39607e-18
 112.6000000       7.39558e-18       7.39558e-18
 112.7000000       7.39509e-18       7.39509e-18
 112.8000000       7.39460e-18       7.39460e-18
 112.9000000       7.39411e-18       7.39411e-18
 113.0000000       7.39363e-18       7.39363e-18
 113.1000000       7.39314e-18       7.39314e-18
 113.2000000       7.39265e-18       7.39265e-18
 113.3000000       7.39216e-18       7.39216e-18
 113.4000000       7.39167e-18       7.39167e-18
 113.5000000       7.39119e-18       7.39119e-18
 113.6000000       7.39070e-18       7.39070e-18
 113.7000000       7.39021e-18       7.39021e-18
 113.8000000       7.38972e-18       7.38972e-18
 113.9000000       7.38923e-18       7.38923e-18
 114.0000000       7.38875e-18       7.38875e-18
 114.1000000       7.38826e-18       7.38826e-18
 114.2000000       7.38777e-18       7.38777e-18
 114.3000000       7.38728e-18       7.38728e-18
 114.4000000       7.38679e-18       7.38679e-18
 114.5000000       7.38631e-18       7.38631e-18
 114.6000000       7.38582e-18       7.38582e-18
 114.7000000       7.38533e-18       7.38533e-18
 114.8000000       7.38484e-18       7.38484e-18
 114.9000000       7.38435e-18       7.38435e-18
 115.0000000       7.38387e-18       7.38387e-18
 115.1000000       7.38338e-18       7.38338e-18
 115.2000000       7.38289e-18       7.38289e-18
 115.3000000       7.38240e-18       7.38240e-18
 115.4000000       7.38192e-18       7.38192e-18
 115.5000000       7.38143e-18       7.38143e-18
 115.6000000       7.38094e-18       7.38094e-18
 115.7000000       7.38045e-18       7.38045e-18
 115.8000000       7.37996e-18       7.37996e-18
 115.9000000       7.37948e-18       7.37948e-18
 116.0000000       7.37899e-18       7.37899e-18
 116.1000000       7.37850e-18       7.37850e-18
 116.2000000       7.37801e-18       7.37801e-18
 116.3000000       7.37752e-18       7.37752e-18
 116.4000000       7.37704e-18       7.37704e-18
 116.5000000       7.37655e-18       7.37655e-18
 116.6000000       7.37606e-18       7.37606e-18
 116.7000000       7.37557e-18       7.37557e-18
 116.8000000       7.37508e-18       7.37508e-18
 116.9000000       7.37460e-18       7.37460e-18
 117.0000000       7.37411e-18       7.37411e-18
 117.1000000       7.37362e-18       7.37362e-18
 117.2000000       7.37313e-18       7.37313e-18
 117.3000000       7.37264e-18       7.37264e-18
 117.4000000       7.37216e-18       7.37216e-18
 117.5000000       7.37167e-18       7.37167e-18
 117.6000000       7.37118e-18       7.37118e-18
 117.7000000       7.37069e-18       7.37069e-18
 117.8000000       7.37020e-18       7.37020e-18
 117.9000000       7.36972e-18       7.36972e-18
 118.0000000       7.36923e-18       7.36923e-18
 118.1000000       7.36874e-18       7.36874e-18
 118.2000000       7.36825e-18       7.36825e-18
 118.3000000       7.36776e-18       7.36776e-18
 118.4000000       7.36728e-18       7.36728e-18
 118.5000000       7.36679e-18       7.36679e-18
 118.6000000       7.36630e-18       7.36630e-18
 118.7000000       7.36581e-18       7.36581e-18
 118.8000000       7.36532e-18       7.36532e-18
 118.9000000       7.36484e-18       7.36484e-18
 119.0000000       7.36435e-18       7.36435e-18
 119.1000000       7.36386e-18       7.36386e-18
 119.2000000       7.36337e-18       7.36337e-18
 119.3000000       7.36289e-18       7.36289e-18
 119.4000000       7.36240e-18       7.36240e-18
 119.5000000       7.36191e-18       7.36191e-18
 119.6000000       7.36142e-18       7.36142e-18
 119.7000000       7.36093e-18       7.36093e-18
 119.8000000       7.36045e-18       7.36045e-18
 119.9000000       7.35996e-18       7.35996e-18
 120.0000000       7.35947e-18       7.35947e-18
 120.1000000       7.35898e-18       7.35898e-18
 120.2000000       7.35849e-18       7.35849e-18
 120.3000000       7.35801e-18       7.35801e-18
 120.4000000       7.35752e-18       7.35752e-18
 120.5000000       7.35703e-18       7.35703e-18
 120.6000000       7.35654e-18       7.35654e-18
 120.7000000       7.35605e-18       7.35605e-18
 120.8000000       7.35557e-18       7.35557e-18
 120.9000000       7.35508e-18       7.35508e-18
 121.0000000       7.35459e-18       7.35459e-18
 121.1000000       7.35410e-18       7.35410e-18
 121.2000000       7.35361e-18       7.35361e-18
 121.3000000       7.35313e-18       7.35313e-18
 121.4000000       7.35264e-18       7.35264e-18
 121.5000000       7.35215e-18       7.35215e-18
 121.6000000       7.35166e-18       7.35166e-18
 121.7000000       7.35117e-18       7.35117e-18
 121.8000000       7.35069e-18       7.35069e-18
 121.9000000       7.35020e-18       7.35020e-18
 122.0000000       7.34971e-18       7.34971e-18
 122.1000000       7.34922e-18       7.34922e-18
 122.2000000       7.34873e-18       7.34873e-18
 122.3000000       7.34825e-18       7.34825e-18
 122.4000000       7.34776e-18       7.34776e-18
 122.5000000       7.34727e-18       7.34727e-18
 122.6000000       7.34678e-18       7.34678e-18
 122.7000000       7.34629e-18       7.34629e-18
 122.8000000       7.34581e-18       7.34581e-18
 122.9000000       7.34532e-18       7.34532e-18
 123.0000000       7.34483e-18       7.34483e-18
 123.1000000       7.34434e-18       7.34434e-18
 123.2000000       7.34385e-18       7.34385e-18
 123.3000000       7.34337e-18       7.34337e-18
 123.4000000       7.34288e-18       7.34288e-18
 123.5000000       7.34239e-18       7.34239e-18
 123.6000000       7.34190e-18       7.34190e-18
 123.7000000       7.34142e-18       7.34142e-18
 123.8000000       7.34093e-18       7.34093e-18
 123.9000000       7.34044e-18       7.34044e-18
 124.0000000       7.33941e-18       7.33941e-18
 124.1000000       7.33617e-18       7.33617e-18
 124.2000000       7.33268e-18       7.33268e-18
 124.3000000       7.32919e-18       7.32919e-18
 124.4000000       7.32571e-18       7.32571e-18
 124.5000000       7.32222e-18       7.32222e-18
 124.6000000       7.31874e-18       7.31874e-18
 124.7000000       7.31525e-18       7.31525e-18
 124.8000000       7.31176e-18       7.31176e-18
 124.9000000       7.30828e-18       7.30828e-18
 125.0000000       7.30479e-18       7.30479e-18
 125.1000000       7.30131e-18       7.30131e-18
 125.2000000       7.29782e-18       7.29782e-18
 125.3000000       7.29434e-18       7.29434e-18
 125.4000000       7.29085e-18       7.29085e-18
 125.5000000       7.28736e-18       7.28736e-18
 125.6000000       7.28388e-18       7.28388e-18
 125.7000000       7.28039e-18       7.28039e-18
 125.8000000       7.27691e-18       7.27691e-18
 125.9000000       7.27342e-18       7.27342e-18
 126.0000000       7.26993e-18       7.26993e-18
 126.1000000       7.26645e-18       7.26645e-18
 126.2000000       7.26296e-18       7.26296e-18
 126.3000000       7.25948e-18       7.25948e-18
 126.4000000       7.25599e-18       7.25599e-18
 126.5000000       7.25251e-18       7.25251e-18
 126.6000000       7.24902e-18       7.24902e-18
 126.7000000       7.24553e-18       7.24553e-18
 126.8000000       7.24205e-18       7.24205e-18
 126.9000000       7.23856e-18       7.23856e-18
 127.0000000       7.23508e-18       7.23508e-18
 127.1000000       7.23159e-18       7.23159e-18
 127.2000000       7.22810e-18       7.22810e-18
 127.3000000       7.22462e-18       7.22462e-18
 127.4000000       7.22113e-18       7.22113e-18
 127.5000000       7.21765e-18       7.21765e-18
 127.6000000       7.21416e-18       7.21416e-18
 127.7000000       7.21068e-18       7.21068e-18
 127.8000000       7.20719e-18       7.20719e-18
 127.9000000       7.20370e-18       7.20370e-18
 128.0000000       7.20022e-18       7.20022e-18
 128.1000000       7.19673e-18       7.19673e-18
 128.2000000       7.19325e-18       7.19325e-18
 128.3000000       7.18976e-18       7.18976e-18
 128.4000000       7.18627e-18       7.18627e-18
 128.5000000       7.18279e-18       7.18279e-18
 128.6000000       7.17930e-18       7.17930e-18
 128.7000000       7.17582e-18       7.17582e-18
 128.8000000       7.17233e-18       7.17233e-18
 128.9000000       7.16885e-18       7.16885e-18
 129.0000000       7.16536e-18       7.16536e-18
 129.1000000       7.16187e-18       7.16187e-18
 129.2000000       7.15839e-18       7.15839e-18
 129.3000000       7.15490e-18       7.15490e-18
 129.4000000       7.15142e-18       7.15142e-18
 129.5000000       7.14793e-18       7.14793e-18
 129.6000000       7.14444e-18       7.14444e-18
 129.7000000       7.14096e-18       7.14096e-18
 129.8000000       7.13747e-18       7.13747e-18
 129.9000000       7.13399e-18       7.13399e-18
 130.0000000       7.13050e-18       7.13050e-18
 130.1000000       7.12702e-18       7.12702e-18
 130.2000000       7.12353e-18       7.12353e-18
 130.3000000       7.12004e-18       7.12004e-18
 130.4000000       7.11656e-18       7.11656e-18
 130.5000000       7.11307e-18       7.11307e-18
 130.6000000       7.10959e-18       7.10959e-18
 130.7000000       7.10610e-18       7.10610e-18
 130.8000000       7.10261e-18       7.10261e-18
 130.9000000       7.09913e-18       7.09913e-18
 131.0000000       7.09564e-18       7.09564e-18
 131.1000000       7.09216e-18       7.09216e-18
 131.2000000       7.08867e-18       7.08867e-18
 131.3000000       7.08519e-18       7.08519e-18
 131.4000000       7.08170e-18       7.08170e-18
 131.5000000       7.07821e-18       7.07821e-18
 131.6000000       7.07473e-18       7.07473e-18
 131.7000000       7.07124e-18       7.07124e-18
 131.8000000       7.06776e-18       7.06776e-18
 131.9000000       7.06427e-18       7.06427e-18
 132.0000000       7.06078e-18       7.06078e-18
 132.1000000       7.05730e-18       7.05730e-18
 132.2000000       7.05381e-18       7.05381e-18
 132.3000000       7.05033e-18       7.05033e-18
 132.4000000       7.04684e-18       7.04684e-18
 132.5000000       7.04336e-18       7.04336e-18
 132.6000000       7.03987e-18       7.03987e-18
 132.7000000       7.03638e-18       7.03638e-18
 132.8000000       7.03290e-18       7.03290e-18
 132.9000000       7.02941e-18       7.02941e-18
 133.0000000       7.02593e-18       7.02593e-18
 133.1000000       7.02244e-18       7.02244e-18
 133.2000000       7.01895e-18       7.01895e-18
 133.3000000       7.01547e-18       7.01547e-18
 133.4000000       7.01198e-18       7.01198e-18
 133.5000000       7.00850e-18       7.00850e-18
 133.6000000       7.00501e-18       7.00501e-18
 133.7000000       7.00153e-18       7.00153e-18
 133.8000000       6.99804e-18       6.99804e-18
 133.9000000       6.99455e-18       6.99455e-18
 134.0000000       6.99107e-18       6.99107e-18
 134.1000000       6.98758e-18       6.98758e-18
 134.2000000       6.98410e-18       6.98410e-18
 134.3000000       6.98061e-18       6.98061e-18
 134.4000000       6.97712e-18       6.97712e-18
 134.5000000       6.97364e-18       6.97364e-18
 134.6000000       6.97015e-18       6.97015e-18
 134.7000000       6.96667e-18       6.96667e-18
 134.8000000       6.96318e-18       6.96318e-18
 134.9000000       6.95969e-18       6.95969e-18
 135.0000000       6.95621e-18       6.95621e-18
 135.1000000       6.95272e-18       6.95272e-18
 135.2000000       6.94924e-18       6.94924e-18
 135.3000000       6.94575e-18       6.94575e-18
 135.4000000       6.94227e-18       6.94227e-18
 135.5000000       6.93878e-18       6.93878e-18
 135.6000000       6.93529e-18       6.93529e-18
 135.7000000       6.93181e-18       6.93181e-18
 135.8000000       6.92832e-18       6.92832e-18
 135.9000000       6.92484e-18       6.92484e-18
 136.0000000       6.92135e-18       6.92135e-18
 136.1000000       6.91786e-18       6.91786e-18
 136.2000000       6.91438e-18       6.91438e-18
 136.3000000       6.91089e-18       6.91089e-18
 136.4000000       6.90741e-18       6.90741e-18
 136.5000000       6.90392e-18       6.90392e-18
 136.6000000       6.90044e-18       6.90044e-18
 136.7000000       6.89695e-18       6.89695e-18
 136.8000000       6.89346e-18       6.89346e-18
 136.9000000       6.88998e-18       6.88998e-18
 137.0000000       6.88649e-18       6.88649e-18
 137.1000000       6.88301e-18       6.88301e-18
 137.2000000       6.87952e-18       6.87952e-18
 137.3000000       6.87603e-18       6.87603e-18
 137.4000000       6.87255e-18       6.87255e-18
 137.5000000       6.86906e-18       6.86906e-18
 137.6000000       6.86558e-18       6.86558e-18
 137.7000000       6.86209e-18       6.86209e-18
 137.8000000       6.85858e-18       6.85858e-18
 137.9000000       6.85504e-18       6.85504e-18
 138.0000000       6.85150e-18       6.85150e-18
 138.1000000       6.84796e-18       6.84796e-18
 138.2000000       6.84441e-18       6.84441e-18
 138.3000000       6.84087e-18       6.84087e-18
 138.4000000       6.83733e-18       6.83733e-18
 138.5000000       6.83379e-18       6.83379e-18
 138.6000000       6.83024e-18       6.83024e-18
 138.7000000       6.82670e-18       6.82670e-18
 138.8000000       6.82316e-18       6.82316e-18
 138.9000000       6.81962e-18       6.81962e-18
 139.0000000       6.81607e-18       6.81607e-18
 139.1000000       6.81253e-18       6.81253e-18
 139.2000000       6.80899e-18       6.80899e-18
 139.3000000       6.80545e-18       6.80545e-18
 139.4000000       6.80190e-18       6.80190e-18
 139.5000000       6.79836e-18       6.79836e-18
 139.6000000       6.79482e-18       6.79482e-18
 139.7000000       6.79128e-18       6.79128e-18
 139.8000000       6.78774e-18       6.78774e-18
 139.9000000       6.78419e-18       6.78419e-18
 140.0000000       6.78065e-18       6.78065e-18
 140.1000000       6.77711e-18       6.77711e-18
 140.2000000       6.77357e-18       6.77357e-18
 140.3000000       6.77002e-18       6.77002e-18
 140.4000000       6.76648e-18       6.76648e-18
 140.5000000       6.76294e-18       6.76294e-18
 140.6000000       6.75940e-18       6.75940e-18
 140.7000000       6.75585e-18       6.75585e-18
 140.8000000       6.75231e-18       6.75231e-18
 140.9000000       6.74877e-18       6.74877e-18
 141.0000000       6.74523e-18       6.74523e-18
 141.1000000       6.74168e-18       6.74168e-18
 141.2000000       6.73814e-18       6.73814e-18
 141.3000000       6.73460e-18       6.73460e-18
 141.4000000       6.73106e-18       6.73106e-18
 141.5000000       6.72751e-18       6.72751e-18
 141.6000000       6.72397e-18       6.72397e-18
 141.7000000       6.72043e-18       6.72043e-18
 141.8000000       6.71689e-18       6.71689e-18
 141.9000000       6.71334e-18       6.71334e-18
 142.0000000       6.70980e-18       6.70980e-18
 142.1000000       6.70626e-18       6.70626e-18
 142.2000000       6.70272e-18       6.70272e-18
 142.3000000       6.69918e-18       6.69918e-18
 142.4000000       6.69563e-18       6.69563e-18
 142.5000000       6.69209e-18       6.69209e-18
 142.6000000       6.68855e-18       6.68855e-18
 142.7000000       6.68501e-18       6.68501e-18
 142.8000000       6.68146e-18       6.68146e-18
 142.9000000       6.67792e-18       6.67792e-18
 143.0000000       6.67438e-18       6.67438e-18
 143.1000000       6.67084e-18       6.67084e-18
 143.2000000       6.66729e-18       6.66729e-18
 143.3000000       6.66375e-18       6.66375e-18
 143.4000000       6.66021e-18       6.66021e-18
 143.5000000       6.65667e-18       6.65667e-18
 143.6000000       6.65312e-18       6.65312e-18
 143.7000000       6.64958e-18       6.64958e-18
 143.8000000       6.64604e-18       6.64604e-18
 143.9000000       6.64250e-18       6.64250e-18
 144.0000000       6.63895e-18       6.63895e-18
 144.1000000       6.63541e-18       6.63541e-18
 144.2000000       6.63187e-18       6.63187e-18
 144.3000000       6.62833e-18       6.62833e-18
 144.4000000       6.62479e-18       6.62479e-18
 144.5000000       6.62124e-18       6.62124e-18
 144.6000000       6.61770e-18       6.61770e-18
 144.7000000       6.61416e-18       6.61416e-18
 144.8000000       6.61062e-18       6.61062e-18
 144.9000000       6.60707e-18       6.60707e-18
 145.0000000       6.60353e-18       6.60353e-18
 145.1000000       6.59999e-18       6.59999e-18
 145.2000000       6.59645e-18       6.59645e-18
 145.3000000       6.59290e-18       6.59290e-18
 145.4000000       6.58936e-18       6.58936e-18
 145.5000000       6.58582e-18       6.58582e-18
 145.6000000       6.58228e-18       6.58228e-18
 145.7000000       6.57873e-18       6.57873e-18
 145.8000000       6.57519e-18       6.57519e-18
 145.9000000       6.57165e-18       6.57165e-18
 146.0000000       6.56811e-18       6.56811e-18
 146.1000000       6.56456e-18       6.56456e-18
 146.2000000       6.56102e-18       6.56102e-18
 146.3000000       6.55748e-18       6.55748e-18
 146.4000000       6.55394e-18       6.55394e-18
 146.5000000       6.55039e-18       6.55039e-18
 146.6000000       6.54685e-18       6.54685e-18
 146.7000000       6.54331e-18       6.54331e-18
 146.8000000       6.53977e-18       6.53977e-18
 146.9000000       6.53623e-18       6.53623e-18
 147.0000000       6.53268e-18       6.53268e-18
 147.1000000       6.52914e-18       6.52914e-18
 147.2000000       6.52560e-18       6.52560e-18
 147.3000000       6.52206e-18       6.52206e-18
 147.4000000       6.51851e-18       6.51851e-18
 147.5000000       6.51497e-18       6.51497e-18
 147.6000000       6.51143e-18       6.51143e-18
 147.7000000       6.50789e-18       6.50789e-18
 147.8000000       6.50434e-18       6.50434e-18
 147.9000000       6.50080e-18       6.50080e-18
 148.0000000       6.49726e-18       6.49726e-18
 148.1000000       6.49372e-18       6.49372e-18
 148.2000000       6.49017e-18       6.49017e-18
 148.3000000       6.48663e-18       6.48663e-18
 148.4000000       6.48309e-18       6.48309e-18
 148.5000000       6.47955e-18       6.47955e-18
 148.6000000       6.47600e-18       6.47600e-18
 148.7000000       6.47246e-18       6.47246e-18
 148.8000000       6.46892e-18       6.46892e-18
 148.9000000       6.46538e-18       6.46538e-18
 149.0000000       6.46184e-18       6.46184e-18
 149.1000000       6.45829e-18       6.45829e-18
 149.2000000       6.45475e-18       6.45475e-18
 149.3000000       6.45121e-18       6.45121e-18
 149.4000000       6.44767e-18       6.44767e-18
 149.5000000       6.44412e-18       6.44412e-18
 149.6000000       6.44058e-18       6.44058e-18
 149.7000000       6.43704e-18       6.43704e-18
 149.8000000       6.43350e-18       6.43350e-18
 149.9000000       6.42995e-18       6.42995e-18
 150.0000000       6.42641e-18       6.42641e-18
 150.1000000       6.42287e-18       6.42287e-18
 150.2000000       6.41933e-18       6.41933e-18
 150.3000000       6.41578e-18       6.41578e-18
 150.4000000       6.41224e-18       6.41224e-18
 150.5000000       6.40870e-18       6.40870e-18
 150.6000000       6.40516e-18       6.40516e-18
 150.7000000       6.40161e-18       6.40161e-18
 150.8000000       6.39807e-18       6.39807e-18
 150.9000000       6.39453e-18       6.39453e-18
 151.0000000       6.39099e-18       6.39099e-18
 151.1000000       6.38744e-18       6.38744e-18
 151.2000000       6.38390e-18       6.38390e-18
 151.3000000       6.38036e-18       6.38036e-18
 151.4000000       6.37682e-18       6.37682e-18
 151.5000000       6.37328e-18       6.37328e-18
 151.6000000       6.36973e-18       6.36973e-18
 151.7000000       6.36619e-18       6.36619e-18
 151.8000000       6.36265e-18       6.36265e-18
 151.9000000       6.35911e-18       6.35911e-18
 152.0000000       6.35556e-18       6.35556e-18
 152.1000000       6.35202e-18       6.35202e-18
 152.2000000       6.34848e-18       6.34848e-18
 152.3000000       6.34494e-18       6.34494e-18
 152.4000000       6.34139e-18       6.34139e-18
 152.5000000       6.33785e-18       6.33785e-18
 152.6000000       6.33431e-18       6.33431e-18
 152.7000000       6.33077e-18       6.33077e-18
 152.8000000       6.32722e-18       6.32722e-18
 152.9000000       6.32368e-18       6.32368e-18
 153.0000000       6.32014e-18       6.32014e-18
 153.1000000       6.31660e-18       6.31660e-18
 153.2000000       6.31305e-18       6.31305e-18
 153.3000000       6.30951e-18       6.30951e-18
 153.4000000       6.30597e-18       6.30597e-18
 153.5000000       6.30243e-18       6.30243e-18
 153.6000000       6.29889e-18       6.29889e-18
 153.7000000       6.29534e-18       6.29534e-18
 153.8000000       6.29180e-18       6.29180e-18
 153.9000000       6.28826e-18       6.28826e-18
 154.0000000       6.28472e-18       6.28472e-18
 154.1000000       6.28117e-18       6.28117e-18
 154.2000000       6.27763e-18       6.27763e-18
 154.3000000       6.27409e-18       6.27409e-18
 154.4000000       6.27055e-18       6.27055e-18
 154.5000000       6.26700e-18       6.26700e-18
 154.6000000       6.26346e-18       6.26346e-18
 154.7000000       6.25992e-18       6.25992e-18
 154.8000000       6.25638e-18       6.25638e-18
 154.9000000       6.25283e-18       6.25283e-18
 155.0000000       6.24936e-18       6.24936e-18
 155.1000000       6.24610e-18       6.24610e-18
 155.2000000       6.24285e-18       6.24285e-18
 155.3000000       6.23959e-18       6.23959e-18
 155.4000000       6.23634e-18       6.23634e-18
 155.5000000       6.23309e-18       6.23309e-18
 155.6000000       6.22984e-18       6.22984e-18
 155.7000000       6.22659e-18       6.22659e-18
 155.8000000       6.22333e-18       6.22333e-18
 155.9000000       6.22008e-18       6.22008e-18
 156.0000000       6.21683e-18       6.21683e-18
 156.1000000       6.21358e-18       6.21358e-18
 156.2000000       6.21033e-18       6.21033e-18
 156.3000000       6.20707e-18       6.20707e-18
 156.4000000       6.20382e-18       6.20382e-18
 156.5000000       6.20057e-18       6.20057e-18
 156.6000000       6.19732e-18       6.19732e-18
 156.7000000       6.19407e-18       6.19407e-18
 156.8000000       6.19081e-18       6.19081e-18
 156.9000000       6.18756e-18       6.18756e-18
 157.0000000       6.18431e-18       6.18431e-18
 157.1000000       6.18106e-18       6.18106e-18
 157.2000000       6.17780e-18       6.17780e-18
 157.3000000       6.17455e-18       6.17455e-18
 157.4000000       6.17130e-18       6.17130e-18
 157.5000000       6.16805e-18       6.16805e-18
 157.6000000       6.16480e-18       6.16480e-18
 157.7000000       6.16154e-18       6.16154e-18
 157.8000000       6.15829e-18       6.15829e-18
 157.9000000       6.15504e-18       6.15504e-18
 158.0000000       6.15179e-18       6.15179e-18
 158.1000000       6.14854e-18       6.14854e-18
 158.2000000       6.14528e-18       6.14528e-18
 158.3000000       6.14203e-18       6.14203e-18
 158.4000000       6.13878e-18       6.13878e-18
 158.5000000       6.13553e-18       6.13553e-18
 158.6000000       6.13228e-18       6.13228e-18
 158.7000000       6.12902e-18       6.12902e-18
 158.8000000       6.12577e-18       6.12577e-18
 158.9000000       6.12252e-18       6.12252e-18
 159.0000000       6.11927e-18       6.11927e-18
 159.1000000       6.11602e-18       6.11602e-18
 159.2000000       6.11276e-18       6.11276e-18
 159.3000000       6.10951e-18       6.10951e-18
 159.4000000       6.10626e-18       6.10626e-18
 159.5000000       6.10301e-18       6.10301e-18
 159.6000000       6.09976e-18       6.09976e-18
 159.7000000       6.09650e-18       6.09650e-18
 159.8000000       6.09325e-18       6.09325e-18
 159.9000000       6.09000e-18       6.09000e-18
 160.0000000       6.08675e-18       6.08675e-18
 160.1000000       6.08350e-18       6.08350e-18
 160.2000000       6.08024e-18       6.08024e-18
 160.3000000       6.07699e-18       6.07699e-18
 160.4000000       6.07374e-18       6.07374e-18
 160.5000000       6.07049e-18       6.07049e-18
 160.6000000       6.06724e-18       6.06724e-18
 160.7000000       6.06398e-18       6.06398e-18
 160.8000000       6.06073e-18       6.06073e-18
 160.9000000       6.05748e-18       6.05748e-18
 161.0000000       6.05423e-18       6.05423e-18
 161.1000000       6.05098e-18       6.05098e-18
 161.2000000       6.04772e-18       6.04772e-18
 161.3000000       6.04447e-18       6.04447e-18
 161.4000000       6.04122e-18       6.04122e-18
 161.5000000       6.03797e-18       6.03797e-18
 161.6000000       6.03472e-18       6.03472e-18
 161.7000000       6.03146e-18       6.03146e-18
 161.8000000       6.02821e-18       6.02821e-18
 161.9000000       6.02496e-18       6.02496e-18
 162.0000000       6.02171e-18       6.02171e-18
 162.1000000       6.01846e-18       6.01846e-18
 162.2000000       6.01520e-18       6.01520e-18
 162.3000000       6.01195e-18       6.01195e-18
 162.4000000       6.00870e-18       6.00870e-18
 162.5000000       6.00545e-18       6.00545e-18
 162.6000000       6.00220e-18       6.00220e-18
 162.7000000       5.99894e-18       5.99894e-18
 162.8000000       5.99569e-18       5.99569e-18
 162.9000000       5.99244e-18       5.99244e-18
 163.0000000       5.98919e-18       5.98919e-18
 163.1000000       5.98593e-18       5.98593e-18
 163.2000000       5.98268e-18       5.98268e-18
 163.3000000       5.97943e-18       5.97943e-18
 163.4000000       5.97618e-18       5.97618e-18
 163.5000000       5.97293e-18       5.97293e-18
 163.6000000       5.96967e-18       5.96967e-18
 163.7000000       5.96642e-18       5.96642e-18
 163.8000000       5.96317e-18       5.96317e-18
 163.9000000       5.95992e-18       5.95992e-18
 164.0000000       5.95667e-18       5.95667e-18
 164.1000000       5.95341e-18       5.95341e-18
 164.2000000       5.95016e-18       5.95016e-18
 164.3000000       5.94691e-18       5.94691e-18
 164.4000000       5.94366e-18       5.94366e-18
 164.5000000       5.94041e-18       5.94041e-18
 164.6000000       5.93715e-18       5.93715e-18
 164.7000000       5.93390e-18       5.93390e-18
 164.8000000       5.93065e-18       5.93065e-18
 164.9000000       5.92740e-18       5.92740e-18
 165.0000000       5.92415e-18       5.92415e-18
 165.1000000       5.92089e-18       5.92089e-18
 165.2000000       5.91764e-18       5.91764e-18
 165.3000000       5.91439e-18       5.91439e-18
 165.4000000       5.91114e-18       5.91114e-18
 165.5000000       5.90789e-18       5.90789e-18
 165.6000000       5.90463e-18       5.90463e-18
 165.7000000       5.90138e-18       5.90138e-18
 165.8000000       5.89813e-18       5.89813e-18
 165.9000000       5.89488e-18       5.89488e-18
 166.0000000       5.89163e-18       5.89163e-18
 166.1000000       5.88837e-18       5.88837e-18
 166.2000000       5.88512e-18       5.88512e-18
 166.3000000       5.88187e-18       5.88187e-18
 166.4000000       5.87862e-18       5.87862e-18
 166.5000000       5.87537e-18       5.87537e-18
 166.6000000       5.87211e-18       5.87211e-18
 166.7000000       5.86886e-18       5.86886e-18
 166.8000000       5.86561e-18       5.86561e-18
 166.9000000       5.86236e-18       5.86236e-18
 167.0000000       5.85911e-18       5.85911e-18
 167.1000000       5.85585e-18       5.85585e-18
 167.2000000       5.85260e-18       5.85260e-18
 167.3000000       5.84935e-18       5.84935e-18
 167.4000000       5.84610e-18       5.84610e-18
 167.5000000       5.84285e-18       5.84285e-18
 167.6000000       5.83959e-18       5.83959e-18
 167.7000000       5.83634e-18       5.83634e-18
 167.8000000       5.83309e-18       5.83309e-18
 167.9000000       5.82984e-18       5.82984e-18
 168.0000000       5.82659e-18       5.82659e-18
 168.1000000       5.82333e-18       5.82333e-18
 168.2000000       5.82008e-18       5.82008e-18
 168.3000000       5.81683e-18       5.81683e-18
 168.4000000       5.81358e-18       5.81358e-18
 168.5000000       5.81033e-18       5.81033e-18
 168.6000000       5.80707e-18       5.80707e-18
 168.7000000       5.80382e-18       5.80382e-18
 168.8000000       5.80057e-18       5.80057e-18
 168.9000000       5.79732e-18       5.79732e-18
 169.0000000       5.79407e-18       5.79407e-18
 169.1000000       5.79081e-18       5.79081e-18
 169.2000000       5.78756e-18       5.78756e-18
 169.3000000       5.78431e-18       5.78431e-18
 169.4000000       5.78106e-18       5.78106e-18
 169.5000000       5.77780e-18       5.77780e-18
 169.6000000       5.77455e-18       5.77455e-18
 169.7000000       5.77130e-18       5.77130e-18
 169.8000000       5.76805e-18       5.76805e-18
 169.9000000       5.76480e-18       5.76480e-18
 170.0000000       5.76154e-18       5.76154e-18
 170.1000000       5.75829e-18       5.75829e-18
 170.2000000       5.75504e-18       5.75504e-18
 170.3000000       5.75179e-18       5.75179e-18
 170.4000000       5.74854e-18       5.74854e-18
 170.5000000       5.74528e-18       5.74528e-18
 170.6000000       5.74203e-18       5.74203e-18
 170.7000000       5.73878e-18       5.73878e-18
 170.8000000       5.73553e-18       5.73553e-18
 170.9000000       5.73228e-18       5.73228e-18
 171.0000000       5.72902e-18       5.72902e-18
 171.1000000       5.72577e-18       5.72577e-18
 171.2000000       5.72252e-18       5.72252e-18
 171.3000000       5.71927e-18       5.71927e-18
 171.4000000       5.71602e-18       5.71602e-18
 171.5000000       5.71276e-18       5.71276e-18
 171.6000000       5.70951e-18       5.70951e-18
 171.7000000       5.70626e-18       5.70626e-18
 171.8000000       5.70301e-18       5.70301e-18
 171.9000000       5.69976e-18       5.69976e-18
 172.0000000       5.69650e-18       5.69650e-18
 172.1000000       5.69325e-18       5.69325e-18
 172.2000000       5.69000e-18       5.69000e-18
 172.3000000       5.68675e-18       5.68675e-18
 172.4000000       5.68350e-18       5.68350e-18
 172.5000000       5.68024e-18       5.68024e-18
 172.6000000       5.67699e-18       5.67699e-18
 172.7000000       5.67374e-18       5.67374e-18
 172.8000000       5.67049e-18       5.67049e-18
 172.9000000       5.66724e-18       5.66724e-18
 173.0000000       5.66398e-18       5.66398e-18
 173.1000000       5.66073e-18       5.66073e-18
 173.2000000       5.65748e-18       5.65748e-18
 173.3000000       5.65423e-18       5.65423e-18
 173.4000000       5.65098e-18       5.65098e-18
 173.5000000       5.64772e-18       5.64772e-18
 173.6000000       5.64447e-18       5.64447e-18
 173.7000000       5.64122e-18       5.64122e-18
 173.8000000       5.63797e-18       5.63797e-18
 173.9000000       5.63472e-18       5.63472e-18
 174.0000000       5.63146e-18       5.63146e-18
 174.1000000       5.62821e-18       5.62821e-18
 174.2000000       5.62496e-18       5.62496e-18
 174.3000000       5.62171e-18       5.62171e-18
 174.4000000       5.61846e-18       5.61846e-18
 174.5000000       5.61520e-18       5.61520e-18
 174.6000000       5.61195e-18       5.61195e-18
 174.7000000       5.60870e-18       5.60870e-18
 174.8000000       5.60545e-18       5.60545e-18
 174.9000000       5.60220e-18       5.60220e-18
 175.0000000       5.59894e-18       5.59894e-18
 175.1000000       5.59569e-18       5.59569e-18
 175.2000000       5.59244e-18       5.59244e-18
 175.3000000       5.58919e-18       5.58919e-18
 175.4000000       5.58593e-18       5.58593e-18
 175.5000000       5.58268e-18       5.58268e-18
 175.6000000       5.57943e-18       5.57943e-18
 175.7000000       5.57618e-18       5.57618e-18
 175.8000000       5.57293e-18       5.57293e-18
 175.9000000       5.56967e-18       5.56967e-18
 176.0000000       5.56642e-18       5.56642e-18
 176.1000000       5.56317e-18       5.56317e-18
 176.2000000       5.55992e-18       5.55992e-18
 176.3000000       5.55667e-18       5.55667e-18
 176.4000000       5.55341e-18       5.55341e-18
 176.5000000       5.55016e-18       5.55016e-18
 176.6000000       5.54691e-18       5.54691e-18
 176.7000000       5.54366e-18       5.54366e-18
 176.8000000       5.54041e-18       5.54041e-18
 176.9000000       5.53715e-18       5.53715e-18
 177.0000000       5.53390e-18       5.53390e-18
 177.1000000       5.60553e-18       5.60553e-18
 177.2000000       6.85858e-18       6.85858e-18
 177.3000000       8.51930e-18       8.51930e-18
 177.4000000       1.01800e-17       1.01800e-17
 177.5000000       1.18407e-17       1.18407e-17
 177.6000000       1.35015e-17       1.35015e-17
 177.7000000       1.51622e-17       1.51622e-17
 177.8000000       1.68229e-17       1.68229e-17
 177.9000000       1.84836e-17       1.84836e-17
 178.0000000       2.01443e-17       2.01443e-17
 178.1000000       2.18051e-17       2.18051e-17
 178.2000000       2.34658e-17       2.34658e-17
 178.3000000       2.51265e-17       2.51265e-17
 178.4000000       2.67872e-17       2.67872e-17
 178.5000000       2.84479e-17       2.84479e-17
 178.6000000       3.01087e-17       3.01087e-17
 178.7000000       3.17694e-17       3.17694e-17
 178.8000000       3.34301e-17       3.34301e-17
 178.9000000       3.50908e-17       3.50908e-17
 179.0000000       3.67515e-17       3.67515e-17
 179.1000000       3.84123e-17       3.84123e-17
 179.2000000       4.00730e-17       4.00730e-17
 179.3000000       4.17337e-17       4.17337e-17
 179.4000000       4.33944e-17       4.33944e-17
 179.5000000       4.50551e-17       4.50551e-17
 179.6000000       4.67159e-17       4.67159e-17
 179.7000000       4.83766e-17       4.83766e-17
 179.8000000       5.00373e-17       5.00373e-17
 179.9000000       5.16980e-17       5.16980e-17
 180.0000000       5.33587e-17       5.33587e-17
 180.1000000       5.50195e-17       5.50195e-17
 180.2000000       5.66802e-17       5.66802e-17
 180.3000000       5.83409e-17       5.83409e-17
 180.4000000       6.00016e-17       6.00016e-17
 180.5000000       6.16623e-17       6.16623e-17
 180.6000000       6.33231e-17       6.33231e-17
 180.7000000       6.49838e-17       6.49838e-17
 180.8000000       6.66445e-17       6.66445e-17
 180.9000000       6.83052e-17       6.83052e-17
 181.0000000       6.99659e-17       6.99659e-17
 181.1000000       7.16267e-17       7.16267e-17
 181.2000000       7.32874e-17       7.32874e-17
 181.3000000       7.49481e-17       7.49481e-17
 181.4000000       7.66088e-17       7.66088e-17
 181.5000000       7.82695e-17       7.82695e-17
 181.6000000       7.99303e-17       7.99303e-17
 181.7000000       8.15910e-17       8.15910e-17
 181.8000000       8.32517e-17       8.32517e-17
 181.9000000       8.49124e-17       8.49124e-17
 182.0000000       8.65731e-17       8.65731e-17
 182.1000000       8.82339e-17       8.82339e-17
 182.2000000       8.98946e-17       8.98946e-17
 182.3000000       9.15553e-17       9.15553e-17
 182.4000000       9.32160e-17       9.32160e-17
 182.5000000       9.48767e-17       9.48767e-17
 182.6000000       9.65375e-17       9.65375e-17
 182.7000000       9.81982e-17       9.81982e-17
 182.8000000       9.98589e-17       9.98589e-17
 182.9000000       1.01520e-16       1.01520e-16
 183.0000000       1.03180e-16       1.03180e-16
 183.1000000       1.04841e-16       1.04841e-16
 183.2000000       1.03411e-16       1.03411e-16
 183.3000000       3.82143e-17       3.82143e-17
