# CS cross sections
# Alan Heays 2016-11-22
# References: stark1987, bruna1975, norwood1991
# photoabsorption   -- Photoabsorption cross section (cm2)
# photodissociation -- Photodissociation cross section (cm2)
# photoionisation   -- Photoionisation cross section (cm2)
# 
# wavelength   photoabsorption photodissociation   photoionisation
  91.3000000      5.15289e-107       0.00000e+00      5.15289e-107
  91.4000000      6.40518e-104       0.00000e+00      6.40518e-104
  91.5000000      5.11878e-103       0.00000e+00      5.11878e-103
  91.6000000      6.37281e-100       0.00000e+00      6.37281e-100
  91.7000000       5.09159e-99       0.00000e+00       5.09159e-99
  91.8000000       5.07962e-96       0.00000e+00       5.07962e-96
  91.9000000       4.05708e-95       0.00000e+00       4.05708e-95
  92.0000000       3.24369e-92       0.00000e+00       3.24369e-92
  92.1000000       2.58968e-91       0.00000e+00       2.58968e-91
  92.2000000       1.65945e-88       0.00000e+00       1.65945e-88
  92.3000000       1.32420e-87       0.00000e+00       1.32420e-87
  92.4000000       6.80173e-85       0.00000e+00       6.80173e-85
  92.5000000       5.42417e-84       0.00000e+00       5.42417e-84
  92.6000000       2.23366e-81       0.00000e+00       2.23366e-81
  92.7000000       1.77988e-80       0.00000e+00       1.77988e-80
  92.8000000       5.87727e-78       0.00000e+00       5.87727e-78
  92.9000000       4.67869e-77       0.00000e+00       4.67869e-77
  93.0000000       1.23913e-74       0.00000e+00       1.23913e-74
  93.1000000       9.85226e-74       0.00000e+00       9.85226e-74
  93.2000000       2.09349e-71       0.00000e+00       2.09349e-71
  93.3000000       1.66199e-70       0.00000e+00       1.66199e-70
  93.4000000       2.83446e-68       0.00000e+00       2.83446e-68
  93.5000000       2.24597e-67       0.00000e+00       2.24597e-67
  93.6000000       3.07579e-65       0.00000e+00       3.07579e-65
  93.7000000       2.43146e-64       0.00000e+00       2.43146e-64
  93.8000000       2.67538e-62       0.00000e+00       2.67538e-62
  93.9000000       2.10872e-61       0.00000e+00       2.10872e-61
  94.0000000       1.86560e-59       0.00000e+00       1.86560e-59
  94.1000000       1.46510e-58       0.00000e+00       1.46510e-58
  94.2000000       1.04313e-56       0.00000e+00       1.04313e-56
  94.3000000       8.15483e-56       0.00000e+00       8.15483e-56
  94.4000000       4.67780e-54       0.00000e+00       4.67780e-54
  94.5000000       3.63641e-53       0.00000e+00       3.63641e-53
  94.6000000       1.68287e-51       0.00000e+00       1.68287e-51
  94.7000000       1.29912e-50       0.00000e+00       1.29912e-50
  94.8000000       4.85854e-49       0.00000e+00       4.85854e-49
  94.9000000       3.71838e-48       0.00000e+00       3.71838e-48
  95.0000000       1.12613e-46       0.00000e+00       1.12613e-46
  95.1000000       8.52717e-46       0.00000e+00       8.52717e-46
  95.2000000       2.09653e-44       0.00000e+00       2.09653e-44
  95.3000000       1.56682e-43       0.00000e+00       1.56682e-43
  95.4000000       3.13689e-42       0.00000e+00       3.13689e-42
  95.5000000       2.30685e-41       0.00000e+00       2.30685e-41
  95.6000000       3.77459e-40       0.00000e+00       3.77459e-40
  95.7000000       2.72165e-39       0.00000e+00       2.72165e-39
  95.8000000       3.65550e-38       0.00000e+00       3.65550e-38
  95.9000000       2.57334e-37       0.00000e+00       2.57334e-37
  96.0000000       2.85172e-36       0.00000e+00       2.85172e-36
  96.1000000       1.95008e-35       0.00000e+00       1.95008e-35
  96.2000000       1.79377e-34       0.00000e+00       1.79377e-34
  96.3000000       1.18456e-33       0.00000e+00       1.18456e-33
  96.4000000       9.10685e-33       0.00000e+00       9.10685e-33
  96.5000000       5.76864e-32       0.00000e+00       5.76864e-32
  96.6000000       3.73568e-31       0.00000e+00       3.73568e-31
  96.7000000       2.25261e-30       0.00000e+00       2.25261e-30
  96.8000000       1.23943e-29       0.00000e+00       1.23943e-29
  96.9000000       7.05491e-29       0.00000e+00       7.05491e-29
  97.0000000       3.32925e-28       0.00000e+00       3.32925e-28
  97.1000000       1.77262e-27       0.00000e+00       1.77262e-27
  97.2000000       7.24598e-27       0.00000e+00       7.24598e-27
  97.3000000       3.57440e-26       0.00000e+00       3.57440e-26
  97.4000000       1.27862e-25       0.00000e+00       1.27862e-25
  97.5000000       5.78676e-25       0.00000e+00       5.78676e-25
  97.6000000       1.82995e-24       0.00000e+00       1.82995e-24
  97.7000000       7.52531e-24       0.00000e+00       7.52531e-24
  97.8000000       2.12434e-23       0.00000e+00       2.12434e-23
  97.9000000       7.86540e-23       0.00000e+00       7.86540e-23
  98.0000000       1.99989e-22       0.00000e+00       1.99989e-22
  98.1000000       6.61180e-22       0.00000e+00       6.61180e-22
  98.2000000       1.52611e-21       0.00000e+00       1.52611e-21
  98.3000000       4.47361e-21       0.00000e+00       4.47361e-21
  98.4000000       9.43342e-21       0.00000e+00       9.43342e-21
  98.5000000       2.43845e-20       0.00000e+00       2.43845e-20
  98.6000000       4.71959e-20       0.00000e+00       4.71959e-20
  98.7000000       1.07178e-19       0.00000e+00       1.07178e-19
  98.8000000       1.90944e-19       0.00000e+00       1.90944e-19
  98.9000000       3.80251e-19       0.00000e+00       3.80251e-19
  99.0000000       6.24155e-19       0.00000e+00       6.24155e-19
  99.1000000       1.09010e-18       0.00000e+00       1.09010e-18
  99.2000000       1.64702e-18       0.00000e+00       1.64702e-18
  99.3000000       2.52776e-18       0.00000e+00       2.52776e-18
  99.4000000       3.50600e-18       0.00000e+00       3.50600e-18
  99.5000000       4.74547e-18       0.00000e+00       4.74547e-18
  99.6000000       6.01685e-18       0.00000e+00       6.01685e-18
  99.7000000       7.21834e-18       0.00000e+00       7.21834e-18
  99.8000000       8.32110e-18       0.00000e+00       8.32110e-18
  99.9000000       8.90129e-18       0.00000e+00       8.90129e-18
 100.0000000       9.27110e-18       0.00000e+00       9.27110e-18
 100.1000000       8.90129e-18       0.00000e+00       8.90129e-18
 100.2000000       8.32110e-18       0.00000e+00       8.32110e-18
 100.3000000       7.21834e-18       0.00000e+00       7.21834e-18
 100.4000000       6.01685e-18       0.00000e+00       6.01685e-18
 100.5000000       4.74547e-18       0.00000e+00       4.74547e-18
 100.6000000       3.50600e-18       0.00000e+00       3.50600e-18
 100.7000000       2.52776e-18       0.00000e+00       2.52776e-18
 100.8000000       1.64702e-18       0.00000e+00       1.64702e-18
 100.9000000       1.09010e-18       0.00000e+00       1.09010e-18
 101.0000000       6.24155e-19       0.00000e+00       6.24155e-19
 101.1000000       3.80251e-19       0.00000e+00       3.80251e-19
 101.2000000       1.90944e-19       0.00000e+00       1.90944e-19
 101.3000000       1.07178e-19       0.00000e+00       1.07178e-19
 101.4000000       4.71959e-20       0.00000e+00       4.71959e-20
 101.5000000       2.43845e-20       0.00000e+00       2.43845e-20
 101.6000000       9.43342e-21       0.00000e+00       9.43342e-21
 101.7000000       4.47361e-21       0.00000e+00       4.47361e-21
 101.8000000       1.52611e-21       0.00000e+00       1.52611e-21
 101.9000000       6.61180e-22       0.00000e+00       6.61180e-22
 102.0000000       1.99989e-22       0.00000e+00       1.99989e-22
 102.1000000       7.86540e-23       0.00000e+00       7.86540e-23
 102.2000000       2.12434e-23       0.00000e+00       2.12434e-23
 102.3000000       7.52531e-24       0.00000e+00       7.52531e-24
 102.4000000       1.82995e-24       0.00000e+00       1.82995e-24
 102.5000000       5.78676e-25       0.00000e+00       5.78676e-25
 102.6000000       1.27862e-25       0.00000e+00       1.27862e-25
 102.7000000       3.57440e-26       0.00000e+00       3.57440e-26
 102.8000000       7.24598e-27       0.00000e+00       7.24598e-27
 102.9000000       1.77261e-27       0.00000e+00       1.77261e-27
 103.0000000       3.32924e-28       0.00000e+00       3.32924e-28
 103.1000000       7.05507e-29       0.00000e+00       7.05507e-29
 103.2000000       1.23876e-29       0.00000e+00       1.23876e-29
 103.3000000       2.24949e-30       0.00000e+00       2.24949e-30
 103.4000000       3.69779e-31       0.00000e+00       3.69779e-31
 103.5000000       6.16298e-32       0.00000e+00       6.16298e-32
 103.6000000       1.54074e-32       0.00000e+00       1.54074e-32
 103.7000000       0.00000e+00       0.00000e+00       0.00000e+00
 103.8000000       0.00000e+00       0.00000e+00       0.00000e+00
 103.9000000       0.00000e+00       0.00000e+00       0.00000e+00
 104.0000000       0.00000e+00       0.00000e+00       0.00000e+00
 104.1000000       0.00000e+00       0.00000e+00       0.00000e+00
 104.2000000       0.00000e+00       0.00000e+00       0.00000e+00
 104.3000000       0.00000e+00       0.00000e+00       0.00000e+00
 104.4000000       0.00000e+00       0.00000e+00       0.00000e+00
 104.5000000       0.00000e+00       0.00000e+00       0.00000e+00
 104.6000000       0.00000e+00       0.00000e+00       0.00000e+00
 104.7000000       0.00000e+00       0.00000e+00       0.00000e+00
 104.8000000       0.00000e+00       0.00000e+00       0.00000e+00
 104.9000000       0.00000e+00       0.00000e+00       0.00000e+00
 105.0000000       0.00000e+00       0.00000e+00       0.00000e+00
 105.1000000       0.00000e+00       0.00000e+00       0.00000e+00
 105.2000000       0.00000e+00       0.00000e+00       0.00000e+00
 105.3000000       0.00000e+00       0.00000e+00       0.00000e+00
 105.4000000       1.54074e-32       0.00000e+00       1.54074e-32
 105.5000000       6.16298e-32       0.00000e+00       6.16298e-32
 105.6000000       3.69779e-31       0.00000e+00       3.69779e-31
 105.7000000       2.24949e-30       0.00000e+00       2.24949e-30
 105.8000000       1.23876e-29       0.00000e+00       1.23876e-29
 105.9000000       7.05507e-29       0.00000e+00       7.05507e-29
 106.0000000       3.32924e-28       0.00000e+00       3.32924e-28
 106.1000000       1.77261e-27       0.00000e+00       1.77261e-27
 106.2000000       7.24598e-27       0.00000e+00       7.24598e-27
 106.3000000       3.57440e-26       0.00000e+00       3.57440e-26
 106.4000000       1.27862e-25       0.00000e+00       1.27862e-25
 106.5000000       5.78676e-25       0.00000e+00       5.78676e-25
 106.6000000       1.82995e-24       0.00000e+00       1.82995e-24
 106.7000000       7.52531e-24       0.00000e+00       7.52531e-24
 106.8000000       2.12434e-23       0.00000e+00       2.12434e-23
 106.9000000       7.86540e-23       0.00000e+00       7.86540e-23
 107.0000000       1.99989e-22       0.00000e+00       1.99989e-22
 107.1000000       6.61180e-22       0.00000e+00       6.61180e-22
 107.2000000       1.52611e-21       0.00000e+00       1.52611e-21
 107.3000000       4.47361e-21       0.00000e+00       4.47361e-21
 107.4000000       9.43342e-21       0.00000e+00       9.43342e-21
 107.5000000       2.43845e-20       0.00000e+00       2.43845e-20
 107.6000000       4.71959e-20       0.00000e+00       4.71959e-20
 107.7000000       1.07178e-19       0.00000e+00       1.07178e-19
 107.8000000       1.90944e-19       0.00000e+00       1.90944e-19
 107.9000000       3.80251e-19       0.00000e+00       3.80251e-19
 108.0000000       6.24155e-19       0.00000e+00       6.24155e-19
 108.1000000       1.09010e-18       0.00000e+00       1.09010e-18
 108.2000000       1.64702e-18       0.00000e+00       1.64702e-18
 108.3000000       2.52776e-18       0.00000e+00       2.52776e-18
 108.4000000       3.50600e-18       0.00000e+00       3.50600e-18
 108.5000000       4.74547e-18       0.00000e+00       4.74547e-18
 108.6000000       6.01685e-18       0.00000e+00       6.01685e-18
 108.7000000       7.21834e-18       0.00000e+00       7.21834e-18
 108.8000000       8.32110e-18       0.00000e+00       8.32110e-18
 108.9000000       8.90129e-18       0.00000e+00       8.90129e-18
 109.0000000       9.27110e-18       0.00000e+00       9.27110e-18
 109.1000000       8.90129e-18       0.00000e+00       8.90129e-18
 109.2000000       8.32110e-18       0.00000e+00       8.32110e-18
 109.3000000       7.21834e-18       0.00000e+00       7.21834e-18
 109.4000000       6.01685e-18       0.00000e+00       6.01685e-18
 109.5000000       4.74547e-18       0.00000e+00       4.74547e-18
 109.6000000       3.50600e-18       0.00000e+00       3.50600e-18
 109.7000000       2.52776e-18       0.00000e+00       2.52776e-18
 109.8000000       1.64702e-18       0.00000e+00       1.64702e-18
 109.9000000       1.09010e-18       0.00000e+00       1.09010e-18
 110.0000000       6.24155e-19       0.00000e+00       6.24155e-19
 110.1000000       3.80251e-19       0.00000e+00       3.80251e-19
 110.2000000       1.90944e-19       0.00000e+00       1.90944e-19
 110.3000000       1.07178e-19       0.00000e+00       1.07178e-19
 110.4000000       4.71959e-20       0.00000e+00       4.71959e-20
 110.5000000       2.43845e-20       0.00000e+00       2.43845e-20
 110.6000000       9.43342e-21       0.00000e+00       9.43342e-21
 110.7000000       4.47361e-21       0.00000e+00       4.47361e-21
 110.8000000       1.52611e-21       0.00000e+00       1.52611e-21
 110.9000000       6.61180e-22       0.00000e+00       6.61180e-22
 111.0000000       1.99989e-22       0.00000e+00       1.99989e-22
 111.1000000       7.86540e-23       0.00000e+00       7.86540e-23
 111.2000000       2.12434e-23       0.00000e+00       2.12434e-23
 111.3000000       7.52531e-24       0.00000e+00       7.52531e-24
 111.4000000       1.82995e-24       0.00000e+00       1.82995e-24
 111.5000000       5.78676e-25       0.00000e+00       5.78676e-25
 111.6000000       1.27862e-25       0.00000e+00       1.27862e-25
 111.7000000       3.57440e-26       0.00000e+00       3.57440e-26
 111.8000000       7.24600e-27       8.54413e-30       7.23743e-27
 111.9000000       1.77263e-27       6.83531e-29       1.70428e-27
 112.0000000       3.32924e-28       1.19892e-28       2.13023e-28
 112.1000000       7.05353e-29       7.05491e-29       0.00000e+00
 112.2000000       1.24184e-29       1.23943e-29       0.00000e+00
 112.3000000       2.24949e-30       2.25261e-30       0.00000e+00
 112.4000000       4.00593e-31       3.73568e-31       0.00000e+00
 112.5000000       6.16298e-32       5.76864e-32       0.00000e+00
 112.6000000       0.00000e+00       9.10685e-33       0.00000e+00
 112.7000000       0.00000e+00       1.18456e-33       0.00000e+00
 112.8000000       0.00000e+00       1.79377e-34       0.00000e+00
 112.9000000       0.00000e+00       1.95008e-35       0.00000e+00
 113.0000000       0.00000e+00       2.85172e-36       0.00000e+00
 113.1000000       0.00000e+00       2.57334e-37       0.00000e+00
 113.2000000       0.00000e+00       3.65551e-38       0.00000e+00
 113.3000000       0.00000e+00       2.72166e-39       0.00000e+00
 113.4000000       0.00000e+00       3.77454e-40       0.00000e+00
 113.5000000       0.00000e+00       2.30934e-41       0.00000e+00
 113.6000000       0.00000e+00       3.13891e-42       0.00000e+00
 113.7000000       0.00000e+00       1.68156e-43       0.00000e+00
 113.8000000       0.00000e+00       0.00000e+00       0.00000e+00
 113.9000000       0.00000e+00       0.00000e+00       0.00000e+00
 114.0000000       0.00000e+00       0.00000e+00       0.00000e+00
 114.1000000       0.00000e+00       0.00000e+00       0.00000e+00
 114.2000000       0.00000e+00       5.60519e-44       0.00000e+00
 114.3000000       0.00000e+00       5.60519e-43       0.00000e+00
 114.4000000       0.00000e+00       1.17709e-41       0.00000e+00
 114.5000000       0.00000e+00       8.64881e-41       0.00000e+00
 114.6000000       0.00000e+00       1.41548e-39       0.00000e+00
 114.7000000       0.00000e+00       1.02062e-38       0.00000e+00
 114.8000000       0.00000e+00       1.37081e-37       0.00000e+00
 114.9000000       0.00000e+00       9.65002e-37       0.00000e+00
 115.0000000       0.00000e+00       1.06940e-35       0.00000e+00
 115.1000000       0.00000e+00       7.31282e-35       0.00000e+00
 115.2000000       0.00000e+00       6.72664e-34       0.00000e+00
 115.3000000       0.00000e+00       4.44211e-33       0.00000e+00
 115.4000000       3.08149e-32       3.41508e-32       0.00000e+00
 115.5000000       2.15704e-31       2.16325e-31       0.00000e+00
 115.6000000       1.38667e-30       1.40089e-30       0.00000e+00
 115.7000000       8.44328e-30       8.44732e-30       0.00000e+00
 115.8000000       4.64997e-29       4.64792e-29       0.00000e+00
 115.9000000       2.64577e-28       2.64562e-28       0.00000e+00
 116.0000000       1.24850e-27       1.24849e-27       0.00000e+00
 116.1000000       6.64745e-27       6.64745e-27       0.00000e+00
 116.2000000       2.71733e-26       2.71733e-26       0.00000e+00
 116.3000000       1.34045e-25       1.34045e-25       0.00000e+00
 116.4000000       4.79512e-25       4.79512e-25       0.00000e+00
 116.5000000       2.17020e-24       2.17020e-24       0.00000e+00
 116.6000000       6.86310e-24       6.86310e-24       0.00000e+00
 116.7000000       2.82240e-23       2.82240e-23       0.00000e+00
 116.8000000       7.96797e-23       7.96797e-23       0.00000e+00
 116.9000000       2.95036e-22       2.95036e-22       0.00000e+00
 117.0000000       7.50259e-22       7.50259e-22       0.00000e+00
 117.1000000       2.48078e-21       2.48078e-21       0.00000e+00
 117.2000000       5.72718e-21       5.72718e-21       0.00000e+00
 117.3000000       1.67936e-20       1.67936e-20       0.00000e+00
 117.4000000       3.54250e-20       3.54250e-20       0.00000e+00
 117.5000000       9.16259e-20       9.16259e-20       0.00000e+00
 117.6000000       1.77453e-19       1.77453e-19       0.00000e+00
 117.7000000       4.03466e-19       4.03466e-19       0.00000e+00
 117.8000000       7.19624e-19       7.19624e-19       0.00000e+00
 117.9000000       1.43646e-18       1.43646e-18       0.00000e+00
 118.0000000       2.36281e-18       2.36281e-18       0.00000e+00
 118.1000000       4.14551e-18       4.14551e-18       0.00000e+00
 118.2000000       6.28818e-18       6.28818e-18       0.00000e+00
 118.3000000       9.73431e-18       9.73431e-18       0.00000e+00
 118.4000000       1.36040e-17       1.36040e-17       0.00000e+00
 118.5000000       1.87116e-17       1.87116e-17       0.00000e+00
 118.6000000       2.40759e-17       2.40759e-17       0.00000e+00
 118.7000000       2.97421e-17       2.97421e-17       0.00000e+00
 118.8000000       3.52805e-17       3.52805e-17       0.00000e+00
 118.9000000       3.97499e-17       3.97499e-17       0.00000e+00
 119.0000000       4.37309e-17       4.37309e-17       0.00000e+00
 119.1000000       4.58507e-17       4.58507e-17       0.00000e+00
 119.2000000       4.73914e-17       4.73914e-17       0.00000e+00
 119.3000000       4.73190e-17       4.73190e-17       0.00000e+00
 119.4000000       4.68355e-17       4.68355e-17       0.00000e+00
 119.5000000       4.54996e-17       4.54996e-17       0.00000e+00
 119.6000000       4.39894e-17       4.39894e-17       0.00000e+00
 119.7000000       4.22859e-17       4.22859e-17       0.00000e+00
 119.8000000       4.06049e-17       4.06049e-17       0.00000e+00
 119.9000000       3.92519e-17       3.92519e-17       0.00000e+00
 120.0000000       3.80838e-17       3.80838e-17       0.00000e+00
 120.1000000       3.76968e-17       3.76968e-17       0.00000e+00
 120.2000000       3.75938e-17       3.75938e-17       0.00000e+00
 120.3000000       3.84142e-17       3.84142e-17       0.00000e+00
 120.4000000       3.94925e-17       3.94925e-17       0.00000e+00
 120.5000000       4.11942e-17       4.11942e-17       0.00000e+00
 120.6000000       4.30365e-17       4.30365e-17       0.00000e+00
 120.7000000       4.50989e-17       4.50989e-17       0.00000e+00
 120.8000000       4.72053e-17       4.72053e-17       0.00000e+00
 120.9000000       4.93560e-17       4.93560e-17       0.00000e+00
 121.0000000       5.14846e-17       5.14846e-17       0.00000e+00
 121.1000000       5.34366e-17       5.34366e-17       0.00000e+00
 121.2000000       5.52045e-17       5.52045e-17       0.00000e+00
 121.3000000       5.60443e-17       5.60443e-17       0.00000e+00
 121.4000000       5.64082e-17       5.64082e-17       0.00000e+00
 121.5000000       5.48448e-17       5.48448e-17       0.00000e+00
 121.6000000       5.26083e-17       5.26083e-17       0.00000e+00
 121.7000000       4.82604e-17       4.82604e-17       0.00000e+00
 121.8000000       4.34133e-17       4.34133e-17       0.00000e+00
 121.9000000       3.76821e-17       3.76821e-17       0.00000e+00
 122.0000000       3.19795e-17       3.19795e-17       0.00000e+00
 122.1000000       2.73323e-17       2.73323e-17       0.00000e+00
 122.2000000       2.32626e-17       2.32626e-17       0.00000e+00
 122.3000000       2.16027e-17       2.16027e-17       0.00000e+00
 122.4000000       2.07583e-17       2.07583e-17       0.00000e+00
 122.5000000       2.23968e-17       2.23968e-17       0.00000e+00
 122.6000000       2.46980e-17       2.46980e-17       0.00000e+00
 122.7000000       2.84923e-17       2.84923e-17       0.00000e+00
 122.8000000       3.25523e-17       3.25523e-17       0.00000e+00
 122.9000000       3.67135e-17       3.67135e-17       0.00000e+00
 123.0000000       4.07258e-17       4.07258e-17       0.00000e+00
 123.1000000       4.37433e-17       4.37433e-17       0.00000e+00
 123.2000000       4.63848e-17       4.63848e-17       0.00000e+00
 123.3000000       4.77652e-17       4.77652e-17       0.00000e+00
 123.4000000       4.88146e-17       4.88146e-17       0.00000e+00
 123.5000000       4.91397e-17       4.91397e-17       0.00000e+00
 123.6000000       4.93187e-17       4.93187e-17       0.00000e+00
 123.7000000       4.93455e-17       4.93455e-17       0.00000e+00
 123.8000000       4.93072e-17       4.93072e-17       0.00000e+00
 123.9000000       4.90308e-17       4.90308e-17       0.00000e+00
 124.0000000       4.86058e-17       4.86058e-17       0.00000e+00
 124.1000000       4.75269e-17       4.75269e-17       0.00000e+00
 124.2000000       4.62408e-17       4.62408e-17       0.00000e+00
 124.3000000       4.43655e-17       4.43655e-17       0.00000e+00
 124.4000000       4.23882e-17       4.23882e-17       0.00000e+00
 124.5000000       4.03886e-17       4.03886e-17       0.00000e+00
 124.6000000       3.84462e-17       3.84462e-17       0.00000e+00
 124.7000000       3.68697e-17       3.68697e-17       0.00000e+00
 124.8000000       3.54067e-17       3.54067e-17       0.00000e+00
 124.9000000       3.42592e-17       3.42592e-17       0.00000e+00
 125.0000000       3.31938e-17       3.31938e-17       0.00000e+00
 125.1000000       3.23065e-17       3.23065e-17       0.00000e+00
 125.2000000       3.14680e-17       3.14680e-17       0.00000e+00
 125.3000000       3.07450e-17       3.07450e-17       0.00000e+00
 125.4000000       3.00261e-17       3.00261e-17       0.00000e+00
 125.5000000       2.92165e-17       2.92165e-17       0.00000e+00
 125.6000000       2.83313e-17       2.83313e-17       0.00000e+00
 125.7000000       2.70838e-17       2.70838e-17       0.00000e+00
 125.8000000       2.57482e-17       2.57482e-17       0.00000e+00
 125.9000000       2.42471e-17       2.42471e-17       0.00000e+00
 126.0000000       2.28346e-17       2.28346e-17       0.00000e+00
 126.1000000       2.21191e-17       2.21191e-17       0.00000e+00
 126.2000000       2.17797e-17       2.17797e-17       0.00000e+00
 126.3000000       2.29993e-17       2.29993e-17       0.00000e+00
 126.4000000       2.47182e-17       2.47182e-17       0.00000e+00
 126.5000000       2.78750e-17       2.78750e-17       0.00000e+00
 126.6000000       3.12805e-17       3.12805e-17       0.00000e+00
 126.7000000       3.47402e-17       3.47402e-17       0.00000e+00
 126.8000000       3.79220e-17       3.79220e-17       0.00000e+00
 126.9000000       3.93818e-17       3.93818e-17       0.00000e+00
 127.0000000       4.01321e-17       4.01321e-17       0.00000e+00
 127.1000000       3.83480e-17       3.83480e-17       0.00000e+00
 127.2000000       3.58396e-17       3.58396e-17       0.00000e+00
 127.3000000       3.15196e-17       3.15196e-17       0.00000e+00
 127.4000000       2.68533e-17       2.68533e-17       0.00000e+00
 127.5000000       2.19209e-17       2.19209e-17       0.00000e+00
 127.6000000       1.71074e-17       1.71074e-17       0.00000e+00
 127.7000000       1.32731e-17       1.32731e-17       0.00000e+00
 127.8000000       9.84659e-18       9.84659e-18       0.00000e+00
 127.9000000       7.88783e-18       7.88783e-18       0.00000e+00
 128.0000000       6.41316e-18       6.41316e-18       0.00000e+00
 128.1000000       6.37527e-18       6.37527e-18       0.00000e+00
 128.2000000       6.76506e-18       6.76506e-18       0.00000e+00
 128.3000000       8.28422e-18       8.28422e-18       0.00000e+00
 128.4000000       1.00727e-17       1.00727e-17       0.00000e+00
 128.5000000       1.23481e-17       1.23481e-17       0.00000e+00
 128.6000000       1.46269e-17       1.46269e-17       0.00000e+00
 128.7000000       1.64398e-17       1.64398e-17       0.00000e+00
 128.8000000       1.79653e-17       1.79653e-17       0.00000e+00
 128.9000000       1.82328e-17       1.82328e-17       0.00000e+00
 129.0000000       1.80711e-17       1.80711e-17       0.00000e+00
 129.1000000       1.65928e-17       1.65928e-17       0.00000e+00
 129.2000000       1.47892e-17       1.47892e-17       0.00000e+00
 129.3000000       1.23501e-17       1.23501e-17       0.00000e+00
 129.4000000       9.83647e-18       9.83647e-18       0.00000e+00
 129.5000000       7.51094e-18       7.51094e-18       0.00000e+00
 129.6000000       5.31769e-18       5.31769e-18       0.00000e+00
 129.7000000       3.73003e-18       3.73003e-18       0.00000e+00
 129.8000000       2.33765e-18       2.33765e-18       0.00000e+00
 129.9000000       1.51144e-18       1.51144e-18       0.00000e+00
 130.0000000       8.36023e-19       8.36023e-19       0.00000e+00
 130.1000000       4.99239e-19       4.99239e-19       0.00000e+00
 130.2000000       2.43358e-19       2.43358e-19       0.00000e+00
 130.3000000       1.34266e-19       1.34266e-19       0.00000e+00
 130.4000000       5.76838e-20       5.76838e-20       0.00000e+00
 130.5000000       2.93639e-20       2.93639e-20       0.00000e+00
 130.6000000       1.11382e-20       1.11382e-20       0.00000e+00
 130.7000000       5.21505e-21       5.21505e-21       0.00000e+00
 130.8000000       1.75253e-21       1.75253e-21       0.00000e+00
 130.9000000       7.51109e-22       7.51109e-22       0.00000e+00
 131.0000000       2.24747e-22       2.24747e-22       0.00000e+00
 131.1000000       8.76103e-23       8.76103e-23       0.00000e+00
 131.2000000       2.34926e-23       2.34926e-23       0.00000e+00
 131.3000000       8.26506e-24       8.26506e-24       0.00000e+00
 131.4000000       2.00132e-24       2.00132e-24       0.00000e+00
 131.5000000       6.29854e-25       6.29854e-25       0.00000e+00
 131.6000000       1.38900e-25       1.38900e-25       0.00000e+00
 131.7000000       3.87301e-26       3.87301e-26       0.00000e+00
 131.8000000       7.85163e-27       7.85163e-27       0.00000e+00
 131.9000000       1.93370e-27       1.93370e-27       0.00000e+00
 132.0000000       4.27464e-28       4.27464e-28       0.00000e+00
 132.1000000       4.30915e-28       4.30915e-28       0.00000e+00
 132.2000000       1.46235e-27       1.46235e-27       0.00000e+00
 132.3000000       7.15102e-27       7.15102e-27       0.00000e+00
 132.4000000       2.55729e-26       2.55729e-26       0.00000e+00
 132.5000000       1.15735e-25       1.15735e-25       0.00000e+00
 132.6000000       3.65991e-25       3.65991e-25       0.00000e+00
 132.7000000       1.50506e-24       1.50506e-24       0.00000e+00
 132.8000000       4.24869e-24       4.24869e-24       0.00000e+00
 132.9000000       1.57308e-23       1.57308e-23       0.00000e+00
 133.0000000       3.99980e-23       3.99980e-23       0.00000e+00
 133.1000000       1.32237e-22       1.32237e-22       0.00000e+00
 133.2000000       3.05224e-22       3.05224e-22       0.00000e+00
 133.3000000       8.94732e-22       8.94732e-22       0.00000e+00
 133.4000000       1.88672e-21       1.88672e-21       0.00000e+00
 133.5000000       4.87708e-21       4.87708e-21       0.00000e+00
 133.6000000       9.43980e-21       9.43980e-21       0.00000e+00
 133.7000000       2.14383e-20       2.14383e-20       0.00000e+00
 133.8000000       3.81973e-20       3.81973e-20       0.00000e+00
 133.9000000       7.60837e-20       7.60837e-20       0.00000e+00
 134.0000000       1.24923e-19       1.24923e-19       0.00000e+00
 134.1000000       2.18350e-19       2.18350e-19       0.00000e+00
 134.2000000       3.30225e-19       3.30225e-19       0.00000e+00
 134.3000000       5.08193e-19       5.08193e-19       0.00000e+00
 134.4000000       7.07183e-19       7.07183e-19       0.00000e+00
 134.5000000       9.66217e-19       9.66217e-19       0.00000e+00
 134.6000000       1.23892e-18       1.23892e-18       0.00000e+00
 134.7000000       1.53356e-18       1.53356e-18       0.00000e+00
 134.8000000       1.83592e-18       1.83592e-18       0.00000e+00
 134.9000000       2.16258e-18       2.16258e-18       0.00000e+00
 135.0000000       2.52751e-18       2.52751e-18       0.00000e+00
 135.1000000       3.09780e-18       3.09780e-18       0.00000e+00
 135.2000000       3.80451e-18       3.80451e-18       0.00000e+00
 135.3000000       5.12441e-18       5.12441e-18       0.00000e+00
 135.4000000       6.71154e-18       6.71154e-18       0.00000e+00
 135.5000000       9.28883e-18       9.28883e-18       0.00000e+00
 135.6000000       1.21643e-17       1.21643e-17       0.00000e+00
 135.7000000       1.58383e-17       1.58383e-17       0.00000e+00
 135.8000000       1.96014e-17       1.96014e-17       0.00000e+00
 135.9000000       2.31006e-17       2.31006e-17       0.00000e+00
 136.0000000       2.62798e-17       2.62798e-17       0.00000e+00
 136.1000000       2.78032e-17       2.78032e-17       0.00000e+00
 136.2000000       2.86761e-17       2.86761e-17       0.00000e+00
 136.3000000       2.73007e-17       2.73007e-17       0.00000e+00
 136.4000000       2.52994e-17       2.52994e-17       0.00000e+00
 136.5000000       2.17911e-17       2.17911e-17       0.00000e+00
 136.6000000       1.80124e-17       1.80124e-17       0.00000e+00
 136.7000000       1.41179e-17       1.41179e-17       0.00000e+00
 136.8000000       1.03450e-17       1.03450e-17       0.00000e+00
 136.9000000       7.41674e-18       7.41674e-18       0.00000e+00
 137.0000000       4.79358e-18       4.79358e-18       0.00000e+00
 137.1000000       3.15629e-18       3.15629e-18       0.00000e+00
 137.2000000       1.79288e-18       1.79288e-18       0.00000e+00
 137.3000000       1.08693e-18       1.08693e-18       0.00000e+00
 137.4000000       5.41597e-19       5.41597e-19       0.00000e+00
 137.5000000       3.02556e-19       3.02556e-19       0.00000e+00
 137.6000000       1.32243e-19       1.32243e-19       0.00000e+00
 137.7000000       6.80156e-20       6.80156e-20       0.00000e+00
 137.8000000       2.61682e-20       2.61682e-20       0.00000e+00
 137.9000000       1.25157e-20       1.25157e-20       0.00000e+00
 138.0000000       4.67855e-21       4.67855e-21       0.00000e+00
 138.1000000       3.53799e-21       3.53799e-21       0.00000e+00
 138.2000000       4.70664e-21       4.70664e-21       0.00000e+00
 138.3000000       1.30339e-20       1.30339e-20       0.00000e+00
 138.4000000       2.80717e-20       2.80717e-20       0.00000e+00
 138.5000000       7.62144e-20       7.62144e-20       0.00000e+00
 138.6000000       1.52553e-19       1.52553e-19       0.00000e+00
 138.7000000       3.64963e-19       3.64963e-19       0.00000e+00
 138.8000000       6.71970e-19       6.71970e-19       0.00000e+00
 138.9000000       1.41049e-18       1.41049e-18       0.00000e+00
 139.0000000       2.39237e-18       2.39237e-18       0.00000e+00
 139.1000000       4.40291e-18       4.40291e-18       0.00000e+00
 139.2000000       6.87808e-18       6.87808e-18       0.00000e+00
 139.3000000       1.11124e-17       1.11124e-17       0.00000e+00
 139.4000000       1.59563e-17       1.59563e-17       0.00000e+00
 139.5000000       2.26985e-17       2.26985e-17       0.00000e+00
 139.6000000       2.98495e-17       2.98495e-17       0.00000e+00
 139.7000000       3.75555e-17       3.75555e-17       0.00000e+00
 139.8000000       4.50055e-17       4.50055e-17       0.00000e+00
 139.9000000       5.03645e-17       5.03645e-17       0.00000e+00
 140.0000000       5.46726e-17       5.46726e-17       0.00000e+00
 140.1000000       5.47675e-17       5.47675e-17       0.00000e+00
 140.2000000       5.35032e-17       5.35032e-17       0.00000e+00
 140.3000000       4.82972e-17       4.82972e-17       0.00000e+00
 140.4000000       4.21796e-17       4.21796e-17       0.00000e+00
 140.5000000       3.45338e-17       3.45338e-17       0.00000e+00
 140.6000000       2.67932e-17       2.67932e-17       0.00000e+00
 140.7000000       2.00120e-17       2.00120e-17       0.00000e+00
 140.8000000       1.37185e-17       1.37185e-17       0.00000e+00
 140.9000000       9.39198e-18       9.39198e-18       0.00000e+00
 141.0000000       5.66478e-18       5.66478e-18       0.00000e+00
 141.1000000       3.56668e-18       3.56668e-18       0.00000e+00
 141.2000000       1.88776e-18       1.88776e-18       0.00000e+00
 141.3000000       1.09491e-18       1.09491e-18       0.00000e+00
 141.4000000       5.08097e-19       5.08097e-19       0.00000e+00
 141.5000000       2.71427e-19       2.71427e-19       0.00000e+00
 141.6000000       1.10550e-19       1.10550e-19       0.00000e+00
 141.7000000       5.42794e-20       5.42794e-20       0.00000e+00
 141.8000000       1.94611e-20       1.94611e-20       0.00000e+00
 141.9000000       8.74777e-21       8.74777e-21       0.00000e+00
 142.0000000       2.77427e-21       2.77427e-21       0.00000e+00
 142.1000000       1.13513e-21       1.13513e-21       0.00000e+00
 142.2000000       3.20493e-22       3.20493e-22       0.00000e+00
 142.3000000       1.18502e-22       1.18502e-22       0.00000e+00
 142.4000000       3.00204e-23       3.00204e-23       0.00000e+00
 142.5000000       9.94549e-24       9.94549e-24       0.00000e+00
 142.6000000       2.28077e-24       2.28077e-24       0.00000e+00
 142.7000000       6.70624e-25       6.70624e-25       0.00000e+00
 142.8000000       1.40548e-25       1.40548e-25       0.00000e+00
 142.9000000       3.63123e-26       3.63123e-26       0.00000e+00
 143.0000000       7.02382e-27       7.02382e-27       0.00000e+00
 143.1000000       1.57871e-27       1.57871e-27       0.00000e+00
 143.2000000       2.84976e-28       2.84976e-28       0.00000e+00
 143.3000000       5.52203e-29       5.52203e-29       0.00000e+00
 143.4000000       8.87469e-30       8.87469e-30       0.00000e+00
 143.5000000       1.97215e-30       1.97215e-30       0.00000e+00
 143.6000000       0.00000e+00       0.00000e+00       0.00000e+00
 143.7000000       0.00000e+00       0.00000e+00       0.00000e+00
 143.8000000       0.00000e+00       0.00000e+00       0.00000e+00
 143.9000000       0.00000e+00       0.00000e+00       0.00000e+00
 144.0000000       0.00000e+00       0.00000e+00       0.00000e+00
 144.1000000       0.00000e+00       0.00000e+00       0.00000e+00
 144.2000000       0.00000e+00       0.00000e+00       0.00000e+00
 144.3000000       0.00000e+00       0.00000e+00       0.00000e+00
 144.4000000       0.00000e+00       0.00000e+00       0.00000e+00
 144.5000000       0.00000e+00       0.00000e+00       0.00000e+00
 144.6000000       0.00000e+00       0.00000e+00       0.00000e+00
 144.7000000       0.00000e+00       0.00000e+00       0.00000e+00
 144.8000000       0.00000e+00       0.00000e+00       0.00000e+00
 144.9000000       0.00000e+00       0.00000e+00       0.00000e+00
 145.0000000       9.86076e-31       9.86076e-31       0.00000e+00
 145.1000000       4.93038e-30       4.93038e-30       0.00000e+00
 145.2000000       2.07076e-29       2.07076e-29       0.00000e+00
 145.3000000       1.06496e-28       1.06496e-28       0.00000e+00
 145.4000000       3.87528e-28       3.87528e-28       0.00000e+00
 145.5000000       1.77001e-27       1.77001e-27       0.00000e+00
 145.6000000       5.66304e-27       5.66304e-27       0.00000e+00
 145.7000000       2.35209e-26       2.35209e-26       0.00000e+00
 145.8000000       6.71271e-26       6.71271e-26       0.00000e+00
 145.9000000       2.51260e-25       2.51260e-25       0.00000e+00
 146.0000000       6.45340e-25       6.45340e-25       0.00000e+00
 146.1000000       2.15858e-24       2.15858e-24       0.00000e+00
 146.2000000       5.02921e-24       5.02921e-24       0.00000e+00
 146.3000000       1.49250e-23       1.49250e-23       0.00000e+00
 146.4000000       3.17503e-23       3.17503e-23       0.00000e+00
 146.5000000       8.31269e-23       8.31269e-23       0.00000e+00
 146.6000000       1.62250e-22       1.62250e-22       0.00000e+00
 146.7000000       3.73301e-22       3.73301e-22       0.00000e+00
 146.8000000       6.70546e-22       6.70546e-22       0.00000e+00
 146.9000000       1.35303e-21       1.35303e-21       0.00000e+00
 147.0000000       2.23920e-21       2.23920e-21       0.00000e+00
 147.1000000       3.96224e-21       3.96224e-21       0.00000e+00
 147.2000000       6.03688e-21       6.03688e-21       0.00000e+00
 147.3000000       9.38431e-21       9.38431e-21       0.00000e+00
 147.4000000       1.31301e-20       1.31301e-20       0.00000e+00
 147.5000000       1.79930e-20       1.79930e-20       0.00000e+00
 147.6000000       2.30244e-20       2.30244e-20       0.00000e+00
 147.7000000       2.79503e-20       2.79503e-20       0.00000e+00
 147.8000000       3.25373e-20       3.25373e-20       0.00000e+00
 147.9000000       3.51972e-20       3.51972e-20       0.00000e+00
 148.0000000       3.70443e-20       3.70443e-20       0.00000e+00
 148.1000000       3.59424e-20       3.59424e-20       0.00000e+00
 148.2000000       3.39751e-20       3.39751e-20       0.00000e+00
 148.3000000       2.97644e-20       2.97644e-20       0.00000e+00
 148.4000000       2.51033e-20       2.51033e-20       0.00000e+00
 148.5000000       1.99832e-20       1.99832e-20       0.00000e+00
 148.6000000       1.49467e-20       1.49467e-20       0.00000e+00
 148.7000000       1.08718e-20       1.08718e-20       0.00000e+00
 148.8000000       7.17634e-21       7.17634e-21       0.00000e+00
 148.9000000       4.79629e-21       4.79629e-21       0.00000e+00
 149.0000000       2.79768e-21       2.79768e-21       0.00000e+00
 149.1000000       1.77231e-21       1.77231e-21       0.00000e+00
 149.2000000       1.02073e-21       1.02073e-21       0.00000e+00
 149.3000000       9.38653e-22       9.38653e-22       0.00000e+00
 149.4000000       1.16253e-21       1.16253e-21       0.00000e+00
 149.5000000       2.55265e-21       2.55265e-21       0.00000e+00
 149.6000000       4.76434e-21       4.76434e-21       0.00000e+00
 149.7000000       1.07392e-20       1.07392e-20       0.00000e+00
 149.8000000       1.91018e-20       1.91018e-20       0.00000e+00
 149.9000000       3.80284e-20       3.80284e-20       0.00000e+00
 150.0000000       6.24165e-20       6.24165e-20       0.00000e+00
 150.1000000       1.09011e-19       1.09011e-19       0.00000e+00
 150.2000000       1.64703e-19       1.64703e-19       0.00000e+00
 150.3000000       2.52776e-19       2.52776e-19       0.00000e+00
 150.4000000       3.50600e-19       3.50600e-19       0.00000e+00
 150.5000000       4.74547e-19       4.74547e-19       0.00000e+00
 150.6000000       6.01685e-19       6.01685e-19       0.00000e+00
 150.7000000       7.21834e-19       7.21834e-19       0.00000e+00
 150.8000000       8.32110e-19       8.32110e-19       0.00000e+00
 150.9000000       8.90129e-19       8.90129e-19       0.00000e+00
 151.0000000       9.27110e-19       9.27110e-19       0.00000e+00
 151.1000000       8.90129e-19       8.90129e-19       0.00000e+00
 151.2000000       8.32110e-19       8.32110e-19       0.00000e+00
 151.3000000       7.21834e-19       7.21834e-19       0.00000e+00
 151.4000000       6.01685e-19       6.01685e-19       0.00000e+00
 151.5000000       4.74547e-19       4.74547e-19       0.00000e+00
 151.6000000       3.50600e-19       3.50600e-19       0.00000e+00
 151.7000000       2.52776e-19       2.52776e-19       0.00000e+00
 151.8000000       1.64704e-19       1.64704e-19       0.00000e+00
 151.9000000       1.09016e-19       1.09016e-19       0.00000e+00
 152.0000000       6.24325e-20       6.24325e-20       0.00000e+00
 152.1000000       3.80864e-20       3.80864e-20       0.00000e+00
 152.2000000       1.92471e-20       1.92471e-20       0.00000e+00
 152.3000000       1.12108e-20       1.12108e-20       0.00000e+00
 152.4000000       5.83672e-21       5.83672e-21       0.00000e+00
 152.5000000       5.63306e-21       5.63306e-21       0.00000e+00
 152.6000000       7.56316e-21       7.56316e-21       0.00000e+00
 152.7000000       1.71254e-20       1.71254e-20       0.00000e+00
 152.8000000       3.18969e-20       3.18969e-20       0.00000e+00
 152.9000000       7.02916e-20       7.02916e-20       0.00000e+00
 153.0000000       1.23097e-19       1.23097e-19       0.00000e+00
 153.1000000       2.38740e-19       2.38740e-19       0.00000e+00
 153.2000000       3.85475e-19       3.85475e-19       0.00000e+00
 153.3000000       6.55916e-19       6.55916e-19       0.00000e+00
 153.4000000       9.74463e-19       9.74463e-19       0.00000e+00
 153.5000000       1.45794e-18       1.45794e-18       0.00000e+00
 153.6000000       1.98694e-18       1.98694e-18       0.00000e+00
 153.7000000       2.62411e-18       2.62411e-18       0.00000e+00
 153.8000000       3.26592e-18       3.26592e-18       0.00000e+00
 153.9000000       3.82733e-18       3.82733e-18       0.00000e+00
 154.0000000       4.32566e-18       4.32566e-18       0.00000e+00
 154.1000000       4.52587e-18       4.52587e-18       0.00000e+00
 154.2000000       4.61555e-18       4.61555e-18       0.00000e+00
 154.3000000       4.34013e-18       4.34013e-18       0.00000e+00
 154.4000000       3.96730e-18       3.96730e-18       0.00000e+00
 154.5000000       3.37500e-18       3.37500e-18       0.00000e+00
 154.6000000       2.74740e-18       2.74740e-18       0.00000e+00
 154.7000000       2.12746e-18       2.12746e-18       0.00000e+00
 154.8000000       1.53333e-18       1.53333e-18       0.00000e+00
 154.9000000       1.08643e-18       1.08643e-18       0.00000e+00
 155.0000000       6.89990e-19       6.89990e-19       0.00000e+00
 155.1000000       4.49099e-19       4.49099e-19       0.00000e+00
 155.2000000       2.50503e-19       2.50503e-19       0.00000e+00
 155.3000000       1.50130e-19       1.50130e-19       0.00000e+00
 155.4000000       7.34300e-20       7.34300e-20       0.00000e+00
 155.5000000       4.05446e-20       4.05446e-20       0.00000e+00
 155.6000000       1.73938e-20       1.73938e-20       0.00000e+00
 155.7000000       8.83658e-21       8.83658e-21       0.00000e+00
 155.8000000       3.33241e-21       3.33241e-21       0.00000e+00
 155.9000000       1.55269e-21       1.55269e-21       0.00000e+00
 156.0000000       5.16832e-22       5.16832e-22       0.00000e+00
 156.1000000       2.19747e-22       2.19747e-22       0.00000e+00
 156.2000000       6.49395e-23       6.49395e-23       0.00000e+00
 156.3000000       2.50282e-23       2.50282e-23       0.00000e+00
 156.4000000       6.61475e-24       6.61475e-24       0.00000e+00
 156.5000000       2.29233e-24       2.29233e-24       0.00000e+00
 156.6000000       5.46440e-25       5.46440e-25       0.00000e+00
 156.7000000       1.68725e-25       1.68725e-25       0.00000e+00
 156.8000000       3.66150e-26       3.66150e-26       0.00000e+00
 156.9000000       9.97416e-27       9.97416e-27       0.00000e+00
 157.0000000       1.98990e-27       1.98990e-27       0.00000e+00
 157.1000000       4.73317e-28       4.73317e-28       0.00000e+00
 157.2000000       8.77608e-29       8.77608e-29       0.00000e+00
 157.3000000       1.77494e-29       1.77494e-29       0.00000e+00
 157.4000000       2.95823e-30       2.95823e-30       0.00000e+00
 157.5000000       9.86076e-31       9.86076e-31       0.00000e+00
 157.6000000       0.00000e+00       0.00000e+00       0.00000e+00
 157.7000000       0.00000e+00       0.00000e+00       0.00000e+00
 157.8000000       0.00000e+00       0.00000e+00       0.00000e+00
 157.9000000       0.00000e+00       0.00000e+00       0.00000e+00
 158.0000000       0.00000e+00       0.00000e+00       0.00000e+00
 158.1000000       0.00000e+00       0.00000e+00       0.00000e+00
 158.2000000       0.00000e+00       0.00000e+00       0.00000e+00
 158.3000000       0.00000e+00       0.00000e+00       0.00000e+00
 158.4000000       0.00000e+00       0.00000e+00       0.00000e+00
 158.5000000       0.00000e+00       0.00000e+00       0.00000e+00
 158.6000000       0.00000e+00       0.00000e+00       0.00000e+00
 158.7000000       0.00000e+00       0.00000e+00       0.00000e+00
 158.8000000       0.00000e+00       0.00000e+00       0.00000e+00
 158.9000000       0.00000e+00       0.00000e+00       0.00000e+00
 159.0000000       0.00000e+00       0.00000e+00       0.00000e+00
 159.1000000       0.00000e+00       0.00000e+00       0.00000e+00
 159.2000000       0.00000e+00       0.00000e+00       0.00000e+00
 159.3000000       0.00000e+00       0.00000e+00       0.00000e+00
 159.4000000       0.00000e+00       0.00000e+00       0.00000e+00
 159.5000000       0.00000e+00       0.00000e+00       0.00000e+00
 159.6000000       0.00000e+00       0.00000e+00       0.00000e+00
 159.7000000       0.00000e+00       0.00000e+00       0.00000e+00
 159.8000000       0.00000e+00       0.00000e+00       0.00000e+00
 159.9000000       0.00000e+00       0.00000e+00       0.00000e+00
 160.0000000       0.00000e+00       0.00000e+00       0.00000e+00
 160.1000000       0.00000e+00       0.00000e+00       0.00000e+00
 160.2000000       0.00000e+00       0.00000e+00       0.00000e+00
 160.3000000       0.00000e+00       0.00000e+00       0.00000e+00
 160.4000000       0.00000e+00       0.00000e+00       0.00000e+00
 160.5000000       0.00000e+00       0.00000e+00       0.00000e+00
 160.6000000       0.00000e+00       0.00000e+00       0.00000e+00
 160.7000000       0.00000e+00       0.00000e+00       0.00000e+00
 160.8000000       0.00000e+00       0.00000e+00       0.00000e+00
 160.9000000       0.00000e+00       0.00000e+00       0.00000e+00
 161.0000000       0.00000e+00       0.00000e+00       0.00000e+00
 161.1000000       0.00000e+00       0.00000e+00       0.00000e+00
 161.2000000       0.00000e+00       0.00000e+00       0.00000e+00
 161.3000000       0.00000e+00       0.00000e+00       0.00000e+00
 161.4000000       0.00000e+00       0.00000e+00       0.00000e+00
 161.5000000       0.00000e+00       0.00000e+00       0.00000e+00
 161.6000000       0.00000e+00       0.00000e+00       0.00000e+00
 161.7000000       0.00000e+00       0.00000e+00       0.00000e+00
 161.8000000       0.00000e+00       0.00000e+00       0.00000e+00
 161.9000000       0.00000e+00       0.00000e+00       0.00000e+00
 162.0000000       0.00000e+00       0.00000e+00       0.00000e+00
 162.1000000       0.00000e+00       0.00000e+00       0.00000e+00
 162.2000000       0.00000e+00       0.00000e+00       0.00000e+00
 162.3000000       0.00000e+00       0.00000e+00       0.00000e+00
 162.4000000       0.00000e+00       0.00000e+00       0.00000e+00
 162.5000000       0.00000e+00       0.00000e+00       0.00000e+00
 162.6000000       0.00000e+00       0.00000e+00       0.00000e+00
 162.7000000       0.00000e+00       0.00000e+00       0.00000e+00
 162.8000000       0.00000e+00       0.00000e+00       0.00000e+00
 162.9000000       0.00000e+00       0.00000e+00       0.00000e+00
 163.0000000       0.00000e+00       0.00000e+00       0.00000e+00
 163.1000000       0.00000e+00       0.00000e+00       0.00000e+00
 163.2000000       0.00000e+00       0.00000e+00       0.00000e+00
 163.3000000       0.00000e+00       0.00000e+00       0.00000e+00
 163.4000000       0.00000e+00       0.00000e+00       0.00000e+00
 163.5000000       0.00000e+00       0.00000e+00       0.00000e+00
 163.6000000       0.00000e+00       0.00000e+00       0.00000e+00
 163.7000000       0.00000e+00       0.00000e+00       0.00000e+00
 163.8000000       0.00000e+00       0.00000e+00       0.00000e+00
 163.9000000       0.00000e+00       0.00000e+00       0.00000e+00
 164.0000000       0.00000e+00       0.00000e+00       0.00000e+00
 164.1000000       0.00000e+00       0.00000e+00       0.00000e+00
 164.2000000       0.00000e+00       0.00000e+00       0.00000e+00
 164.3000000       0.00000e+00       0.00000e+00       0.00000e+00
 164.4000000       0.00000e+00       0.00000e+00       0.00000e+00
 164.5000000       0.00000e+00       0.00000e+00       0.00000e+00
 164.6000000       0.00000e+00       0.00000e+00       0.00000e+00
 164.7000000       0.00000e+00       0.00000e+00       0.00000e+00
 164.8000000       0.00000e+00       0.00000e+00       0.00000e+00
 164.9000000       0.00000e+00       0.00000e+00       0.00000e+00
 165.0000000       0.00000e+00       0.00000e+00       0.00000e+00
 165.1000000       0.00000e+00       0.00000e+00       0.00000e+00
 165.2000000       0.00000e+00       0.00000e+00       0.00000e+00
 165.3000000       0.00000e+00       0.00000e+00       0.00000e+00
 165.4000000       0.00000e+00       0.00000e+00       0.00000e+00
 165.5000000       0.00000e+00       0.00000e+00       0.00000e+00
 165.6000000       0.00000e+00       0.00000e+00       0.00000e+00
 165.7000000       0.00000e+00       0.00000e+00       0.00000e+00
 165.8000000       0.00000e+00       0.00000e+00       0.00000e+00
 165.9000000       0.00000e+00       0.00000e+00       0.00000e+00
 166.0000000       0.00000e+00       0.00000e+00       0.00000e+00
 166.1000000       0.00000e+00       0.00000e+00       0.00000e+00
 166.2000000       0.00000e+00       0.00000e+00       0.00000e+00
 166.3000000       0.00000e+00       0.00000e+00       0.00000e+00
 166.4000000       0.00000e+00       0.00000e+00       0.00000e+00
 166.5000000       0.00000e+00       0.00000e+00       0.00000e+00
 166.6000000       0.00000e+00       0.00000e+00       0.00000e+00
 166.7000000       0.00000e+00       0.00000e+00       0.00000e+00
 166.8000000       0.00000e+00       0.00000e+00       0.00000e+00
 166.9000000       0.00000e+00       0.00000e+00       0.00000e+00
 167.0000000       0.00000e+00       0.00000e+00       0.00000e+00
 167.1000000       0.00000e+00       0.00000e+00       0.00000e+00
 167.2000000       0.00000e+00       0.00000e+00       0.00000e+00
 167.3000000       0.00000e+00       0.00000e+00       0.00000e+00
 167.4000000       0.00000e+00       0.00000e+00       0.00000e+00
 167.5000000       0.00000e+00       0.00000e+00       0.00000e+00
 167.6000000       0.00000e+00       0.00000e+00       0.00000e+00
 167.7000000       0.00000e+00       0.00000e+00       0.00000e+00
 167.8000000       0.00000e+00       0.00000e+00       0.00000e+00
 167.9000000       0.00000e+00       0.00000e+00       0.00000e+00
 168.0000000       0.00000e+00       0.00000e+00       0.00000e+00
 168.1000000       0.00000e+00       0.00000e+00       0.00000e+00
 168.2000000       0.00000e+00       0.00000e+00       0.00000e+00
 168.3000000       0.00000e+00       0.00000e+00       0.00000e+00
 168.4000000       0.00000e+00       0.00000e+00       0.00000e+00
 168.5000000       0.00000e+00       0.00000e+00       0.00000e+00
 168.6000000       0.00000e+00       0.00000e+00       0.00000e+00
 168.7000000       0.00000e+00       0.00000e+00       0.00000e+00
 168.8000000       0.00000e+00       0.00000e+00       0.00000e+00
 168.9000000       0.00000e+00       0.00000e+00       0.00000e+00
 169.0000000       0.00000e+00       0.00000e+00       0.00000e+00
 169.1000000       0.00000e+00       0.00000e+00       0.00000e+00
 169.2000000       0.00000e+00       0.00000e+00       0.00000e+00
 169.3000000       0.00000e+00       0.00000e+00       0.00000e+00
 169.4000000       0.00000e+00       0.00000e+00       0.00000e+00
 169.5000000       0.00000e+00       0.00000e+00       0.00000e+00
 169.6000000       0.00000e+00       0.00000e+00       0.00000e+00
 169.7000000       0.00000e+00       0.00000e+00       0.00000e+00
 169.8000000       0.00000e+00       0.00000e+00       0.00000e+00
 169.9000000       0.00000e+00       0.00000e+00       0.00000e+00
 170.0000000       0.00000e+00       0.00000e+00       0.00000e+00
 170.1000000       0.00000e+00       0.00000e+00       0.00000e+00
 170.2000000       0.00000e+00       0.00000e+00       0.00000e+00
 170.3000000       0.00000e+00       0.00000e+00       0.00000e+00
 170.4000000       0.00000e+00       0.00000e+00       0.00000e+00
 170.5000000       0.00000e+00       0.00000e+00       0.00000e+00
 170.6000000       0.00000e+00       0.00000e+00       0.00000e+00
 170.7000000       0.00000e+00       0.00000e+00       0.00000e+00
 170.8000000       0.00000e+00       0.00000e+00       0.00000e+00
 170.9000000       0.00000e+00       0.00000e+00       0.00000e+00
 171.0000000       0.00000e+00       0.00000e+00       0.00000e+00
 171.1000000       0.00000e+00       0.00000e+00       0.00000e+00
 171.2000000       0.00000e+00       0.00000e+00       0.00000e+00
 171.3000000       0.00000e+00       0.00000e+00       0.00000e+00
 171.4000000       0.00000e+00       0.00000e+00       0.00000e+00
 171.5000000       0.00000e+00       0.00000e+00       0.00000e+00
 171.6000000       0.00000e+00       0.00000e+00       0.00000e+00
 171.7000000       0.00000e+00       0.00000e+00       0.00000e+00
 171.8000000       0.00000e+00       0.00000e+00       0.00000e+00
 171.9000000       0.00000e+00       0.00000e+00       0.00000e+00
 172.0000000       0.00000e+00       0.00000e+00       0.00000e+00
 172.1000000       0.00000e+00       0.00000e+00       0.00000e+00
 172.2000000       0.00000e+00       0.00000e+00       0.00000e+00
 172.3000000       0.00000e+00       0.00000e+00       0.00000e+00
 172.4000000       0.00000e+00       0.00000e+00       0.00000e+00
 172.5000000       0.00000e+00       0.00000e+00       0.00000e+00
 172.6000000       0.00000e+00       0.00000e+00       0.00000e+00
 172.7000000       0.00000e+00       0.00000e+00       0.00000e+00
 172.8000000       0.00000e+00       0.00000e+00       0.00000e+00
 172.9000000       0.00000e+00       0.00000e+00       0.00000e+00
 173.0000000       0.00000e+00       0.00000e+00       0.00000e+00
 173.1000000       0.00000e+00       0.00000e+00       0.00000e+00
 173.2000000       0.00000e+00       0.00000e+00       0.00000e+00
 173.3000000       0.00000e+00       0.00000e+00       0.00000e+00
 173.4000000       0.00000e+00       0.00000e+00       0.00000e+00
 173.5000000       0.00000e+00       0.00000e+00       0.00000e+00
 173.6000000       0.00000e+00       0.00000e+00       0.00000e+00
 173.7000000       0.00000e+00       0.00000e+00       0.00000e+00
 173.8000000       0.00000e+00       0.00000e+00       0.00000e+00
 173.9000000       0.00000e+00       0.00000e+00       0.00000e+00
 174.0000000       0.00000e+00       0.00000e+00       0.00000e+00
 174.1000000       0.00000e+00       0.00000e+00       0.00000e+00
 174.2000000       0.00000e+00       0.00000e+00       0.00000e+00
 174.3000000       0.00000e+00       0.00000e+00       0.00000e+00
 174.4000000       0.00000e+00       0.00000e+00       0.00000e+00
 174.5000000       0.00000e+00       0.00000e+00       0.00000e+00
 174.6000000       0.00000e+00       0.00000e+00       0.00000e+00
 174.7000000       0.00000e+00       0.00000e+00       0.00000e+00
 174.8000000       0.00000e+00       0.00000e+00       0.00000e+00
 174.9000000       0.00000e+00       0.00000e+00       0.00000e+00
 175.0000000       0.00000e+00       0.00000e+00       0.00000e+00
 175.1000000       0.00000e+00       0.00000e+00       0.00000e+00
 175.2000000       0.00000e+00       0.00000e+00       0.00000e+00
 175.3000000       0.00000e+00       0.00000e+00       0.00000e+00
 175.4000000       0.00000e+00       0.00000e+00       0.00000e+00
 175.5000000       0.00000e+00       0.00000e+00       0.00000e+00
 175.6000000       0.00000e+00       0.00000e+00       0.00000e+00
 175.7000000       0.00000e+00       0.00000e+00       0.00000e+00
 175.8000000       0.00000e+00       0.00000e+00       0.00000e+00
 175.9000000       0.00000e+00       0.00000e+00       0.00000e+00
 176.0000000       0.00000e+00       0.00000e+00       0.00000e+00
 176.1000000       0.00000e+00       0.00000e+00       0.00000e+00
 176.2000000       0.00000e+00       0.00000e+00       0.00000e+00
 176.3000000       0.00000e+00       0.00000e+00       0.00000e+00
 176.4000000       0.00000e+00       0.00000e+00       0.00000e+00
 176.5000000       0.00000e+00       0.00000e+00       0.00000e+00
 176.6000000       0.00000e+00       0.00000e+00       0.00000e+00
 176.7000000       0.00000e+00       0.00000e+00       0.00000e+00
 176.8000000       0.00000e+00       0.00000e+00       0.00000e+00
 176.9000000       0.00000e+00       0.00000e+00       0.00000e+00
 177.0000000       0.00000e+00       0.00000e+00       0.00000e+00
 177.1000000       0.00000e+00       0.00000e+00       0.00000e+00
 177.2000000       0.00000e+00       0.00000e+00       0.00000e+00
 177.3000000       0.00000e+00       0.00000e+00       0.00000e+00
 177.4000000       0.00000e+00       0.00000e+00       0.00000e+00
 177.5000000       0.00000e+00       0.00000e+00       0.00000e+00
 177.6000000       0.00000e+00       0.00000e+00       0.00000e+00
 177.7000000       0.00000e+00       0.00000e+00       0.00000e+00
 177.8000000       0.00000e+00       0.00000e+00       0.00000e+00
 177.9000000       0.00000e+00       0.00000e+00       0.00000e+00
 178.0000000       0.00000e+00       0.00000e+00       0.00000e+00
 178.1000000       0.00000e+00       0.00000e+00       0.00000e+00
 178.2000000       0.00000e+00       0.00000e+00       0.00000e+00
 178.3000000       0.00000e+00       0.00000e+00       0.00000e+00
 178.4000000       0.00000e+00       0.00000e+00       0.00000e+00
 178.5000000       0.00000e+00       0.00000e+00       0.00000e+00
 178.6000000       0.00000e+00       0.00000e+00       0.00000e+00
 178.7000000       0.00000e+00       0.00000e+00       0.00000e+00
 178.8000000       0.00000e+00       0.00000e+00       0.00000e+00
 178.9000000       0.00000e+00       0.00000e+00       0.00000e+00
 179.0000000       0.00000e+00       0.00000e+00       0.00000e+00
 179.1000000       0.00000e+00       0.00000e+00       0.00000e+00
 179.2000000       0.00000e+00       0.00000e+00       0.00000e+00
 179.3000000       0.00000e+00       0.00000e+00       0.00000e+00
 179.4000000       0.00000e+00       0.00000e+00       0.00000e+00
 179.5000000       0.00000e+00       0.00000e+00       0.00000e+00
 179.6000000       0.00000e+00       0.00000e+00       0.00000e+00
 179.7000000       0.00000e+00       0.00000e+00       0.00000e+00
 179.8000000       0.00000e+00       0.00000e+00       0.00000e+00
