# Fe photoionisation cross section
# Alan Heays 2016-02-03
# Reference: reed2009,hansen1977,bautista1995,tondello1975,lombardi1978,verner1996
# photoionisation: Photoionisation cross section (cm2)
# Fe+: Fe + hnu -> Fe+ + e- cross section (cm2)
# 
# wavelength   photoabsorption   photoionisation
  18.9000000       7.24741e-18       7.24741e-18
  19.0000000       7.23324e-18       7.23324e-18
  19.1000000       7.21446e-18       7.21446e-18
  19.2000000       7.19581e-18       7.19581e-18
  19.3000000       7.17728e-18       7.17728e-18
  19.4000000       7.15889e-18       7.15889e-18
  19.5000000       7.14061e-18       7.14061e-18
  19.6000000       7.12247e-18       7.12247e-18
  19.7000000       7.10444e-18       7.10444e-18
  19.8000000       7.08654e-18       7.08654e-18
  19.9000000       7.06876e-18       7.06876e-18
  20.0000000       7.05109e-18       7.05109e-18
  20.1000000       7.03354e-18       7.03354e-18
  20.2000000       7.01611e-18       7.01611e-18
  20.3000000       6.99879e-18       6.99879e-18
  20.4000000       6.98159e-18       6.98159e-18
  20.5000000       6.96450e-18       6.96450e-18
  20.6000000       6.94751e-18       6.94751e-18
  20.7000000       6.93064e-18       6.93064e-18
  20.8000000       6.91387e-18       6.91387e-18
  20.9000000       6.89721e-18       6.89721e-18
  21.0000000       6.88066e-18       6.88066e-18
  21.1000000       6.86421e-18       6.86421e-18
  21.2000000       6.84786e-18       6.84786e-18
  21.3000000       6.83162e-18       6.83162e-18
  21.4000000       6.81547e-18       6.81547e-18
  21.5000000       6.79943e-18       6.79943e-18
  21.6000000       6.78348e-18       6.78348e-18
  21.7000000       6.76763e-18       6.76763e-18
  21.8000000       6.75188e-18       6.75188e-18
  21.9000000       6.73623e-18       6.73623e-18
  22.0000000       6.72066e-18       6.72066e-18
  22.1000000       6.70519e-18       6.70519e-18
  22.2000000       6.68982e-18       6.68982e-18
  22.3000000       6.67453e-18       6.67453e-18
  22.4000000       6.65934e-18       6.65934e-18
  22.5000000       6.64423e-18       6.64423e-18
  22.6000000       6.62921e-18       6.62921e-18
  22.7000000       6.61429e-18       6.61429e-18
  22.8000000       6.59944e-18       6.59944e-18
  22.9000000       6.58469e-18       6.58469e-18
  23.0000000       6.57001e-18       6.57001e-18
  23.1000000       6.55542e-18       6.55542e-18
  23.2000000       6.54092e-18       6.54092e-18
  23.3000000       6.52650e-18       6.52650e-18
  23.4000000       6.51216e-18       6.51216e-18
  23.5000000       6.49789e-18       6.49789e-18
  23.6000000       6.48371e-18       6.48371e-18
  23.7000000       6.46961e-18       6.46961e-18
  23.8000000       6.45559e-18       6.45559e-18
  23.9000000       6.44164e-18       6.44164e-18
  24.0000000       6.42777e-18       6.42777e-18
  24.1000000       6.41398e-18       6.41398e-18
  24.2000000       6.40026e-18       6.40026e-18
  24.3000000       6.38661e-18       6.38661e-18
  24.4000000       6.37304e-18       6.37304e-18
  24.5000000       6.35955e-18       6.35955e-18
  24.6000000       6.34612e-18       6.34612e-18
  24.7000000       6.33277e-18       6.33277e-18
  24.8000000       6.31949e-18       6.31949e-18
  24.9000000       6.30627e-18       6.30627e-18
  25.0000000       6.29313e-18       6.29313e-18
  25.1000000       6.28006e-18       6.28006e-18
  25.2000000       6.26705e-18       6.26705e-18
  25.3000000       6.25411e-18       6.25411e-18
  25.4000000       6.24124e-18       6.24124e-18
  25.5000000       6.22844e-18       6.22844e-18
  25.6000000       6.21570e-18       6.21570e-18
  25.7000000       6.20302e-18       6.20302e-18
  25.8000000       6.19041e-18       6.19041e-18
  25.9000000       6.17787e-18       6.17787e-18
  26.0000000       6.16538e-18       6.16538e-18
  26.1000000       6.15297e-18       6.15297e-18
  26.2000000       6.14061e-18       6.14061e-18
  26.3000000       6.12831e-18       6.12831e-18
  26.4000000       6.11608e-18       6.11608e-18
  26.5000000       6.10390e-18       6.10390e-18
  26.6000000       6.09179e-18       6.09179e-18
  26.7000000       6.07973e-18       6.07973e-18
  26.8000000       6.06774e-18       6.06774e-18
  26.9000000       6.05580e-18       6.05580e-18
  27.0000000       6.04392e-18       6.04392e-18
  27.1000000       6.03210e-18       6.03210e-18
  27.2000000       6.02033e-18       6.02033e-18
  27.3000000       6.00863e-18       6.00863e-18
  27.4000000       5.99697e-18       5.99697e-18
  27.5000000       5.98538e-18       5.98538e-18
  27.6000000       5.97383e-18       5.97383e-18
  27.7000000       5.96234e-18       5.96234e-18
  27.8000000       5.95091e-18       5.95091e-18
  27.9000000       5.93953e-18       5.93953e-18
  28.0000000       5.92820e-18       5.92820e-18
  28.1000000       5.91693e-18       5.91693e-18
  28.2000000       5.90570e-18       5.90570e-18
  28.3000000       5.89453e-18       5.89453e-18
  28.4000000       5.88341e-18       5.88341e-18
  28.5000000       5.87235e-18       5.87235e-18
  28.6000000       5.86133e-18       5.86133e-18
  28.7000000       5.85036e-18       5.85036e-18
  28.8000000       5.83944e-18       5.83944e-18
  28.9000000       5.82857e-18       5.82857e-18
  29.0000000       5.81775e-18       5.81775e-18
  29.1000000       5.80698e-18       5.80698e-18
  29.2000000       5.79625e-18       5.79625e-18
  29.3000000       5.78558e-18       5.78558e-18
  29.4000000       5.77495e-18       5.77495e-18
  29.5000000       5.76436e-18       5.76436e-18
  29.6000000       5.75383e-18       5.75383e-18
  29.7000000       5.74334e-18       5.74334e-18
  29.8000000       5.73289e-18       5.73289e-18
  29.9000000       5.72249e-18       5.72249e-18
  30.0000000       5.71214e-18       5.71214e-18
  30.1000000       5.70183e-18       5.70183e-18
  30.2000000       5.69157e-18       5.69157e-18
  30.3000000       5.68135e-18       5.68135e-18
  30.4000000       5.67117e-18       5.67117e-18
  30.5000000       5.66103e-18       5.66103e-18
  30.6000000       5.65094e-18       5.65094e-18
  30.7000000       5.64089e-18       5.64089e-18
  30.8000000       5.63089e-18       5.63089e-18
  30.9000000       5.62092e-18       5.62092e-18
  31.0000000       5.61100e-18       5.61100e-18
  31.1000000       5.60112e-18       5.60112e-18
  31.2000000       5.59128e-18       5.59128e-18
  31.3000000       5.58148e-18       5.58148e-18
  31.4000000       5.57172e-18       5.57172e-18
  31.5000000       5.56200e-18       5.56200e-18
  31.6000000       5.55232e-18       5.55232e-18
  31.7000000       5.54268e-18       5.54268e-18
  31.8000000       5.53308e-18       5.53308e-18
  31.9000000       5.52352e-18       5.52352e-18
  32.0000000       5.51399e-18       5.51399e-18
  32.1000000       5.50451e-18       5.50451e-18
  32.2000000       5.49506e-18       5.49506e-18
  32.3000000       5.48565e-18       5.48565e-18
  32.4000000       5.47628e-18       5.47628e-18
  32.5000000       5.46694e-18       5.46694e-18
  32.6000000       5.45765e-18       5.45765e-18
  32.7000000       5.44839e-18       5.44839e-18
  32.8000000       5.43916e-18       5.43916e-18
  32.9000000       5.42997e-18       5.42997e-18
  33.0000000       5.42082e-18       5.42082e-18
  33.1000000       5.41170e-18       5.41170e-18
  33.2000000       5.40262e-18       5.40262e-18
  33.3000000       5.39357e-18       5.39357e-18
  33.4000000       5.38456e-18       5.38456e-18
  33.5000000       5.37558e-18       5.37558e-18
  33.6000000       5.36664e-18       5.36664e-18
  33.7000000       5.35773e-18       5.35773e-18
  33.8000000       5.34885e-18       5.34885e-18
  33.9000000       5.34001e-18       5.34001e-18
  34.0000000       5.33120e-18       5.33120e-18
  34.1000000       5.32243e-18       5.32243e-18
  34.2000000       5.31369e-18       5.31369e-18
  34.3000000       5.30498e-18       5.30498e-18
  34.4000000       5.29630e-18       5.29630e-18
  34.5000000       5.28765e-18       5.28765e-18
  34.6000000       5.27904e-18       5.27904e-18
  34.7000000       5.27046e-18       5.27046e-18
  34.8000000       5.26191e-18       5.26191e-18
  34.9000000       5.25339e-18       5.25339e-18
  35.0000000       5.24491e-18       5.24491e-18
  35.1000000       5.23645e-18       5.23645e-18
  35.2000000       5.22802e-18       5.22802e-18
  35.3000000       5.21963e-18       5.21963e-18
  35.4000000       5.21126e-18       5.21126e-18
  35.5000000       5.20293e-18       5.20293e-18
  35.6000000       5.19462e-18       5.19462e-18
  35.7000000       5.18635e-18       5.18635e-18
  35.8000000       5.17810e-18       5.17810e-18
  35.9000000       5.16989e-18       5.16989e-18
  36.0000000       5.16170e-18       5.16170e-18
  36.1000000       5.15354e-18       5.15354e-18
  36.2000000       5.14541e-18       5.14541e-18
  36.3000000       5.13731e-18       5.13731e-18
  36.4000000       5.12924e-18       5.12924e-18
  36.5000000       5.12120e-18       5.12120e-18
  36.6000000       5.11318e-18       5.11318e-18
  36.7000000       5.10519e-18       5.10519e-18
  36.8000000       5.09723e-18       5.09723e-18
  36.9000000       5.08930e-18       5.08930e-18
  37.0000000       5.08139e-18       5.08139e-18
  37.1000000       5.07351e-18       5.07351e-18
  37.2000000       5.06566e-18       5.06566e-18
  37.3000000       5.05783e-18       5.05783e-18
  37.4000000       5.05003e-18       5.05003e-18
  37.5000000       5.04226e-18       5.04226e-18
  37.6000000       5.03451e-18       5.03451e-18
  37.7000000       5.02679e-18       5.02679e-18
  37.8000000       5.01910e-18       5.01910e-18
  37.9000000       5.01143e-18       5.01143e-18
  38.0000000       5.00379e-18       5.00379e-18
  38.1000000       4.99617e-18       4.99617e-18
  38.2000000       4.98858e-18       4.98858e-18
  38.3000000       4.98101e-18       4.98101e-18
  38.4000000       4.97347e-18       4.97347e-18
  38.5000000       4.96595e-18       4.96595e-18
  38.6000000       4.95846e-18       4.95846e-18
  38.7000000       4.95099e-18       4.95099e-18
  38.8000000       4.94355e-18       4.94355e-18
  38.9000000       4.93613e-18       4.93613e-18
  39.0000000       4.92873e-18       4.92873e-18
  39.1000000       4.92136e-18       4.92136e-18
  39.2000000       4.91401e-18       4.91401e-18
  39.3000000       4.90669e-18       4.90669e-18
  39.4000000       4.89938e-18       4.89938e-18
  39.5000000       4.89211e-18       4.89211e-18
  39.6000000       4.88485e-18       4.88485e-18
  39.7000000       4.87762e-18       4.87762e-18
  39.8000000       4.87041e-18       4.87041e-18
  39.9000000       4.86322e-18       4.86322e-18
  40.0000000       4.85606e-18       4.85606e-18
  40.1000000       4.84892e-18       4.84892e-18
  40.2000000       4.84180e-18       4.84180e-18
  40.3000000       4.83471e-18       4.83471e-18
  40.4000000       4.82763e-18       4.82763e-18
  40.5000000       4.82058e-18       4.82058e-18
  40.6000000       4.81355e-18       4.81355e-18
  40.7000000       4.80654e-18       4.80654e-18
  40.8000000       4.79955e-18       4.79955e-18
  40.9000000       4.79259e-18       4.79259e-18
  41.0000000       4.78564e-18       4.78564e-18
  41.1000000       4.77872e-18       4.77872e-18
  41.2000000       4.77182e-18       4.77182e-18
  41.3000000       4.76494e-18       4.76494e-18
  41.4000000       4.75808e-18       4.75808e-18
  41.5000000       4.75124e-18       4.75124e-18
  41.6000000       4.74442e-18       4.74442e-18
  41.7000000       4.73762e-18       4.73762e-18
  41.8000000       4.73084e-18       4.73084e-18
  41.9000000       4.72408e-18       4.72408e-18
  42.0000000       4.71735e-18       4.71735e-18
  42.1000000       4.71063e-18       4.71063e-18
  42.2000000       4.70393e-18       4.70393e-18
  42.3000000       4.69725e-18       4.69725e-18
  42.4000000       4.69059e-18       4.69059e-18
  42.5000000       4.68396e-18       4.68396e-18
  42.6000000       4.67733e-18       4.67733e-18
  42.7000000       4.67074e-18       4.67074e-18
  42.8000000       4.66416e-18       4.66416e-18
  42.9000000       4.65759e-18       4.65759e-18
  43.0000000       4.65105e-18       4.65105e-18
  43.1000000       4.64453e-18       4.64453e-18
  43.2000000       4.63802e-18       4.63802e-18
  43.3000000       4.63154e-18       4.63154e-18
  43.4000000       4.62507e-18       4.62507e-18
  43.5000000       4.61862e-18       4.61862e-18
  43.6000000       4.61219e-18       4.61219e-18
  43.7000000       4.60578e-18       4.60578e-18
  43.8000000       4.59938e-18       4.59938e-18
  43.9000000       4.59301e-18       4.59301e-18
  44.0000000       4.58665e-18       4.58665e-18
  44.1000000       4.58031e-18       4.58031e-18
  44.2000000       4.57399e-18       4.57399e-18
  44.3000000       4.56768e-18       4.56768e-18
  44.4000000       4.56139e-18       4.56139e-18
  44.5000000       4.55513e-18       4.55513e-18
  44.6000000       4.54887e-18       4.54887e-18
  44.7000000       4.54264e-18       4.54264e-18
  44.8000000       4.53642e-18       4.53642e-18
  44.9000000       4.53022e-18       4.53022e-18
  45.0000000       4.52404e-18       4.52404e-18
  45.1000000       4.51787e-18       4.51787e-18
  45.2000000       4.51172e-18       4.51172e-18
  45.3000000       4.50559e-18       4.50559e-18
  45.4000000       4.49947e-18       4.49947e-18
  45.5000000       4.49338e-18       4.49338e-18
  45.6000000       4.48729e-18       4.48729e-18
  45.7000000       4.48123e-18       4.48123e-18
  45.8000000       4.47518e-18       4.47518e-18
  45.9000000       4.46914e-18       4.46914e-18
  46.0000000       4.46313e-18       4.46313e-18
  46.1000000       4.45712e-18       4.45712e-18
  46.2000000       4.45114e-18       4.45114e-18
  46.3000000       4.44517e-18       4.44517e-18
  46.4000000       4.43922e-18       4.43922e-18
  46.5000000       4.43328e-18       4.43328e-18
  46.6000000       4.42736e-18       4.42736e-18
  46.7000000       4.42145e-18       4.42145e-18
  46.8000000       4.41556e-18       4.41556e-18
  46.9000000       4.40968e-18       4.40968e-18
  47.0000000       4.40382e-18       4.40382e-18
  47.1000000       4.39798e-18       4.39798e-18
  47.2000000       4.39215e-18       4.39215e-18
  47.3000000       4.38633e-18       4.38633e-18
  47.4000000       4.38054e-18       4.38054e-18
  47.5000000       4.37475e-18       4.37475e-18
  47.6000000       4.36898e-18       4.36898e-18
  47.7000000       4.36323e-18       4.36323e-18
  47.8000000       4.35749e-18       4.35749e-18
  47.9000000       4.35176e-18       4.35176e-18
  48.0000000       4.34605e-18       4.34605e-18
  48.1000000       4.34036e-18       4.34036e-18
  48.2000000       4.33468e-18       4.33468e-18
  48.3000000       4.32901e-18       4.32901e-18
  48.4000000       4.32336e-18       4.32336e-18
  48.5000000       4.31772e-18       4.31772e-18
  48.6000000       4.31209e-18       4.31209e-18
  48.7000000       4.30649e-18       4.30649e-18
  48.8000000       4.30089e-18       4.30089e-18
  48.9000000       4.29531e-18       4.29531e-18
  49.0000000       4.28974e-18       4.28974e-18
  49.1000000       4.28419e-18       4.28419e-18
  49.2000000       4.27864e-18       4.27864e-18
  49.3000000       4.27312e-18       4.27312e-18
  49.4000000       4.26760e-18       4.26760e-18
  49.5000000       4.26211e-18       4.26211e-18
  49.6000000       4.25662e-18       4.25662e-18
  49.7000000       4.25115e-18       4.25115e-18
  49.8000000       4.24569e-18       4.24569e-18
  49.9000000       4.24024e-18       4.24024e-18
  50.0000000       4.23481e-18       4.23481e-18
  50.1000000       4.22939e-18       4.22939e-18
  50.2000000       4.22398e-18       4.22398e-18
  50.3000000       4.21859e-18       4.21859e-18
  50.4000000       4.21321e-18       4.21321e-18
  50.5000000       4.20784e-18       4.20784e-18
  50.6000000       4.20249e-18       4.20249e-18
  50.7000000       4.19715e-18       4.19715e-18
  50.8000000       4.19182e-18       4.19182e-18
  50.9000000       4.18650e-18       4.18650e-18
  51.0000000       4.18120e-18       4.18120e-18
  51.1000000       4.17591e-18       4.17591e-18
  51.2000000       4.17063e-18       4.17063e-18
  51.3000000       4.16537e-18       4.16537e-18
  51.4000000       4.16011e-18       4.16011e-18
  51.5000000       4.15487e-18       4.15487e-18
  51.6000000       4.14964e-18       4.14964e-18
  51.7000000       4.14443e-18       4.14443e-18
  51.8000000       4.13922e-18       4.13922e-18
  51.9000000       4.13403e-18       4.13403e-18
  52.0000000       4.12885e-18       4.12885e-18
  52.1000000       4.12368e-18       4.12368e-18
  52.2000000       4.11853e-18       4.11853e-18
  52.3000000       4.11338e-18       4.11338e-18
  52.4000000       4.10825e-18       4.10825e-18
  52.5000000       4.10313e-18       4.10313e-18
  52.6000000       4.09802e-18       4.09802e-18
  52.7000000       4.09292e-18       4.09292e-18
  52.8000000       4.08784e-18       4.08784e-18
  52.9000000       4.08277e-18       4.08277e-18
  53.0000000       4.07770e-18       4.07770e-18
  53.1000000       4.07265e-18       4.07265e-18
  53.2000000       4.06761e-18       4.06761e-18
  53.3000000       4.06259e-18       4.06259e-18
  53.4000000       4.05757e-18       4.05757e-18
  53.5000000       4.05256e-18       4.05256e-18
  53.6000000       4.04757e-18       4.04757e-18
  53.7000000       4.04258e-18       4.04258e-18
  53.8000000       4.03762e-18       4.03762e-18
  53.9000000       4.03265e-18       4.03265e-18
  54.0000000       4.02771e-18       4.02771e-18
  54.1000000       4.02276e-18       4.02276e-18
  54.2000000       4.01784e-18       4.01784e-18
  54.3000000       4.01292e-18       4.01292e-18
  54.4000000       4.00801e-18       4.00801e-18
  54.5000000       4.00312e-18       4.00312e-18
  54.6000000       3.99823e-18       3.99823e-18
  54.7000000       3.99336e-18       3.99336e-18
  54.8000000       3.98850e-18       3.98850e-18
  54.9000000       3.98365e-18       3.98365e-18
  55.0000000       3.97881e-18       3.97881e-18
  55.1000000       3.97397e-18       3.97397e-18
  55.2000000       3.96916e-18       3.96916e-18
  55.3000000       3.96434e-18       3.96434e-18
  55.4000000       3.95954e-18       3.95954e-18
  55.5000000       3.95476e-18       3.95476e-18
  55.6000000       3.94997e-18       3.94997e-18
  55.7000000       3.94521e-18       3.94521e-18
  55.8000000       3.94045e-18       3.94045e-18
  55.9000000       3.93570e-18       3.93570e-18
  56.0000000       3.93096e-18       3.93096e-18
  56.1000000       3.92623e-18       3.92623e-18
  56.2000000       3.92151e-18       3.92151e-18
  56.3000000       3.91680e-18       3.91680e-18
  56.4000000       3.91210e-18       3.91210e-18
  56.5000000       3.90742e-18       3.90742e-18
  56.6000000       3.90273e-18       3.90273e-18
  56.7000000       3.89807e-18       3.89807e-18
  56.8000000       3.89341e-18       3.89341e-18
  56.9000000       3.88876e-18       3.88876e-18
  57.0000000       3.88412e-18       3.88412e-18
  57.1000000       3.87949e-18       3.87949e-18
  57.2000000       3.87487e-18       3.87487e-18
  57.3000000       3.87026e-18       3.87026e-18
  57.4000000       3.86566e-18       3.86566e-18
  57.5000000       3.86107e-18       3.86107e-18
  57.6000000       3.85648e-18       3.85648e-18
  57.7000000       3.85191e-18       3.85191e-18
  57.8000000       3.84735e-18       3.84735e-18
  57.9000000       3.84279e-18       3.84279e-18
  58.0000000       3.83825e-18       3.83825e-18
  58.1000000       3.83371e-18       3.83371e-18
  58.2000000       3.82918e-18       3.82918e-18
  58.3000000       3.82467e-18       3.82467e-18
  58.4000000       3.82016e-18       3.82016e-18
  58.5000000       3.81566e-18       3.81566e-18
  58.6000000       3.81118e-18       3.81118e-18
  58.7000000       3.80669e-18       3.80669e-18
  58.8000000       3.80222e-18       3.80222e-18
  58.9000000       3.79776e-18       3.79776e-18
  59.0000000       3.79330e-18       3.79330e-18
  59.1000000       3.78886e-18       3.78886e-18
  59.2000000       3.78443e-18       3.78443e-18
  59.3000000       3.77999e-18       3.77999e-18
  59.4000000       3.77558e-18       3.77558e-18
  59.5000000       3.77117e-18       3.77117e-18
  59.6000000       3.76676e-18       3.76676e-18
  59.7000000       3.76238e-18       3.76238e-18
  59.8000000       3.75799e-18       3.75799e-18
  59.9000000       3.75361e-18       3.75361e-18
  60.0000000       3.74925e-18       3.74925e-18
  60.1000000       3.74489e-18       3.74489e-18
  60.2000000       3.74054e-18       3.74054e-18
  60.3000000       3.73621e-18       3.73621e-18
  60.4000000       3.73187e-18       3.73187e-18
  60.5000000       3.72754e-18       3.72754e-18
  60.6000000       3.72323e-18       3.72323e-18
  60.7000000       3.71893e-18       3.71893e-18
  60.8000000       3.71462e-18       3.71462e-18
  60.9000000       3.71034e-18       3.71034e-18
  61.0000000       3.70605e-18       3.70605e-18
  61.1000000       3.70178e-18       3.70178e-18
  61.2000000       3.69752e-18       3.69752e-18
  61.3000000       3.69326e-18       3.69326e-18
  61.4000000       3.68901e-18       3.68901e-18
  61.5000000       3.68477e-18       3.68477e-18
  61.6000000       3.68053e-18       3.68053e-18
  61.7000000       3.67631e-18       3.67631e-18
  61.8000000       3.67209e-18       3.67209e-18
  61.9000000       3.66788e-18       3.66788e-18
  62.0000000       3.66368e-18       3.66368e-18
  62.1000000       3.65949e-18       3.65949e-18
  62.2000000       3.65530e-18       3.65530e-18
  62.3000000       3.65112e-18       3.65112e-18
  62.4000000       3.64696e-18       3.64696e-18
  62.5000000       3.64280e-18       3.64280e-18
  62.6000000       3.63864e-18       3.63864e-18
  62.7000000       3.63449e-18       3.63449e-18
  62.8000000       3.63036e-18       3.63036e-18
  62.9000000       3.62622e-18       3.62622e-18
  63.0000000       3.62210e-18       3.62210e-18
  63.1000000       3.61799e-18       3.61799e-18
  63.2000000       3.61388e-18       3.61388e-18
  63.3000000       3.60978e-18       3.60978e-18
  63.4000000       3.60569e-18       3.60569e-18
  63.5000000       3.60160e-18       3.60160e-18
  63.6000000       3.59752e-18       3.59752e-18
  63.7000000       3.59345e-18       3.59345e-18
  63.8000000       3.58939e-18       3.58939e-18
  63.9000000       3.58533e-18       3.58533e-18
  64.0000000       3.58129e-18       3.58129e-18
  64.1000000       3.57725e-18       3.57725e-18
  64.2000000       3.57321e-18       3.57321e-18
  64.3000000       3.56918e-18       3.56918e-18
  64.4000000       3.56517e-18       3.56517e-18
  64.5000000       3.56115e-18       3.56115e-18
  64.6000000       3.55715e-18       3.55715e-18
  64.7000000       3.55316e-18       3.55316e-18
  64.8000000       3.54917e-18       3.54917e-18
  64.9000000       3.54518e-18       3.54518e-18
  65.0000000       3.54121e-18       3.54121e-18
  65.1000000       3.53724e-18       3.53724e-18
  65.2000000       3.53327e-18       3.53327e-18
  65.3000000       3.52932e-18       3.52932e-18
  65.4000000       3.52538e-18       3.52538e-18
  65.5000000       3.52143e-18       3.52143e-18
  65.6000000       3.51750e-18       3.51750e-18
  65.7000000       3.51357e-18       3.51357e-18
  65.8000000       3.50966e-18       3.50966e-18
  65.9000000       3.50574e-18       3.50574e-18
  66.0000000       3.50183e-18       3.50183e-18
  66.1000000       3.49794e-18       3.49794e-18
  66.2000000       3.49405e-18       3.49405e-18
  66.3000000       3.49016e-18       3.49016e-18
  66.4000000       3.48628e-18       3.48628e-18
  66.5000000       3.48241e-18       3.48241e-18
  66.6000000       3.47854e-18       3.47854e-18
  66.7000000       3.47468e-18       3.47468e-18
  66.8000000       3.47084e-18       3.47084e-18
  66.9000000       3.46699e-18       3.46699e-18
  67.0000000       3.46315e-18       3.46315e-18
  67.1000000       3.45932e-18       3.45932e-18
  67.2000000       3.45550e-18       3.45550e-18
  67.3000000       3.45168e-18       3.45168e-18
  67.4000000       3.44786e-18       3.44786e-18
  67.5000000       3.44406e-18       3.44406e-18
  67.6000000       3.44026e-18       3.44026e-18
  67.7000000       3.43647e-18       3.43647e-18
  67.8000000       3.43268e-18       3.43268e-18
  67.9000000       3.42891e-18       3.42891e-18
  68.0000000       3.42513e-18       3.42513e-18
  68.1000000       3.42136e-18       3.42136e-18
  68.2000000       3.41760e-18       3.41760e-18
  68.3000000       3.41385e-18       3.41385e-18
  68.4000000       3.41010e-18       3.41010e-18
  68.5000000       3.40636e-18       3.40636e-18
  68.6000000       3.40263e-18       3.40263e-18
  68.7000000       3.39890e-18       3.39890e-18
  68.8000000       3.39518e-18       3.39518e-18
  68.9000000       3.39146e-18       3.39146e-18
  69.0000000       3.38775e-18       3.38775e-18
  69.1000000       3.38405e-18       3.38405e-18
  69.2000000       3.38035e-18       3.38035e-18
  69.3000000       3.37665e-18       3.37665e-18
  69.4000000       3.37298e-18       3.37298e-18
  69.5000000       3.36930e-18       3.36930e-18
  69.6000000       3.36562e-18       3.36562e-18
  69.7000000       3.36195e-18       3.36195e-18
  69.8000000       3.35830e-18       3.35830e-18
  69.9000000       3.35464e-18       3.35464e-18
  70.0000000       3.35099e-18       3.35099e-18
  70.1000000       3.34734e-18       3.34734e-18
  70.2000000       3.34371e-18       3.34371e-18
  70.3000000       3.34008e-18       3.34008e-18
  70.4000000       3.33645e-18       3.33645e-18
  70.5000000       3.33283e-18       3.33283e-18
  70.6000000       3.32923e-18       3.32923e-18
  70.7000000       3.32562e-18       3.32562e-18
  70.8000000       3.32201e-18       3.32201e-18
  70.9000000       3.31842e-18       3.31842e-18
  71.0000000       3.31483e-18       3.31483e-18
  71.1000000       3.31125e-18       3.31125e-18
  71.2000000       3.30766e-18       3.30766e-18
  71.3000000       3.30409e-18       3.30409e-18
  71.4000000       3.30053e-18       3.30053e-18
  71.5000000       3.29697e-18       3.29697e-18
  71.6000000       3.29341e-18       3.29341e-18
  71.7000000       3.28986e-18       3.28986e-18
  71.8000000       3.28632e-18       3.28632e-18
  71.9000000       3.28278e-18       3.28278e-18
  72.0000000       3.27925e-18       3.27925e-18
  72.1000000       3.27572e-18       3.27572e-18
  72.2000000       3.27220e-18       3.27220e-18
  72.3000000       3.26869e-18       3.26869e-18
  72.4000000       3.26518e-18       3.26518e-18
  72.5000000       3.26167e-18       3.26167e-18
  72.6000000       3.25817e-18       3.25817e-18
  72.7000000       3.25468e-18       3.25468e-18
  72.8000000       3.25119e-18       3.25119e-18
  72.9000000       3.24770e-18       3.24770e-18
  73.0000000       3.24423e-18       3.24423e-18
  73.1000000       3.24077e-18       3.24077e-18
  73.2000000       3.23730e-18       3.23730e-18
  73.3000000       3.23383e-18       3.23383e-18
  73.4000000       3.23038e-18       3.23038e-18
  73.5000000       3.22693e-18       3.22693e-18
  73.6000000       3.22349e-18       3.22349e-18
  73.7000000       3.22005e-18       3.22005e-18
  73.8000000       3.21661e-18       3.21661e-18
  73.9000000       3.21319e-18       3.21319e-18
  74.0000000       3.20977e-18       3.20977e-18
  74.1000000       3.20635e-18       3.20635e-18
  74.2000000       3.20293e-18       3.20293e-18
  74.3000000       3.19953e-18       3.19953e-18
  74.4000000       3.19613e-18       3.19613e-18
  74.5000000       3.19273e-18       3.19273e-18
  74.6000000       3.18934e-18       3.18934e-18
  74.7000000       3.18595e-18       3.18595e-18
  74.8000000       3.18258e-18       3.18258e-18
  74.9000000       3.17920e-18       3.17920e-18
  75.0000000       3.17583e-18       3.17583e-18
  75.1000000       3.17246e-18       3.17246e-18
  75.2000000       3.16910e-18       3.16910e-18
  75.3000000       3.16575e-18       3.16575e-18
  75.4000000       3.16240e-18       3.16240e-18
  75.5000000       3.15905e-18       3.15905e-18
  75.6000000       3.15571e-18       3.15571e-18
  75.7000000       3.15238e-18       3.15238e-18
  75.8000000       3.14906e-18       3.14906e-18
  75.9000000       3.14573e-18       3.14573e-18
  76.0000000       3.14240e-18       3.14240e-18
  76.1000000       3.13909e-18       3.13909e-18
  76.2000000       3.13579e-18       3.13579e-18
  76.3000000       3.13248e-18       3.13248e-18
  76.4000000       3.12918e-18       3.12918e-18
  76.5000000       3.12588e-18       3.12588e-18
  76.6000000       3.12260e-18       3.12260e-18
  76.7000000       3.11932e-18       3.11932e-18
  76.8000000       3.11604e-18       3.11604e-18
  76.9000000       3.11276e-18       3.11276e-18
  77.0000000       3.10948e-18       3.10948e-18
  77.1000000       3.10622e-18       3.10622e-18
  77.2000000       3.10297e-18       3.10297e-18
  77.3000000       3.09971e-18       3.09971e-18
  77.4000000       3.09646e-18       3.09646e-18
  77.5000000       3.09321e-18       3.09321e-18
  77.6000000       3.08998e-18       3.08998e-18
  77.7000000       3.08674e-18       3.08674e-18
  77.8000000       3.08351e-18       3.08351e-18
  77.9000000       3.08028e-18       3.08028e-18
  78.0000000       3.07706e-18       3.07706e-18
  78.1000000       3.07385e-18       3.07385e-18
  78.2000000       3.07064e-18       3.07064e-18
  78.3000000       3.06743e-18       3.06743e-18
  78.4000000       3.06422e-18       3.06422e-18
  78.5000000       3.06102e-18       3.06102e-18
  78.6000000       3.05784e-18       3.05784e-18
  78.7000000       3.05465e-18       3.05465e-18
  78.8000000       3.05146e-18       3.05146e-18
  78.9000000       3.04828e-18       3.04828e-18
  79.0000000       3.04510e-18       3.04510e-18
  79.1000000       3.04194e-18       3.04194e-18
  79.2000000       3.03878e-18       3.03878e-18
  79.3000000       3.03562e-18       3.03562e-18
  79.4000000       3.03246e-18       3.03246e-18
  79.5000000       3.02930e-18       3.02930e-18
  79.6000000       3.02616e-18       3.02616e-18
  79.7000000       3.02303e-18       3.02303e-18
  79.8000000       3.01989e-18       3.01989e-18
  79.9000000       3.01675e-18       3.01675e-18
  80.0000000       3.01362e-18       3.01362e-18
  80.1000000       3.01050e-18       3.01050e-18
  80.2000000       3.00738e-18       3.00738e-18
  80.3000000       3.00427e-18       3.00427e-18
  80.4000000       3.00115e-18       3.00115e-18
  80.5000000       2.98170e-18       2.98170e-18
  80.6000000       2.86890e-18       2.86890e-18
  80.7000000       2.74130e-18       2.74130e-18
  80.8000000       2.61370e-18       2.61370e-18
  80.9000000       2.48610e-18       2.48610e-18
  81.0000000       2.36528e-18       2.36528e-18
  81.1000000       2.31555e-18       2.31555e-18
  81.2000000       2.33038e-18       2.33038e-18
  81.3000000       2.31006e-18       2.31006e-18
  81.4000000       2.34188e-18       2.34188e-18
  81.5000000       2.35977e-18       2.35977e-18
  81.6000000       2.30861e-18       2.30861e-18
  81.7000000       2.32504e-18       2.32504e-18
  81.8000000       2.35389e-18       2.35389e-18
  81.9000000       2.38532e-18       2.38532e-18
  82.0000000       2.34918e-18       2.34918e-18
  82.1000000       2.22435e-18       2.22435e-18
  82.2000000       2.10322e-18       2.10322e-18
  82.3000000       2.22808e-18       2.22808e-18
  82.4000000       2.85373e-18       2.85373e-18
  82.5000000       1.92675e-18       1.92675e-18
  82.6000000       3.78940e-18       3.78940e-18
  82.7000000       1.87223e-18       1.87223e-18
  82.8000000       5.48928e-18       5.48928e-18
  82.9000000       1.80207e-18       1.80207e-18
  83.0000000       1.82580e-18       1.82580e-18
  83.1000000       2.05286e-18       2.05286e-18
  83.2000000       5.08086e-18       5.08086e-18
  83.3000000       1.78394e-18       1.78394e-18
  83.4000000       1.86774e-18       1.86774e-18
  83.5000000       1.95548e-18       1.95548e-18
  83.6000000       1.96776e-18       1.96776e-18
  83.7000000       2.04846e-18       2.04846e-18
  83.8000000       4.88642e-18       4.88642e-18
  83.9000000       2.17307e-18       2.17307e-18
  84.0000000       1.77447e-18       1.77447e-18
  84.1000000       1.84187e-18       1.84187e-18
  84.2000000       1.86079e-18       1.86079e-18
  84.3000000       1.89356e-18       1.89356e-18
  84.4000000       1.86472e-18       1.86472e-18
  84.5000000       2.24453e-18       2.24453e-18
  84.6000000       2.18468e-18       2.18468e-18
  84.7000000       2.21488e-18       2.21488e-18
  84.8000000       2.73780e-18       2.73780e-18
  84.9000000       7.90515e-18       7.90515e-18
  85.0000000       1.75181e-18       1.75181e-18
  85.1000000       1.86296e-18       1.86296e-18
  85.2000000       1.93251e-18       1.93251e-18
  85.3000000       1.91131e-18       1.91131e-18
  85.4000000       1.92826e-18       1.92826e-18
  85.5000000       1.94650e-18       1.94650e-18
  85.6000000       1.96474e-18       1.96474e-18
  85.7000000       1.98298e-18       1.98298e-18
  85.8000000       2.03654e-18       2.03654e-18
  85.9000000       2.04751e-18       2.04751e-18
  86.0000000       2.02617e-18       2.02617e-18
  86.1000000       2.05099e-18       2.05099e-18
  86.2000000       2.07581e-18       2.07581e-18
  86.3000000       2.10063e-18       2.10063e-18
  86.4000000       2.12545e-18       2.12545e-18
  86.5000000       2.20471e-18       2.20471e-18
  86.6000000       2.30529e-18       2.30529e-18
  86.7000000       2.36151e-18       2.36151e-18
  86.8000000       2.41954e-18       2.41954e-18
  86.9000000       5.06877e-18       5.06877e-18
  87.0000000       1.66542e-17       1.66542e-17
  87.1000000       9.57026e-19       9.57026e-19
  87.2000000       2.54143e-18       2.54143e-18
  87.3000000       1.59357e-18       1.59357e-18
  87.4000000       7.81736e-19       7.81736e-19
  87.5000000       1.27498e-18       1.27498e-18
  87.6000000       1.61194e-18       1.61194e-18
  87.7000000       3.10027e-18       3.10027e-18
  87.8000000       1.08149e-18       1.08149e-18
  87.9000000       1.08467e-18       1.08467e-18
  88.0000000       1.10341e-18       1.10341e-18
  88.1000000       1.14181e-18       1.14181e-18
  88.2000000       1.23987e-18       1.23987e-18
  88.3000000       6.46268e-18       6.46268e-18
  88.4000000       3.03345e-18       3.03345e-18
  88.5000000       2.02524e-18       2.02524e-18
  88.6000000       2.01675e-18       2.01675e-18
  88.7000000       2.01657e-18       2.01657e-18
  88.8000000       2.02261e-18       2.02261e-18
  88.9000000       2.04352e-18       2.04352e-18
  89.0000000       2.04871e-18       2.04871e-18
  89.1000000       2.07639e-18       2.07639e-18
  89.2000000       2.13308e-18       2.13308e-18
  89.3000000       2.17960e-18       2.17960e-18
  89.4000000       2.21337e-18       2.21337e-18
  89.5000000       2.18723e-18       2.18723e-18
  89.6000000       2.19058e-18       2.19058e-18
  89.7000000       2.18325e-18       2.18325e-18
  89.8000000       2.19039e-18       2.19039e-18
  89.9000000       2.21247e-18       2.21247e-18
  90.0000000       2.22355e-18       2.22355e-18
  90.1000000       2.22340e-18       2.22340e-18
  90.2000000       2.22325e-18       2.22325e-18
  90.3000000       2.22310e-18       2.22310e-18
  90.4000000       2.22613e-18       2.22613e-18
  90.5000000       2.24072e-18       2.24072e-18
  90.6000000       2.26325e-18       2.26325e-18
  90.7000000       2.26872e-18       2.26872e-18
  90.8000000       2.29746e-18       2.29746e-18
  90.9000000       2.44251e-18       2.44251e-18
  91.0000000       2.98175e-18       2.98175e-18
  91.1000000       2.73712e-18       2.73712e-18
  91.2000000       2.47809e-18       2.47809e-18
  91.3000000       2.76751e-18       2.76751e-18
  91.4000000       3.01275e-18       3.01275e-18
  91.5000000       3.05372e-18       3.05372e-18
  91.6000000       2.97319e-18       2.97319e-18
  91.7000000       2.82359e-18       2.82359e-18
  91.8000000       2.68508e-18       2.68508e-18
  91.9000000       2.52657e-18       2.52657e-18
  92.0000000       2.33797e-18       2.33797e-18
  92.1000000       2.15397e-18       2.15397e-18
  92.2000000       1.97624e-18       1.97624e-18
  92.3000000       1.85773e-18       1.85773e-18
  92.4000000       1.97167e-18       1.97167e-18
  92.5000000       2.79091e-18       2.79091e-18
  92.6000000       2.49303e-18       2.49303e-18
  92.7000000       2.03111e-18       2.03111e-18
  92.8000000       1.90106e-18       1.90106e-18
  92.9000000       1.86846e-18       1.86846e-18
  93.0000000       1.90744e-18       1.90744e-18
  93.1000000       2.12671e-18       2.12671e-18
  93.2000000       2.62809e-18       2.62809e-18
  93.3000000       3.13692e-18       3.13692e-18
  93.4000000       2.53601e-18       2.53601e-18
  93.5000000       2.09861e-18       2.09861e-18
  93.6000000       2.23414e-18       2.23414e-18
  93.7000000       2.41189e-18       2.41189e-18
  93.8000000       2.61760e-18       2.61760e-18
  93.9000000       2.84283e-18       2.84283e-18
  94.0000000       2.92388e-18       2.92388e-18
  94.1000000       2.80980e-18       2.80980e-18
  94.2000000       2.55679e-18       2.55679e-18
  94.3000000       2.32694e-18       2.32694e-18
  94.4000000       2.15684e-18       2.15684e-18
  94.5000000       2.04205e-18       2.04205e-18
  94.6000000       1.96334e-18       1.96334e-18
  94.7000000       1.90108e-18       1.90108e-18
  94.8000000       1.85404e-18       1.85404e-18
  94.9000000       1.84719e-18       1.84719e-18
  95.0000000       1.85201e-18       1.85201e-18
  95.1000000       1.83493e-18       1.83493e-18
  95.2000000       1.85513e-18       1.85513e-18
  95.3000000       1.87161e-18       1.87161e-18
  95.4000000       1.88421e-18       1.88421e-18
  95.5000000       1.88676e-18       1.88676e-18
  95.6000000       1.87737e-18       1.87737e-18
  95.7000000       1.83734e-18       1.83734e-18
  95.8000000       1.77787e-18       1.77787e-18
  95.9000000       1.71454e-18       1.71454e-18
  96.0000000       1.66298e-18       1.66298e-18
  96.1000000       1.64739e-18       1.64739e-18
  96.2000000       1.66313e-18       1.66313e-18
  96.3000000       1.72065e-18       1.72065e-18
  96.4000000       1.85101e-18       1.85101e-18
  96.5000000       2.22375e-18       2.22375e-18
  96.6000000       2.86412e-18       2.86412e-18
  96.7000000       3.43701e-18       3.43701e-18
  96.8000000       4.23493e-18       4.23493e-18
  96.9000000       4.93808e-18       4.93808e-18
  97.0000000       4.13989e-18       4.13989e-18
  97.1000000       3.69306e-18       3.69306e-18
  97.2000000       3.78382e-18       3.78382e-18
  97.3000000       2.96370e-18       2.96370e-18
  97.4000000       3.51292e-18       3.51292e-18
  97.5000000       2.85293e-18       2.85293e-18
  97.6000000       2.37412e-18       2.37412e-18
  97.7000000       2.14849e-18       2.14849e-18
  97.8000000       2.04333e-18       2.04333e-18
  97.9000000       1.97244e-18       1.97244e-18
  98.0000000       1.91027e-18       1.91027e-18
  98.1000000       1.87806e-18       1.87806e-18
  98.2000000       1.85961e-18       1.85961e-18
  98.3000000       1.83505e-18       1.83505e-18
  98.4000000       1.82388e-18       1.82388e-18
  98.5000000       1.82286e-18       1.82286e-18
  98.6000000       1.82383e-18       1.82383e-18
  98.7000000       1.83462e-18       1.83462e-18
  98.8000000       1.83776e-18       1.83776e-18
  98.9000000       1.84704e-18       1.84704e-18
  99.0000000       1.85196e-18       1.85196e-18
  99.1000000       1.85181e-18       1.85181e-18
  99.2000000       1.84148e-18       1.84148e-18
  99.3000000       1.81410e-18       1.81410e-18
  99.4000000       1.77624e-18       1.77624e-18
  99.5000000       1.71778e-18       1.71778e-18
  99.6000000       1.66232e-18       1.66232e-18
  99.7000000       1.61489e-18       1.61489e-18
  99.8000000       1.55931e-18       1.55931e-18
  99.9000000       1.50282e-18       1.50282e-18
 100.0000000       1.47222e-18       1.47222e-18
 100.1000000       1.45467e-18       1.45467e-18
 100.2000000       1.48344e-18       1.48344e-18
 100.3000000       1.53475e-18       1.53475e-18
 100.4000000       1.56718e-18       1.56718e-18
 100.5000000       1.59425e-18       1.59425e-18
 100.6000000       1.60833e-18       1.60833e-18
 100.7000000       1.61021e-18       1.61021e-18
 100.8000000       1.60051e-18       1.60051e-18
 100.9000000       1.59543e-18       1.59543e-18
 101.0000000       1.58681e-18       1.58681e-18
 101.1000000       1.60152e-18       1.60152e-18
 101.2000000       1.62899e-18       1.62899e-18
 101.3000000       1.67789e-18       1.67789e-18
 101.4000000       1.72606e-18       1.72606e-18
 101.5000000       1.75189e-18       1.75189e-18
 101.6000000       1.75855e-18       1.75855e-18
 101.7000000       1.76608e-18       1.76608e-18
 101.8000000       1.76637e-18       1.76637e-18
 101.9000000       1.74762e-18       1.74762e-18
 102.0000000       1.71567e-18       1.71567e-18
 102.1000000       1.67166e-18       1.67166e-18
 102.2000000       1.63216e-18       1.63216e-18
 102.3000000       1.60130e-18       1.60130e-18
 102.4000000       1.56399e-18       1.56399e-18
 102.5000000       1.55543e-18       1.55543e-18
 102.6000000       1.58849e-18       1.58849e-18
 102.7000000       1.60488e-18       1.60488e-18
 102.8000000       1.60667e-18       1.60667e-18
 102.9000000       1.59577e-18       1.59577e-18
 103.0000000       1.59177e-18       1.59177e-18
 103.1000000       1.57363e-18       1.57363e-18
 103.2000000       1.57076e-18       1.57076e-18
 103.3000000       1.59359e-18       1.59359e-18
 103.4000000       1.61396e-18       1.61396e-18
 103.5000000       1.62770e-18       1.62770e-18
 103.6000000       1.63612e-18       1.63612e-18
 103.7000000       1.62771e-18       1.62771e-18
 103.8000000       1.60452e-18       1.60452e-18
 103.9000000       1.58805e-18       1.58805e-18
 104.0000000       1.56235e-18       1.56235e-18
 104.1000000       1.54709e-18       1.54709e-18
 104.2000000       1.53417e-18       1.53417e-18
 104.3000000       1.53067e-18       1.53067e-18
 104.4000000       1.53052e-18       1.53052e-18
 104.5000000       1.53038e-18       1.53038e-18
 104.6000000       1.54408e-18       1.54408e-18
 104.7000000       1.57164e-18       1.57164e-18
 104.8000000       1.60085e-18       1.60085e-18
 104.9000000       1.64121e-18       1.64121e-18
 105.0000000       1.78411e-18       1.78411e-18
 105.1000000       2.34536e-18       2.34536e-18
 105.2000000       2.29897e-18       2.29897e-18
 105.3000000       1.87768e-18       1.87768e-18
 105.4000000       1.83705e-18       1.83705e-18
 105.5000000       1.86995e-18       1.86995e-18
 105.6000000       1.92715e-18       1.92715e-18
 105.7000000       1.97187e-18       1.97187e-18
 105.8000000       2.01942e-18       2.01942e-18
 105.9000000       2.06650e-18       2.06650e-18
 106.0000000       2.09003e-18       2.09003e-18
 106.1000000       2.13741e-18       2.13741e-18
 106.2000000       2.21673e-18       2.21673e-18
 106.3000000       2.30583e-18       2.30583e-18
 106.4000000       2.33999e-18       2.33999e-18
 106.5000000       2.34813e-18       2.34813e-18
 106.6000000       2.34364e-18       2.34364e-18
 106.7000000       2.32654e-18       2.32654e-18
 106.8000000       2.30445e-18       2.30445e-18
 106.9000000       2.30050e-18       2.30050e-18
 107.0000000       2.28496e-18       2.28496e-18
 107.1000000       2.26099e-18       2.26099e-18
 107.2000000       2.26127e-18       2.26127e-18
 107.3000000       2.30409e-18       2.30409e-18
 107.4000000       2.44068e-18       2.44068e-18
 107.5000000       3.04134e-18       3.04134e-18
 107.6000000       3.23521e-18       3.23521e-18
 107.7000000       2.89274e-18       2.89274e-18
 107.8000000       2.68244e-18       2.68244e-18
 107.9000000       2.60618e-18       2.60618e-18
 108.0000000       2.60714e-18       2.60714e-18
 108.1000000       2.64022e-18       2.64022e-18
 108.2000000       2.68625e-18       2.68625e-18
 108.3000000       2.70898e-18       2.70898e-18
 108.4000000       2.72258e-18       2.72258e-18
 108.5000000       2.74580e-18       2.74580e-18
 108.6000000       2.76863e-18       2.76863e-18
 108.7000000       2.74298e-18       2.74298e-18
 108.8000000       2.71720e-18       2.71720e-18
 108.9000000       2.91116e-18       2.91116e-18
 109.0000000       2.98197e-18       2.98197e-18
 109.1000000       3.00845e-18       3.00845e-18
 109.2000000       3.15504e-18       3.15504e-18
 109.3000000       3.22790e-18       3.22790e-18
 109.4000000       3.31140e-18       3.31140e-18
 109.5000000       3.39487e-18       3.39487e-18
 109.6000000       3.44909e-18       3.44909e-18
 109.7000000       3.41458e-18       3.41458e-18
 109.8000000       3.37336e-18       3.37336e-18
 109.9000000       3.33215e-18       3.33215e-18
 110.0000000       3.29093e-18       3.29093e-18
 110.1000000       3.24972e-18       3.24972e-18
 110.2000000       3.20851e-18       3.20851e-18
 110.3000000       3.16729e-18       3.16729e-18
 110.4000000       3.12608e-18       3.12608e-18
 110.5000000       3.08486e-18       3.08486e-18
 110.6000000       3.04365e-18       3.04365e-18
 110.7000000       3.00244e-18       3.00244e-18
 110.8000000       2.96122e-18       2.96122e-18
 110.9000000       2.92001e-18       2.92001e-18
 111.0000000       2.87879e-18       2.87879e-18
 111.1000000       2.83758e-18       2.83758e-18
 111.2000000       2.79636e-18       2.79636e-18
 111.3000000       2.75515e-18       2.75515e-18
 111.4000000       2.71394e-18       2.71394e-18
 111.5000000       2.67272e-18       2.67272e-18
 111.6000000       2.63151e-18       2.63151e-18
 111.7000000       2.59029e-18       2.59029e-18
 111.8000000       2.54908e-18       2.54908e-18
 111.9000000       2.50787e-18       2.50787e-18
 112.0000000       2.46665e-18       2.46665e-18
 112.1000000       2.42544e-18       2.42544e-18
 112.2000000       2.38422e-18       2.38422e-18
 112.3000000       2.34301e-18       2.34301e-18
 112.4000000       2.30180e-18       2.30180e-18
 112.5000000       2.26058e-18       2.26058e-18
 112.6000000       2.21937e-18       2.21937e-18
 112.7000000       2.17815e-18       2.17815e-18
 112.8000000       2.13694e-18       2.13694e-18
 112.9000000       2.09572e-18       2.09572e-18
 113.0000000       2.05451e-18       2.05451e-18
 113.1000000       2.01330e-18       2.01330e-18
 113.2000000       1.97208e-18       1.97208e-18
 113.3000000       1.94655e-18       1.94655e-18
 113.4000000       2.08729e-18       2.08729e-18
 113.5000000       2.19843e-18       2.19843e-18
 113.6000000       2.27417e-18       2.27417e-18
 113.7000000       2.32798e-18       2.32798e-18
 113.8000000       2.40867e-18       2.40867e-18
 113.9000000       2.56290e-18       2.56290e-18
 114.0000000       2.68590e-18       2.68590e-18
 114.1000000       2.74869e-18       2.74869e-18
 114.2000000       2.76305e-18       2.76305e-18
 114.3000000       2.76230e-18       2.76230e-18
 114.4000000       2.76156e-18       2.76156e-18
 114.5000000       2.77430e-18       2.77430e-18
 114.6000000       2.80172e-18       2.80172e-18
 114.7000000       2.81851e-18       2.81851e-18
 114.8000000       2.81286e-18       2.81286e-18
 114.9000000       2.79790e-18       2.79790e-18
 115.0000000       2.78001e-18       2.78001e-18
 115.1000000       2.75507e-18       2.75507e-18
 115.2000000       2.74173e-18       2.74173e-18
 115.3000000       2.74218e-18       2.74218e-18
 115.4000000       2.75361e-18       2.75361e-18
 115.5000000       2.76742e-18       2.76742e-18
 115.6000000       2.79397e-18       2.79397e-18
 115.7000000       2.83060e-18       2.83060e-18
 115.8000000       2.84929e-18       2.84929e-18
 115.9000000       2.80759e-18       2.80759e-18
 116.0000000       2.72760e-18       2.72760e-18
 116.1000000       2.65714e-18       2.65714e-18
 116.2000000       2.59525e-18       2.59525e-18
 116.3000000       2.53709e-18       2.53709e-18
 116.4000000       2.48976e-18       2.48976e-18
 116.5000000       2.44063e-18       2.44063e-18
 116.6000000       2.38372e-18       2.38372e-18
 116.7000000       2.33800e-18       2.33800e-18
 116.8000000       2.29178e-18       2.29178e-18
 116.9000000       2.22744e-18       2.22744e-18
 117.0000000       2.16006e-18       2.16006e-18
 117.1000000       2.09457e-18       2.09457e-18
 117.2000000       2.06410e-18       2.06410e-18
 117.3000000       2.03105e-18       2.03105e-18
 117.4000000       1.99016e-18       1.99016e-18
 117.5000000       1.96420e-18       1.96420e-18
 117.6000000       1.94953e-18       1.94953e-18
 117.7000000       1.94018e-18       1.94018e-18
 117.8000000       1.95105e-18       1.95105e-18
 117.9000000       1.96673e-18       1.96673e-18
 118.0000000       1.99315e-18       1.99315e-18
 118.1000000       2.03292e-18       2.03292e-18
 118.2000000       2.06427e-18       2.06427e-18
 118.3000000       2.09017e-18       2.09017e-18
 118.4000000       2.10589e-18       2.10589e-18
 118.5000000       2.12065e-18       2.12065e-18
 118.6000000       2.15327e-18       2.15327e-18
 118.7000000       2.18613e-18       2.18613e-18
 118.8000000       2.21347e-18       2.21347e-18
 118.9000000       2.26222e-18       2.26222e-18
 119.0000000       2.31487e-18       2.31487e-18
 119.1000000       2.39651e-18       2.39651e-18
 119.2000000       2.49790e-18       2.49790e-18
 119.3000000       2.62241e-18       2.62241e-18
 119.4000000       2.82678e-18       2.82678e-18
 119.5000000       3.82158e-18       3.82158e-18
 119.6000000       5.71690e-18       5.71690e-18
 119.7000000       2.98263e-18       2.98263e-18
 119.8000000       2.50308e-18       2.50308e-18
 119.9000000       2.46036e-18       2.46036e-18
 120.0000000       2.47928e-18       2.47928e-18
 120.1000000       2.54998e-18       2.54998e-18
 120.2000000       3.02233e-18       3.02233e-18
 120.3000000       3.48596e-18       3.48596e-18
 120.4000000       2.78826e-18       2.78826e-18
 120.5000000       2.49816e-18       2.49816e-18
 120.6000000       2.43247e-18       2.43247e-18
 120.7000000       2.42306e-18       2.42306e-18
 120.8000000       2.43637e-18       2.43637e-18
 120.9000000       2.44617e-18       2.44617e-18
 121.0000000       2.44919e-18       2.44919e-18
 121.1000000       2.46614e-18       2.46614e-18
 121.2000000       2.51194e-18       2.51194e-18
 121.3000000       2.61364e-18       2.61364e-18
 121.4000000       3.14334e-18       3.14334e-18
 121.5000000       4.02989e-18       4.02989e-18
 121.6000000       5.48018e-18       5.48018e-18
 121.7000000       4.99490e-18       4.99490e-18
 121.8000000       3.43275e-18       3.43275e-18
 121.9000000       2.96450e-18       2.96450e-18
 122.0000000       2.87021e-18       2.87021e-18
 122.1000000       2.82171e-18       2.82171e-18
 122.2000000       2.92028e-18       2.92028e-18
 122.3000000       4.12278e-18       4.12278e-18
 122.4000000       3.24442e-18       3.24442e-18
 122.5000000       2.75435e-18       2.75435e-18
 122.6000000       3.00030e-18       3.00030e-18
 122.7000000       2.81717e-18       2.81717e-18
 122.8000000       2.61549e-18       2.61549e-18
 122.9000000       2.54219e-18       2.54219e-18
 123.0000000       1.89581e-18       1.89581e-18
 123.1000000       1.34971e-18       1.34971e-18
 123.2000000       1.41245e-18       1.41245e-18
 123.3000000       1.50478e-18       1.50478e-18
 123.4000000       1.60578e-18       1.60578e-18
 123.5000000       1.75917e-18       1.75917e-18
 123.6000000       1.98874e-18       1.98874e-18
 123.7000000       2.26890e-18       2.26890e-18
 123.8000000       2.67126e-18       2.67126e-18
 123.9000000       2.83026e-18       2.83026e-18
 124.0000000       2.82453e-18       2.82453e-18
 124.1000000       2.71754e-18       2.71754e-18
 124.2000000       2.47017e-18       2.47017e-18
 124.3000000       2.29329e-18       2.29329e-18
 124.4000000       2.21275e-18       2.21275e-18
 124.5000000       2.17763e-18       2.17763e-18
 124.6000000       2.20881e-18       2.20881e-18
 124.7000000       2.24267e-18       2.24267e-18
 124.8000000       2.39742e-18       2.39742e-18
 124.9000000       2.59666e-18       2.59666e-18
 125.0000000       2.96915e-18       2.96915e-18
 125.1000000       3.38374e-18       3.38374e-18
 125.2000000       3.52263e-18       3.52263e-18
 125.3000000       3.43870e-18       3.43870e-18
 125.4000000       3.13477e-18       3.13477e-18
 125.5000000       3.04634e-18       3.04634e-18
 125.6000000       3.06930e-18       3.06930e-18
 125.7000000       3.17985e-18       3.17985e-18
 125.8000000       3.57659e-18       3.57659e-18
 125.9000000       4.03061e-18       4.03061e-18
 126.0000000       4.28287e-18       4.28287e-18
 126.1000000       4.38461e-18       4.38461e-18
 126.2000000       4.46782e-18       4.46782e-18
 126.3000000       4.53988e-18       4.53988e-18
 126.4000000       4.65716e-18       4.65716e-18
 126.5000000       4.87107e-18       4.87107e-18
 126.6000000       5.30517e-18       5.30517e-18
 126.7000000       5.71941e-18       5.71941e-18
 126.8000000       6.79096e-18       6.79096e-18
 126.9000000       7.27451e-18       7.27451e-18
 127.0000000       7.57480e-18       7.57480e-18
 127.1000000       7.67160e-18       7.67160e-18
 127.2000000       7.69975e-18       7.69975e-18
 127.3000000       7.63600e-18       7.63600e-18
 127.4000000       7.46180e-18       7.46180e-18
 127.5000000       7.32801e-18       7.32801e-18
 127.6000000       7.34837e-18       7.34837e-18
 127.7000000       7.56325e-18       7.56325e-18
 127.8000000       8.23346e-18       8.23346e-18
 127.9000000       8.64819e-18       8.64819e-18
 128.0000000       8.81709e-18       8.81709e-18
 128.1000000       8.76741e-18       8.76741e-18
 128.2000000       8.47254e-18       8.47254e-18
 128.3000000       7.95527e-18       7.95527e-18
 128.4000000       7.44563e-18       7.44563e-18
 128.5000000       7.17838e-18       7.17838e-18
 128.6000000       6.97252e-18       6.97252e-18
 128.7000000       6.85194e-18       6.85194e-18
 128.8000000       6.73591e-18       6.73591e-18
 128.9000000       6.57116e-18       6.57116e-18
 129.0000000       6.37481e-18       6.37481e-18
 129.1000000       6.16842e-18       6.16842e-18
 129.2000000       5.95510e-18       5.95510e-18
 129.3000000       5.69246e-18       5.69246e-18
 129.4000000       5.42296e-18       5.42296e-18
 129.5000000       5.16935e-18       5.16935e-18
 129.6000000       4.90387e-18       4.90387e-18
 129.7000000       4.70803e-18       4.70803e-18
 129.8000000       4.48710e-18       4.48710e-18
 129.9000000       4.31643e-18       4.31643e-18
 130.0000000       4.17769e-18       4.17769e-18
 130.1000000       4.05110e-18       4.05110e-18
 130.2000000       3.92996e-18       3.92996e-18
 130.3000000       3.81496e-18       3.81496e-18
 130.4000000       3.75936e-18       3.75936e-18
 130.5000000       3.71873e-18       3.71873e-18
 130.6000000       3.69865e-18       3.69865e-18
 130.7000000       3.74694e-18       3.74694e-18
 130.8000000       3.83599e-18       3.83599e-18
 130.9000000       4.03779e-18       4.03779e-18
 131.0000000       4.36568e-18       4.36568e-18
 131.1000000       4.78759e-18       4.78759e-18
 131.2000000       5.09198e-18       5.09198e-18
 131.3000000       5.52437e-18       5.52437e-18
 131.4000000       6.00530e-18       6.00530e-18
 131.5000000       6.48318e-18       6.48318e-18
 131.6000000       7.15090e-18       7.15090e-18
 131.7000000       7.76513e-18       7.76513e-18
 131.8000000       8.71101e-18       8.71101e-18
 131.9000000       9.80489e-18       9.80489e-18
 132.0000000       1.08987e-17       1.08987e-17
 132.1000000       1.15851e-17       1.15851e-17
 132.2000000       1.22442e-17       1.22442e-17
 132.3000000       1.30198e-17       1.30198e-17
 132.4000000       1.37332e-17       1.37332e-17
 132.5000000       1.40754e-17       1.40754e-17
 132.6000000       1.41167e-17       1.41167e-17
 132.7000000       1.41088e-17       1.41088e-17
 132.8000000       1.40038e-17       1.40038e-17
 132.9000000       1.31527e-17       1.31527e-17
 133.0000000       1.14152e-17       1.14152e-17
 133.1000000       9.72021e-18       9.72021e-18
 133.2000000       9.10081e-18       9.10081e-18
 133.3000000       8.70008e-18       8.70008e-18
 133.4000000       8.51816e-18       8.51816e-18
 133.5000000       8.92277e-18       8.92277e-18
 133.6000000       9.98268e-18       9.98268e-18
 133.7000000       1.05340e-17       1.05340e-17
 133.8000000       1.09290e-17       1.09290e-17
 133.9000000       1.13121e-17       1.13121e-17
 134.0000000       6.86848e-18       6.86848e-18
 134.1000000       2.47205e-18       2.47205e-18
 134.2000000       2.72058e-18       2.72058e-18
 134.3000000       2.60629e-18       2.60629e-18
 134.4000000       3.01451e-18       3.01451e-18
 134.5000000       2.78518e-18       2.78518e-18
 134.6000000       3.14724e-18       3.14724e-18
 134.7000000       4.38243e-18       4.38243e-18
 134.8000000       4.69860e-18       4.69860e-18
 134.9000000       6.22885e-18       6.22885e-18
 135.0000000       7.90447e-18       7.90447e-18
 135.1000000       9.27381e-18       9.27381e-18
 135.2000000       1.14931e-17       1.14931e-17
 135.3000000       1.27273e-17       1.27273e-17
 135.4000000       8.73652e-18       8.73652e-18
 135.5000000       7.61149e-18       7.61149e-18
 135.6000000       5.78673e-18       5.78673e-18
 135.7000000       3.41034e-18       3.41034e-18
 135.8000000       3.73429e-18       3.73429e-18
 135.9000000       4.31392e-18       4.31392e-18
 136.0000000       5.89515e-18       5.89515e-18
 136.1000000       5.76561e-18       5.76561e-18
 136.2000000       7.14439e-18       7.14439e-18
 136.3000000       5.99994e-18       5.99994e-18
 136.4000000       7.15939e-18       7.15939e-18
 136.5000000       9.83568e-18       9.83568e-18
 136.6000000       1.24900e-17       1.24900e-17
 136.7000000       1.83054e-17       1.83054e-17
 136.8000000       2.50144e-17       2.50144e-17
 136.9000000       2.98465e-17       2.98465e-17
 137.0000000       3.78450e-17       3.78450e-17
 137.1000000       4.44242e-17       4.44242e-17
 137.2000000       4.22695e-17       4.22695e-17
 137.3000000       3.90343e-17       3.90343e-17
 137.4000000       3.73978e-17       3.73978e-17
 137.5000000       3.59367e-17       3.59367e-17
 137.6000000       2.74757e-17       2.74757e-17
 137.7000000       1.69697e-17       1.69697e-17
 137.8000000       1.12126e-17       1.12126e-17
 137.9000000       9.01962e-18       9.01962e-18
 138.0000000       6.01635e-18       6.01635e-18
 138.1000000       6.14637e-18       6.14637e-18
 138.2000000       5.63505e-18       5.63505e-18
 138.3000000       1.05407e-17       1.05407e-17
 138.4000000       1.51322e-17       1.51322e-17
 138.5000000       2.06289e-17       2.06289e-17
 138.6000000       9.37283e-18       9.37283e-18
 138.7000000       5.13037e-18       5.13037e-18
 138.8000000       7.27495e-18       7.27495e-18
 138.9000000       2.92279e-18       2.92279e-18
 139.0000000       1.57058e-18       1.57058e-18
 139.1000000       4.07635e-18       4.07635e-18
 139.2000000       7.10515e-18       7.10515e-18
 139.3000000       7.77186e-18       7.77186e-18
 139.4000000       7.96551e-18       7.96551e-18
 139.5000000       5.84726e-18       5.84726e-18
 139.6000000       4.28030e-18       4.28030e-18
 139.7000000       3.63315e-18       3.63315e-18
 139.8000000       2.71360e-18       2.71360e-18
 139.9000000       2.01392e-18       2.01392e-18
 140.0000000       1.67631e-18       1.67631e-18
 140.1000000       1.06456e-18       1.06456e-18
 140.2000000       8.72964e-19       8.72964e-19
 140.3000000       1.00448e-18       1.00448e-18
 140.4000000       1.33847e-18       1.33847e-18
 140.5000000       2.02834e-18       2.02834e-18
 140.6000000       2.03876e-18       2.03876e-18
 140.7000000       2.36674e-18       2.36674e-18
 140.8000000       2.55897e-18       2.55897e-18
 140.9000000       2.35627e-18       2.35627e-18
 141.0000000       2.85576e-18       2.85576e-18
 141.1000000       2.35377e-18       2.35377e-18
 141.2000000       2.24910e-18       2.24910e-18
 141.3000000       2.72080e-18       2.72080e-18
 141.4000000       2.33126e-18       2.33126e-18
 141.5000000       2.48962e-18       2.48962e-18
 141.6000000       2.76861e-18       2.76861e-18
 141.7000000       3.07086e-18       3.07086e-18
 141.8000000       3.93819e-18       3.93819e-18
 141.9000000       3.88989e-18       3.88989e-18
 142.0000000       3.39681e-18       3.39681e-18
 142.1000000       3.01790e-18       3.01790e-18
 142.2000000       2.51131e-18       2.51131e-18
 142.3000000       1.69081e-18       1.69081e-18
 142.4000000       1.25153e-18       1.25153e-18
 142.5000000       1.52293e-18       1.52293e-18
 142.6000000       1.26607e-18       1.26607e-18
 142.7000000       8.07803e-19       8.07803e-19
 142.8000000       5.73203e-19       5.73203e-19
 142.9000000       5.32215e-19       5.32215e-19
 143.0000000       6.50031e-19       6.50031e-19
 143.1000000       5.64749e-19       5.64749e-19
 143.2000000       4.29347e-19       4.29347e-19
 143.3000000       3.91376e-19       3.91376e-19
 143.4000000       3.64201e-19       3.64201e-19
 143.5000000       4.29682e-19       4.29682e-19
 143.6000000       4.48624e-19       4.48624e-19
 143.7000000       3.47318e-19       3.47318e-19
 143.8000000       4.25804e-19       4.25804e-19
 143.9000000       4.27601e-19       4.27601e-19
 144.0000000       4.20133e-19       4.20133e-19
 144.1000000       4.82979e-19       4.82979e-19
 144.2000000       4.62945e-19       4.62945e-19
 144.3000000       3.56456e-19       3.56456e-19
 144.4000000       3.48311e-19       3.48311e-19
 144.5000000       3.48486e-19       3.48486e-19
 144.6000000       3.07618e-19       3.07618e-19
 144.7000000       3.41495e-19       3.41495e-19
 144.8000000       3.56061e-19       3.56061e-19
 144.9000000       3.70730e-19       3.70730e-19
 145.0000000       3.85400e-19       3.85400e-19
 145.1000000       4.00069e-19       4.00069e-19
 145.2000000       4.14738e-19       4.14738e-19
 145.3000000       4.29407e-19       4.29407e-19
 145.4000000       4.44077e-19       4.44077e-19
 145.5000000       4.58746e-19       4.58746e-19
 145.6000000       4.73415e-19       4.73415e-19
 145.7000000       4.88084e-19       4.88084e-19
 145.8000000       5.02754e-19       5.02754e-19
 145.9000000       5.17423e-19       5.17423e-19
 146.0000000       5.32092e-19       5.32092e-19
 146.1000000       5.46761e-19       5.46761e-19
 146.2000000       5.61431e-19       5.61431e-19
 146.3000000       5.76100e-19       5.76100e-19
 146.4000000       5.90769e-19       5.90769e-19
 146.5000000       6.05438e-19       6.05438e-19
 146.6000000       6.20108e-19       6.20108e-19
 146.7000000       6.34777e-19       6.34777e-19
 146.8000000       6.49446e-19       6.49446e-19
 146.9000000       6.64115e-19       6.64115e-19
 147.0000000       6.78785e-19       6.78785e-19
 147.1000000       6.93454e-19       6.93454e-19
 147.2000000       7.08123e-19       7.08123e-19
 147.3000000       7.22741e-19       7.22741e-19
 147.4000000       6.76269e-19       6.76269e-19
 147.5000000       6.83526e-19       6.83526e-19
 147.6000000       7.47190e-19       7.47190e-19
 147.7000000       7.38203e-19       7.38203e-19
 147.8000000       7.34736e-19       7.34736e-19
 147.9000000       7.48981e-19       7.48981e-19
 148.0000000       7.04937e-19       7.04937e-19
 148.1000000       7.87103e-19       7.87103e-19
 148.2000000       1.24280e-18       1.24280e-18
 148.3000000       7.45139e-19       7.45139e-19
 148.4000000       7.14280e-19       7.14280e-19
 148.5000000       5.63130e-19       5.63130e-19
 148.6000000       6.23868e-19       6.23868e-19
 148.7000000       5.85345e-19       5.85345e-19
 148.8000000       6.34607e-19       6.34607e-19
 148.9000000       7.62263e-19       7.62263e-19
 149.0000000       1.93024e-18       1.93024e-18
 149.1000000       1.47520e-18       1.47520e-18
 149.2000000       1.04168e-18       1.04168e-18
 149.3000000       7.90024e-19       7.90024e-19
 149.4000000       7.11101e-19       7.11101e-19
 149.5000000       6.70911e-19       6.70911e-19
 149.6000000       6.27879e-19       6.27879e-19
 149.7000000       6.31429e-19       6.31429e-19
 149.8000000       6.39724e-19       6.39724e-19
 149.9000000       6.22837e-19       6.22837e-19
 150.0000000       6.65333e-19       6.65333e-19
 150.1000000       6.17441e-19       6.17441e-19
 150.2000000       6.22165e-19       6.22165e-19
 150.3000000       6.54878e-19       6.54878e-19
 150.4000000       6.79680e-19       6.79680e-19
 150.5000000       6.95421e-19       6.95421e-19
 150.6000000       6.19545e-19       6.19545e-19
 150.7000000       6.49320e-19       6.49320e-19
 150.8000000       5.77147e-19       5.77147e-19
 150.9000000       6.36128e-19       6.36128e-19
 151.0000000       5.61447e-19       5.61447e-19
 151.1000000       5.83418e-19       5.83418e-19
 151.2000000       6.88471e-19       6.88471e-19
 151.3000000       7.49377e-19       7.49377e-19
 151.4000000       8.42342e-19       8.42342e-19
 151.5000000       9.00924e-19       9.00924e-19
 151.6000000       8.24399e-19       8.24399e-19
 151.7000000       1.07961e-18       1.07961e-18
 151.8000000       1.38586e-18       1.38586e-18
 151.9000000       1.49241e-18       1.49241e-18
 152.0000000       1.75118e-18       1.75118e-18
 152.1000000       2.01947e-18       2.01947e-18
 152.2000000       2.08070e-18       2.08070e-18
 152.3000000       2.76381e-18       2.76381e-18
 152.4000000       3.15848e-18       3.15848e-18
 152.5000000       2.52223e-18       2.52223e-18
 152.6000000       3.73422e-18       3.73422e-18
 152.7000000       3.42637e-18       3.42637e-18
 152.8000000       4.34808e-18       4.34808e-18
 152.9000000       4.13558e-18       4.13558e-18
 153.0000000       3.85839e-18       3.85839e-18
 153.1000000       3.37181e-18       3.37181e-18
 153.2000000       5.38357e-18       5.38357e-18
 153.3000000       7.47214e-18       7.47214e-18
 153.4000000       8.46462e-18       8.46462e-18
 153.5000000       7.73902e-18       7.73902e-18
 153.6000000       1.11265e-17       1.11265e-17
 153.7000000       1.24298e-17       1.24298e-17
 153.8000000       7.86057e-18       7.86057e-18
 153.9000000       9.39230e-18       9.39230e-18
 154.0000000       5.33914e-18       5.33914e-18
 154.1000000       5.78196e-18       5.78196e-18
 154.2000000       8.50821e-18       8.50821e-18
 154.3000000       5.48686e-18       5.48686e-18
 154.4000000       2.30207e-18       2.30207e-18
 154.5000000       8.31620e-18       8.31620e-18
 154.6000000       4.58859e-18       4.58859e-18
 154.7000000       2.33474e-18       2.33474e-18
 154.8000000       4.07142e-18       4.07142e-18
 154.9000000       1.11834e-17       1.11834e-17
 155.0000000       8.79767e-18       8.79767e-18
 155.1000000       5.65909e-18       5.65909e-18
 155.2000000       7.87882e-18       7.87882e-18
 155.3000000       2.85368e-17       2.85368e-17
 155.4000000       2.97815e-17       2.97815e-17
 155.5000000       9.69847e-18       9.69847e-18
 155.6000000       1.18365e-17       1.18365e-17
 155.7000000       4.26754e-18       4.26754e-18
 155.8000000       5.32365e-18       5.32365e-18
 155.9000000       5.14997e-18       5.14997e-18
 156.0000000       1.43376e-18       1.43376e-18
 156.1000000       1.35884e-18       1.35884e-18
 156.2000000       1.27284e-18       1.27284e-18
 156.3000000       1.76137e-18       1.76137e-18
 156.4000000       1.36649e-18       1.36649e-18
 156.5000000       3.21057e-18       3.21057e-18
 156.6000000       1.91306e-18       1.91306e-18
 156.7000000       1.83367e-18       1.83367e-18
 156.8000000       1.35102e-18       1.35102e-18
 156.9000000       1.14557e-18       1.14557e-18
 157.0000000       1.02756e-18       1.02756e-18
 157.1000000       1.03173e-18       1.03173e-18
 157.2000000       7.50716e-19       7.50716e-19
 157.3000000       1.08147e-18       1.08147e-18
 157.4000000       9.35226e-19       9.35226e-19
 157.5000000       1.12326e-18       1.12326e-18
 157.6000000       1.00319e-18       1.00319e-18
 157.7000000       8.18650e-19       8.18650e-19
 157.8000000       9.79355e-19       9.79355e-19
 157.9000000       9.20608e-19       9.20608e-19
 158.0000000       9.40202e-19       9.40202e-19
 158.1000000       8.37755e-19       8.37755e-19
 158.2000000       7.82131e-19       7.82131e-19
 158.3000000       7.19611e-19       7.19611e-19
 158.4000000       7.51242e-19       7.51242e-19
 158.5000000       6.49736e-19       6.49736e-19
