# HCl+ cross sections
# Alan Heays 2015-11-09
# References: heays2016, pradhan1991
# photoabsorption   -- Photoabsorption cross section (cm2)
# photodissociation -- Photodissociation cross section (cm2)
# photoionisation   -- Photoionisation cross section (cm2)
# 
# wavelength   photoabsorption photodissociation   photoionisation
  77.5000000       0.00000e+00       0.00000e+00       0.00000e+00
  77.6000000       2.62524e-20       2.62524e-20       0.00000e+00
  77.7000000       1.34604e-19       1.34604e-19       0.00000e+00
  77.8000000       1.46158e-19       1.46158e-19       0.00000e+00
  77.9000000       1.45908e-19       1.45908e-19       0.00000e+00
  78.0000000       1.45658e-19       1.45658e-19       0.00000e+00
  78.1000000       1.45409e-19       1.45409e-19       0.00000e+00
  78.2000000       1.45161e-19       1.45161e-19       0.00000e+00
  78.3000000       1.44913e-19       1.44913e-19       0.00000e+00
  78.4000000       1.44665e-19       1.44665e-19       0.00000e+00
  78.5000000       1.44419e-19       1.44419e-19       0.00000e+00
  78.6000000       1.43510e-19       1.43510e-19       0.00000e+00
  78.7000000       1.39118e-19       1.39118e-19       0.00000e+00
  78.8000000       1.32625e-19       1.32625e-19       0.00000e+00
  78.9000000       1.27375e-19       1.27375e-19       0.00000e+00
  79.0000000       1.03054e-19       1.03054e-19       0.00000e+00
  79.1000000       6.66385e-20       6.66385e-20       0.00000e+00
  79.2000000       5.75632e-20       5.75632e-20       0.00000e+00
  79.3000000       5.92350e-20       5.92350e-20       0.00000e+00
  79.4000000       7.55403e-20       7.55403e-20       0.00000e+00
  79.5000000       9.62114e-20       9.62114e-20       0.00000e+00
  79.6000000       6.55316e-20       6.55316e-20       0.00000e+00
  79.7000000       2.97933e-20       2.97933e-20       0.00000e+00
  79.8000000       2.07157e-20       2.07157e-20       0.00000e+00
  79.9000000       1.87137e-20       1.87137e-20       0.00000e+00
  80.0000000       1.83466e-20       1.83466e-20       0.00000e+00
  80.1000000       1.81109e-20       1.81109e-20       0.00000e+00
  80.2000000       1.78752e-20       1.78752e-20       0.00000e+00
  80.3000000       1.76395e-20       1.76395e-20       0.00000e+00
  80.4000000       1.74038e-20       1.74038e-20       0.00000e+00
  80.5000000       1.71680e-20       1.71680e-20       0.00000e+00
  80.6000000       1.69323e-20       1.69323e-20       0.00000e+00
  80.7000000       1.90675e-20       1.90675e-20       0.00000e+00
  80.8000000       3.06420e-20       3.06420e-20       0.00000e+00
  80.9000000       3.98149e-20       3.98149e-20       0.00000e+00
  81.0000000       4.13951e-20       4.13951e-20       0.00000e+00
  81.1000000       4.75594e-20       4.75594e-20       0.00000e+00
  81.2000000       6.03620e-20       6.03620e-20       0.00000e+00
  81.3000000       6.93274e-20       6.93274e-20       0.00000e+00
  81.4000000       7.94197e-20       7.94197e-20       0.00000e+00
  81.5000000       1.04216e-19       1.04216e-19       0.00000e+00
  81.6000000       1.33104e-19       1.33104e-19       0.00000e+00
  81.7000000       1.60902e-19       1.60902e-19       0.00000e+00
  81.8000000       1.81778e-19       1.81778e-19       0.00000e+00
  81.9000000       1.96739e-19       1.96739e-19       0.00000e+00
  82.0000000       2.11464e-19       2.11464e-19       0.00000e+00
  82.1000000       2.30039e-19       2.30039e-19       0.00000e+00
  82.2000000       2.57841e-19       2.57841e-19       0.00000e+00
  82.3000000       2.86574e-19       2.86574e-19       0.00000e+00
  82.4000000       3.15733e-19       3.15733e-19       0.00000e+00
  82.5000000       3.46991e-19       3.46991e-19       0.00000e+00
  82.6000000       3.78676e-19       3.78676e-19       0.00000e+00
  82.7000000       4.08666e-19       4.08666e-19       0.00000e+00
  82.8000000       4.37123e-19       4.37123e-19       0.00000e+00
  82.9000000       4.65329e-19       4.65329e-19       0.00000e+00
  83.0000000       4.91959e-19       4.91959e-19       0.00000e+00
  83.1000000       5.13932e-19       5.13932e-19       0.00000e+00
  83.2000000       5.37940e-19       5.37940e-19       0.00000e+00
  83.3000000       5.64083e-19       5.64083e-19       0.00000e+00
  83.4000000       5.83271e-19       5.83271e-19       0.00000e+00
  83.5000000       5.97356e-19       5.97356e-19       0.00000e+00
  83.6000000       6.10002e-19       6.10002e-19       0.00000e+00
  83.7000000       6.23752e-19       6.23752e-19       0.00000e+00
  83.8000000       6.43329e-19       6.43329e-19       0.00000e+00
  83.9000000       6.61886e-19       6.61886e-19       0.00000e+00
  84.0000000       6.69435e-19       6.69435e-19       0.00000e+00
  84.1000000       6.72046e-19       6.72046e-19       0.00000e+00
  84.2000000       6.66203e-19       6.66203e-19       0.00000e+00
  84.3000000       6.57245e-19       6.57245e-19       0.00000e+00
  84.4000000       6.44559e-19       6.44559e-19       0.00000e+00
  84.5000000       6.25231e-19       6.25231e-19       0.00000e+00
  84.6000000       5.99180e-19       5.99180e-19       0.00000e+00
  84.7000000       5.72805e-19       5.72805e-19       0.00000e+00
  84.8000000       5.46210e-19       5.46210e-19       0.00000e+00
  84.9000000       5.17436e-19       5.17436e-19       0.00000e+00
  85.0000000       4.85437e-19       4.85437e-19       0.00000e+00
  85.1000000       4.43784e-19       4.43784e-19       0.00000e+00
  85.2000000       4.05051e-19       4.05051e-19       0.00000e+00
  85.3000000       3.68919e-19       3.68919e-19       0.00000e+00
  85.4000000       3.32832e-19       3.32832e-19       0.00000e+00
  85.5000000       2.93838e-19       2.93838e-19       0.00000e+00
  85.6000000       2.51337e-19       2.51337e-19       0.00000e+00
  85.7000000       2.09042e-19       2.09042e-19       0.00000e+00
  85.8000000       1.70933e-19       1.70933e-19       0.00000e+00
  85.9000000       1.43748e-19       1.43748e-19       0.00000e+00
  86.0000000       1.17732e-19       1.17732e-19       0.00000e+00
  86.1000000       9.32799e-20       9.32799e-20       0.00000e+00
  86.2000000       8.09785e-20       8.09785e-20       0.00000e+00
  86.3000000       9.30361e-20       9.30361e-20       0.00000e+00
  86.4000000       1.08389e-19       1.08389e-19       0.00000e+00
  86.5000000       1.28027e-19       1.28027e-19       0.00000e+00
  86.6000000       1.71235e-19       1.71235e-19       0.00000e+00
  86.7000000       2.51934e-19       2.51934e-19       0.00000e+00
  86.8000000       3.30563e-19       3.30563e-19       0.00000e+00
  86.9000000       4.33957e-19       4.33957e-19       0.00000e+00
  87.0000000       5.81598e-19       5.81598e-19       0.00000e+00
  87.1000000       7.23486e-19       7.23486e-19       0.00000e+00
  87.2000000       9.43603e-19       9.43603e-19       0.00000e+00
  87.3000000       1.11025e-18       1.11025e-18       0.00000e+00
  87.4000000       1.29992e-18       1.29992e-18       0.00000e+00
  87.5000000       1.54360e-18       1.54360e-18       0.00000e+00
  87.6000000       1.77676e-18       1.77676e-18       0.00000e+00
  87.7000000       2.00811e-18       2.00811e-18       0.00000e+00
  87.8000000       2.23945e-18       2.23945e-18       0.00000e+00
  87.9000000       2.37468e-18       2.37468e-18       0.00000e+00
  88.0000000       2.28844e-18       2.28844e-18       0.00000e+00
  88.1000000       2.83996e-18       2.83996e-18       0.00000e+00
  88.2000000       3.26157e-18       3.26157e-18       0.00000e+00
  88.3000000       3.54036e-18       3.54036e-18       0.00000e+00
  88.4000000       3.84799e-18       3.84799e-18       0.00000e+00
  88.5000000       4.06909e-18       4.06909e-18       0.00000e+00
  88.6000000       4.37518e-18       4.37518e-18       0.00000e+00
  88.7000000       4.68325e-18       4.68325e-18       0.00000e+00
  88.8000000       4.98032e-18       4.98032e-18       0.00000e+00
  88.9000000       5.25352e-18       5.25352e-18       0.00000e+00
  89.0000000       5.52476e-18       5.52476e-18       0.00000e+00
  89.1000000       5.79659e-18       5.79659e-18       0.00000e+00
  89.2000000       6.06848e-18       6.06848e-18       0.00000e+00
  89.3000000       6.34038e-18       6.34038e-18       0.00000e+00
  89.4000000       6.44530e-18       6.44530e-18       0.00000e+00
  89.5000000       6.18161e-18       6.18161e-18       0.00000e+00
  89.6000000       7.05322e-18       7.05322e-18       0.00000e+00
  89.7000000       7.59725e-18       7.59725e-18       0.00000e+00
  89.8000000       7.98904e-18       7.98904e-18       0.00000e+00
  89.9000000       8.01138e-18       8.01138e-18       0.00000e+00
  90.0000000       8.17495e-18       8.17495e-18       0.00000e+00
  90.1000000       8.27755e-18       8.27755e-18       0.00000e+00
  90.2000000       8.66140e-18       8.66140e-18       0.00000e+00
  90.3000000       8.95382e-18       8.95382e-18       0.00000e+00
  90.4000000       9.17761e-18       9.17761e-18       0.00000e+00
  90.5000000       9.37040e-18       9.37040e-18       0.00000e+00
  90.6000000       9.55875e-18       9.55875e-18       0.00000e+00
  90.7000000       9.72685e-18       9.72685e-18       0.00000e+00
  90.8000000       9.91358e-18       9.91358e-18       0.00000e+00
  90.9000000       1.00947e-17       1.00947e-17       0.00000e+00
  91.0000000       1.02200e-17       1.02200e-17       0.00000e+00
  91.1000000       1.03495e-17       1.03495e-17       0.00000e+00
  91.2000000       1.04803e-17       1.04803e-17       0.00000e+00
  91.3000000       1.06111e-17       1.06111e-17       0.00000e+00
  91.4000000       1.07412e-17       1.07412e-17       0.00000e+00
  91.5000000       1.08617e-17       1.08617e-17       0.00000e+00
  91.6000000       1.09535e-17       1.09535e-17       0.00000e+00
  91.7000000       1.10379e-17       1.10379e-17       0.00000e+00
  91.8000000       1.11131e-17       1.11131e-17       0.00000e+00
  91.9000000       1.11782e-17       1.11782e-17       0.00000e+00
  92.0000000       1.12330e-17       1.12330e-17       0.00000e+00
  92.1000000       1.12802e-17       1.12802e-17       0.00000e+00
  92.2000000       1.13148e-17       1.13148e-17       0.00000e+00
  92.3000000       1.13469e-17       1.13469e-17       0.00000e+00
  92.4000000       1.13763e-17       1.13763e-17       0.00000e+00
  92.5000000       1.14007e-17       1.14007e-17       0.00000e+00
  92.6000000       1.14056e-17       1.14056e-17       0.00000e+00
  92.7000000       1.14077e-17       1.14077e-17       0.00000e+00
  92.8000000       1.14081e-17       1.14081e-17       0.00000e+00
  92.9000000       1.14019e-17       1.14019e-17       0.00000e+00
  93.0000000       1.13809e-17       1.13809e-17       0.00000e+00
  93.1000000       1.13462e-17       1.13462e-17       0.00000e+00
  93.2000000       1.13133e-17       1.13133e-17       0.00000e+00
  93.3000000       1.12771e-17       1.12771e-17       0.00000e+00
  93.4000000       1.12337e-17       1.12337e-17       0.00000e+00
  93.5000000       1.11776e-17       1.11776e-17       0.00000e+00
  93.6000000       1.11098e-17       1.11098e-17       0.00000e+00
  93.7000000       1.10349e-17       1.10349e-17       0.00000e+00
  93.8000000       1.09679e-17       1.09679e-17       0.00000e+00
  93.9000000       1.08816e-17       1.08816e-17       0.00000e+00
  94.0000000       1.08012e-17       1.08012e-17       0.00000e+00
  94.1000000       1.07108e-17       1.07108e-17       0.00000e+00
  94.2000000       1.06091e-17       1.06091e-17       0.00000e+00
  94.3000000       1.05142e-17       1.05142e-17       0.00000e+00
  94.4000000       1.04156e-17       1.04156e-17       0.00000e+00
  94.5000000       1.03054e-17       1.03054e-17       0.00000e+00
  94.6000000       1.02000e-17       1.02000e-17       0.00000e+00
  94.7000000       1.00876e-17       1.00876e-17       0.00000e+00
  94.8000000       9.96093e-18       9.96093e-18       0.00000e+00
  94.9000000       9.86158e-18       9.86158e-18       0.00000e+00
  95.0000000       9.74210e-18       9.74210e-18       0.00000e+00
  95.1000000       9.59867e-18       9.59867e-18       0.00000e+00
  95.2000000       9.46317e-18       9.46317e-18       0.00000e+00
  95.3000000       9.33578e-18       9.33578e-18       0.00000e+00
  95.4000000       9.20387e-18       9.20387e-18       0.00000e+00
  95.5000000       9.04345e-18       9.04345e-18       0.00000e+00
  95.6000000       8.89642e-18       8.89642e-18       0.00000e+00
  95.7000000       8.75573e-18       8.75573e-18       0.00000e+00
  95.8000000       8.61420e-18       8.61420e-18       0.00000e+00
  95.9000000       8.46146e-18       8.46146e-18       0.00000e+00
  96.0000000       8.31487e-18       8.31487e-18       0.00000e+00
  96.1000000       8.16440e-18       8.16440e-18       0.00000e+00
  96.2000000       8.00799e-18       8.00799e-18       0.00000e+00
  96.3000000       7.85887e-18       7.85887e-18       0.00000e+00
  96.4000000       7.70319e-18       7.70319e-18       0.00000e+00
  96.5000000       7.55042e-18       7.55042e-18       0.00000e+00
  96.6000000       7.36956e-18       7.36956e-18       0.00000e+00
  96.7000000       7.22312e-18       7.22312e-18       0.00000e+00
  96.8000000       7.06993e-18       7.06993e-18       0.00000e+00
  96.9000000       6.90575e-18       6.90575e-18       0.00000e+00
  97.0000000       6.76531e-18       6.76531e-18       0.00000e+00
  97.1000000       6.61769e-18       6.61769e-18       0.00000e+00
  97.2000000       6.44882e-18       6.44882e-18       0.00000e+00
  97.3000000       6.27102e-18       6.27102e-18       0.00000e+00
  97.4000000       6.10139e-18       6.10139e-18       0.00000e+00
  97.5000000       5.96680e-18       5.96680e-18       0.00000e+00
  97.6000000       5.81643e-18       5.81643e-18       0.00000e+00
  97.7000000       5.68786e-18       5.68786e-18       0.00000e+00
  97.8000000       5.54535e-18       5.54535e-18       0.00000e+00
  97.9000000       5.40130e-18       5.40130e-18       0.00000e+00
  98.0000000       5.27728e-18       5.27728e-18       0.00000e+00
  98.1000000       5.14959e-18       5.14959e-18       0.00000e+00
  98.2000000       5.01406e-18       5.01406e-18       0.00000e+00
  98.3000000       4.90735e-18       4.90735e-18       0.00000e+00
  98.4000000       4.78963e-18       4.78963e-18       0.00000e+00
  98.5000000       4.64966e-18       4.64966e-18       0.00000e+00
  98.6000000       4.52129e-18       4.52129e-18       0.00000e+00
  98.7000000       4.39925e-18       4.39925e-18       0.00000e+00
  98.8000000       4.28930e-18       4.28930e-18       0.00000e+00
  98.9000000       4.18627e-18       4.18627e-18       0.00000e+00
  99.0000000       4.06681e-18       4.06681e-18       0.00000e+00
  99.1000000       3.95992e-18       3.95992e-18       0.00000e+00
  99.2000000       3.86950e-18       3.86950e-18       0.00000e+00
  99.3000000       3.76870e-18       3.76870e-18       0.00000e+00
  99.4000000       3.66778e-18       3.66778e-18       0.00000e+00
  99.5000000       3.56871e-18       3.56871e-18       0.00000e+00
  99.6000000       3.47709e-18       3.47709e-18       0.00000e+00
  99.7000000       3.39684e-18       3.39684e-18       0.00000e+00
  99.8000000       3.31713e-18       3.31713e-18       0.00000e+00
  99.9000000       3.22447e-18       3.22447e-18       0.00000e+00
 100.0000000       3.14913e-18       3.14913e-18       0.00000e+00
 100.1000000       3.06775e-18       3.06775e-18       0.00000e+00
 100.2000000       2.98523e-18       2.98523e-18       0.00000e+00
 100.3000000       2.90822e-18       2.90822e-18       0.00000e+00
 100.4000000       2.83849e-18       2.83849e-18       0.00000e+00
 100.5000000       2.77286e-18       2.77286e-18       0.00000e+00
 100.6000000       2.70749e-18       2.70749e-18       0.00000e+00
 100.7000000       2.63944e-18       2.63944e-18       0.00000e+00
 100.8000000       2.57183e-18       2.57183e-18       0.00000e+00
 100.9000000       2.50365e-18       2.50365e-18       0.00000e+00
 101.0000000       2.43074e-18       2.43074e-18       0.00000e+00
 101.1000000       2.35733e-18       2.35733e-18       0.00000e+00
 101.2000000       2.29286e-18       2.29286e-18       0.00000e+00
 101.3000000       2.24456e-18       2.24456e-18       0.00000e+00
 101.4000000       2.19691e-18       2.19691e-18       0.00000e+00
 101.5000000       2.12819e-18       2.12819e-18       0.00000e+00
 101.6000000       2.06442e-18       2.06442e-18       0.00000e+00
 101.7000000       2.01376e-18       2.01376e-18       0.00000e+00
 101.8000000       1.96112e-18       1.96112e-18       0.00000e+00
 101.9000000       1.90625e-18       1.90625e-18       0.00000e+00
 102.0000000       1.85135e-18       1.85135e-18       0.00000e+00
 102.1000000       1.79824e-18       1.79824e-18       0.00000e+00
 102.2000000       1.74846e-18       1.74846e-18       0.00000e+00
 102.3000000       1.69363e-18       1.69363e-18       0.00000e+00
 102.4000000       1.64194e-18       1.64194e-18       0.00000e+00
 102.5000000       1.60004e-18       1.60004e-18       0.00000e+00
 102.6000000       1.55624e-18       1.55624e-18       0.00000e+00
 102.7000000       1.50945e-18       1.50945e-18       0.00000e+00
 102.8000000       1.46251e-18       1.46251e-18       0.00000e+00
 102.9000000       1.41614e-18       1.41614e-18       0.00000e+00
 103.0000000       1.37089e-18       1.37089e-18       0.00000e+00
 103.1000000       1.32676e-18       1.32676e-18       0.00000e+00
 103.2000000       1.28676e-18       1.28676e-18       0.00000e+00
 103.3000000       1.24885e-18       1.24885e-18       0.00000e+00
 103.4000000       1.21480e-18       1.21480e-18       0.00000e+00
 103.5000000       1.18278e-18       1.18278e-18       0.00000e+00
 103.6000000       1.15370e-18       1.15370e-18       0.00000e+00
 103.7000000       1.12600e-18       1.12600e-18       0.00000e+00
 103.8000000       1.10008e-18       1.10008e-18       0.00000e+00
 103.9000000       1.07692e-18       1.07692e-18       0.00000e+00
 104.0000000       1.05402e-18       1.05402e-18       0.00000e+00
 104.1000000       1.03093e-18       1.03093e-18       0.00000e+00
 104.2000000       1.00692e-18       1.00692e-18       0.00000e+00
 104.3000000       9.80239e-19       9.80239e-19       0.00000e+00
 104.4000000       9.51506e-19       9.51506e-19       0.00000e+00
 104.5000000       9.24818e-19       9.24818e-19       0.00000e+00
 104.6000000       9.05821e-19       9.05821e-19       0.00000e+00
 104.7000000       8.87708e-19       8.87708e-19       0.00000e+00
 104.8000000       8.66979e-19       8.66979e-19       0.00000e+00
 104.9000000       8.44775e-19       8.44775e-19       0.00000e+00
 105.0000000       8.23780e-19       8.23780e-19       0.00000e+00
 105.1000000       8.05856e-19       8.05856e-19       0.00000e+00
 105.2000000       7.88691e-19       7.88691e-19       0.00000e+00
 105.3000000       7.73143e-19       7.73143e-19       0.00000e+00
 105.4000000       7.58186e-19       7.58186e-19       0.00000e+00
 105.5000000       7.44020e-19       7.44020e-19       0.00000e+00
 105.6000000       7.33454e-19       7.33454e-19       0.00000e+00
 105.7000000       7.23239e-19       7.23239e-19       0.00000e+00
 105.8000000       7.11552e-19       7.11552e-19       0.00000e+00
 105.9000000       6.97076e-19       6.97076e-19       0.00000e+00
 106.0000000       6.82694e-19       6.82694e-19       0.00000e+00
 106.1000000       6.69681e-19       6.69681e-19       0.00000e+00
 106.2000000       6.58963e-19       6.58963e-19       0.00000e+00
 106.3000000       6.48657e-19       6.48657e-19       0.00000e+00
 106.4000000       6.39244e-19       6.39244e-19       0.00000e+00
 106.5000000       6.30642e-19       6.30642e-19       0.00000e+00
 106.6000000       6.21877e-19       6.21877e-19       0.00000e+00
 106.7000000       6.12273e-19       6.12273e-19       0.00000e+00
 106.8000000       6.01582e-19       6.01582e-19       0.00000e+00
 106.9000000       5.91062e-19       5.91062e-19       0.00000e+00
 107.0000000       5.82201e-19       5.82201e-19       0.00000e+00
 107.1000000       5.75716e-19       5.75716e-19       0.00000e+00
 107.2000000       5.70227e-19       5.70227e-19       0.00000e+00
 107.3000000       5.64954e-19       5.64954e-19       0.00000e+00
 107.4000000       5.60263e-19       5.60263e-19       0.00000e+00
 107.5000000       5.55722e-19       5.55722e-19       0.00000e+00
 107.6000000       5.51061e-19       5.51061e-19       0.00000e+00
 107.7000000       5.46847e-19       5.46847e-19       0.00000e+00
 107.8000000       5.42625e-19       5.42625e-19       0.00000e+00
 107.9000000       5.38161e-19       5.38161e-19       0.00000e+00
 108.0000000       5.33316e-19       5.33316e-19       0.00000e+00
 108.1000000       5.28379e-19       5.28379e-19       0.00000e+00
 108.2000000       5.22797e-19       5.22797e-19       0.00000e+00
 108.3000000       5.15095e-19       5.15095e-19       0.00000e+00
 108.4000000       5.06101e-19       5.06101e-19       0.00000e+00
 108.5000000       4.99456e-19       4.99456e-19       0.00000e+00
 108.6000000       5.04184e-19       5.04184e-19       0.00000e+00
 108.7000000       5.15434e-19       5.15434e-19       0.00000e+00
 108.8000000       5.24912e-19       5.24912e-19       0.00000e+00
 108.9000000       5.23823e-19       5.23823e-19       0.00000e+00
 109.0000000       5.17587e-19       5.17587e-19       0.00000e+00
 109.1000000       5.11038e-19       5.11038e-19       0.00000e+00
 109.2000000       5.05073e-19       5.05073e-19       0.00000e+00
 109.3000000       4.99270e-19       4.99270e-19       0.00000e+00
 109.4000000       4.93479e-19       4.93479e-19       0.00000e+00
 109.5000000       4.87687e-19       4.87687e-19       0.00000e+00
 109.6000000       4.81955e-19       4.81955e-19       0.00000e+00
 109.7000000       4.76448e-19       4.76448e-19       0.00000e+00
 109.8000000       4.70883e-19       4.70883e-19       0.00000e+00
 109.9000000       4.65276e-19       4.65276e-19       0.00000e+00
 110.0000000       4.59650e-19       4.59650e-19       0.00000e+00
 110.1000000       4.55059e-19       4.55059e-19       0.00000e+00
 110.2000000       4.54853e-19       4.54853e-19       0.00000e+00
 110.3000000       4.55172e-19       4.55172e-19       0.00000e+00
 110.4000000       4.56900e-19       4.56900e-19       0.00000e+00
 110.5000000       4.64828e-19       4.64828e-19       0.00000e+00
 110.6000000       4.76489e-19       4.76489e-19       0.00000e+00
 110.7000000       4.79058e-19       4.79058e-19       0.00000e+00
 110.8000000       4.49240e-19       4.49240e-19       0.00000e+00
 110.9000000       4.50575e-19       4.50575e-19       0.00000e+00
 111.0000000       4.56065e-19       4.56065e-19       0.00000e+00
 111.1000000       4.61537e-19       4.61537e-19       0.00000e+00
 111.2000000       4.66691e-19       4.66691e-19       0.00000e+00
 111.3000000       4.71314e-19       4.71314e-19       0.00000e+00
 111.4000000       4.75063e-19       4.75063e-19       0.00000e+00
 111.5000000       4.78763e-19       4.78763e-19       0.00000e+00
 111.6000000       4.82530e-19       4.82530e-19       0.00000e+00
 111.7000000       4.86567e-19       4.86567e-19       0.00000e+00
 111.8000000       4.90690e-19       4.90690e-19       0.00000e+00
 111.9000000       4.94871e-19       4.94871e-19       0.00000e+00
 112.0000000       4.99272e-19       4.99272e-19       0.00000e+00
 112.1000000       5.04197e-19       5.04197e-19       0.00000e+00
 112.2000000       5.10595e-19       5.10595e-19       0.00000e+00
 112.3000000       5.15326e-19       5.15326e-19       0.00000e+00
 112.4000000       5.19607e-19       5.19607e-19       0.00000e+00
 112.5000000       5.23870e-19       5.23870e-19       0.00000e+00
 112.6000000       5.28229e-19       5.28229e-19       0.00000e+00
 112.7000000       5.32816e-19       5.32816e-19       0.00000e+00
 112.8000000       5.37468e-19       5.37468e-19       0.00000e+00
 112.9000000       5.42125e-19       5.42125e-19       0.00000e+00
 113.0000000       5.46742e-19       5.46742e-19       0.00000e+00
 113.1000000       5.51187e-19       5.51187e-19       0.00000e+00
 113.2000000       5.55596e-19       5.55596e-19       0.00000e+00
 113.3000000       5.60064e-19       5.60064e-19       0.00000e+00
 113.4000000       5.64881e-19       5.64881e-19       0.00000e+00
 113.5000000       5.70077e-19       5.70077e-19       0.00000e+00
 113.6000000       5.74887e-19       5.74887e-19       0.00000e+00
 113.7000000       5.78421e-19       5.78421e-19       0.00000e+00
 113.8000000       5.81683e-19       5.81683e-19       0.00000e+00
 113.9000000       5.84676e-19       5.84676e-19       0.00000e+00
 114.0000000       5.87990e-19       5.87990e-19       0.00000e+00
 114.1000000       5.91656e-19       5.91656e-19       0.00000e+00
 114.2000000       5.95747e-19       5.95747e-19       0.00000e+00
 114.3000000       6.00466e-19       6.00466e-19       0.00000e+00
 114.4000000       6.05198e-19       6.05198e-19       0.00000e+00
 114.5000000       6.10047e-19       6.10047e-19       0.00000e+00
 114.6000000       6.15521e-19       6.15521e-19       0.00000e+00
 114.7000000       6.21453e-19       6.21453e-19       0.00000e+00
 114.8000000       6.27003e-19       6.27003e-19       0.00000e+00
 114.9000000       6.32216e-19       6.32216e-19       0.00000e+00
 115.0000000       6.37329e-19       6.37329e-19       0.00000e+00
 115.1000000       6.41971e-19       6.41971e-19       0.00000e+00
 115.2000000       6.45863e-19       6.45863e-19       0.00000e+00
 115.3000000       6.50019e-19       6.50019e-19       0.00000e+00
 115.4000000       6.54249e-19       6.54249e-19       0.00000e+00
 115.5000000       6.58665e-19       6.58665e-19       0.00000e+00
 115.6000000       6.63207e-19       6.63207e-19       0.00000e+00
 115.7000000       6.67667e-19       6.67667e-19       0.00000e+00
 115.8000000       6.72215e-19       6.72215e-19       0.00000e+00
 115.9000000       6.76801e-19       6.76801e-19       0.00000e+00
 116.0000000       6.81338e-19       6.81338e-19       0.00000e+00
 116.1000000       6.85598e-19       6.85598e-19       0.00000e+00
 116.2000000       6.89583e-19       6.89583e-19       0.00000e+00
 116.3000000       6.93622e-19       6.93622e-19       0.00000e+00
 116.4000000       6.97667e-19       6.97667e-19       0.00000e+00
 116.5000000       7.01468e-19       7.01468e-19       0.00000e+00
 116.6000000       7.05124e-19       7.05124e-19       0.00000e+00
 116.7000000       7.08794e-19       7.08794e-19       0.00000e+00
 116.8000000       7.12832e-19       7.12832e-19       0.00000e+00
 116.9000000       7.17948e-19       7.17948e-19       0.00000e+00
 117.0000000       7.23136e-19       7.23136e-19       0.00000e+00
 117.1000000       7.28086e-19       7.28086e-19       0.00000e+00
 117.2000000       7.32631e-19       7.32631e-19       0.00000e+00
 117.3000000       7.36791e-19       7.36791e-19       0.00000e+00
 117.4000000       7.40604e-19       7.40604e-19       0.00000e+00
 117.5000000       7.44303e-19       7.44303e-19       0.00000e+00
 117.6000000       7.48300e-19       7.48300e-19       0.00000e+00
 117.7000000       7.52095e-19       7.52095e-19       0.00000e+00
 117.8000000       7.55129e-19       7.55129e-19       0.00000e+00
 117.9000000       7.58082e-19       7.58082e-19       0.00000e+00
 118.0000000       7.61034e-19       7.61034e-19       0.00000e+00
 118.1000000       7.63986e-19       7.63986e-19       0.00000e+00
 118.2000000       7.66914e-19       7.66914e-19       0.00000e+00
 118.3000000       7.69764e-19       7.69764e-19       0.00000e+00
 118.4000000       7.72564e-19       7.72564e-19       0.00000e+00
 118.5000000       7.75350e-19       7.75350e-19       0.00000e+00
 118.6000000       7.78069e-19       7.78069e-19       0.00000e+00
 118.7000000       7.80655e-19       7.80655e-19       0.00000e+00
 118.8000000       7.83232e-19       7.83232e-19       0.00000e+00
 118.9000000       7.85879e-19       7.85879e-19       0.00000e+00
 119.0000000       7.88761e-19       7.88761e-19       0.00000e+00
 119.1000000       7.91730e-19       7.91730e-19       0.00000e+00
 119.2000000       7.94691e-19       7.94691e-19       0.00000e+00
 119.3000000       7.97650e-19       7.97650e-19       0.00000e+00
 119.4000000       8.00595e-19       8.00595e-19       0.00000e+00
 119.5000000       8.03450e-19       8.03450e-19       0.00000e+00
 119.6000000       8.06170e-19       8.06170e-19       0.00000e+00
 119.7000000       8.08840e-19       8.08840e-19       0.00000e+00
 119.8000000       8.11326e-19       8.11326e-19       0.00000e+00
 119.9000000       8.13657e-19       8.13657e-19       0.00000e+00
 120.0000000       8.15953e-19       8.15953e-19       0.00000e+00
 120.1000000       8.18024e-19       8.18024e-19       0.00000e+00
 120.2000000       8.19491e-19       8.19491e-19       0.00000e+00
 120.3000000       8.20852e-19       8.20852e-19       0.00000e+00
 120.4000000       8.22033e-19       8.22033e-19       0.00000e+00
 120.5000000       8.23240e-19       8.23240e-19       0.00000e+00
 120.6000000       8.25079e-19       8.25079e-19       0.00000e+00
 120.7000000       8.27055e-19       8.27055e-19       0.00000e+00
 120.8000000       8.29108e-19       8.29108e-19       0.00000e+00
 120.9000000       8.31168e-19       8.31168e-19       0.00000e+00
 121.0000000       8.33211e-19       8.33211e-19       0.00000e+00
 121.1000000       8.35176e-19       8.35176e-19       0.00000e+00
 121.2000000       8.37120e-19       8.37120e-19       0.00000e+00
 121.3000000       8.39038e-19       8.39038e-19       0.00000e+00
 121.4000000       8.40921e-19       8.40921e-19       0.00000e+00
 121.5000000       8.42779e-19       8.42779e-19       0.00000e+00
 121.6000000       8.44567e-19       8.44567e-19       0.00000e+00
 121.7000000       8.46065e-19       8.46065e-19       0.00000e+00
 121.8000000       8.47478e-19       8.47478e-19       0.00000e+00
 121.9000000       8.48885e-19       8.48885e-19       0.00000e+00
 122.0000000       8.50244e-19       8.50244e-19       0.00000e+00
 122.1000000       8.51398e-19       8.51398e-19       0.00000e+00
 122.2000000       8.52506e-19       8.52506e-19       0.00000e+00
 122.3000000       8.53570e-19       8.53570e-19       0.00000e+00
 122.4000000       8.54461e-19       8.54461e-19       0.00000e+00
 122.5000000       8.55319e-19       8.55319e-19       0.00000e+00
 122.6000000       8.55979e-19       8.55979e-19       0.00000e+00
 122.7000000       8.56098e-19       8.56098e-19       0.00000e+00
 122.8000000       8.56192e-19       8.56192e-19       0.00000e+00
 122.9000000       8.56290e-19       8.56290e-19       0.00000e+00
 123.0000000       8.56508e-19       8.56508e-19       0.00000e+00
 123.1000000       8.57201e-19       8.57201e-19       0.00000e+00
 123.2000000       8.57831e-19       8.57831e-19       0.00000e+00
 123.3000000       8.58338e-19       8.58338e-19       0.00000e+00
 123.4000000       8.58812e-19       8.58812e-19       0.00000e+00
 123.5000000       8.59285e-19       8.59285e-19       0.00000e+00
 123.6000000       8.59748e-19       8.59748e-19       0.00000e+00
 123.7000000       8.60137e-19       8.60137e-19       0.00000e+00
 123.8000000       8.60329e-19       8.60329e-19       0.00000e+00
 123.9000000       8.60320e-19       8.60320e-19       0.00000e+00
 124.0000000       8.60356e-19       8.60356e-19       0.00000e+00
 124.1000000       8.60835e-19       8.60835e-19       0.00000e+00
 124.2000000       8.61483e-19       8.61483e-19       0.00000e+00
 124.3000000       8.62093e-19       8.62093e-19       0.00000e+00
 124.4000000       8.62696e-19       8.62696e-19       0.00000e+00
 124.5000000       8.63381e-19       8.63381e-19       0.00000e+00
 124.6000000       8.64042e-19       8.64042e-19       0.00000e+00
 124.7000000       8.64462e-19       8.64462e-19       0.00000e+00
 124.8000000       8.64412e-19       8.64412e-19       0.00000e+00
 124.9000000       8.64142e-19       8.64142e-19       0.00000e+00
 125.0000000       8.63853e-19       8.63853e-19       0.00000e+00
 125.1000000       8.63566e-19       8.63566e-19       0.00000e+00
 125.2000000       8.63312e-19       8.63312e-19       0.00000e+00
 125.3000000       8.63200e-19       8.63200e-19       0.00000e+00
 125.4000000       8.63020e-19       8.63020e-19       0.00000e+00
 125.5000000       8.62207e-19       8.62207e-19       0.00000e+00
 125.6000000       8.61306e-19       8.61306e-19       0.00000e+00
 125.7000000       8.60345e-19       8.60345e-19       0.00000e+00
 125.8000000       8.59263e-19       8.59263e-19       0.00000e+00
 125.9000000       8.58153e-19       8.58153e-19       0.00000e+00
 126.0000000       8.57021e-19       8.57021e-19       0.00000e+00
 126.1000000       8.55886e-19       8.55886e-19       0.00000e+00
 126.2000000       8.54822e-19       8.54822e-19       0.00000e+00
 126.3000000       8.53787e-19       8.53787e-19       0.00000e+00
 126.4000000       8.52754e-19       8.52754e-19       0.00000e+00
 126.5000000       8.51721e-19       8.51721e-19       0.00000e+00
 126.6000000       8.50668e-19       8.50668e-19       0.00000e+00
 126.7000000       8.49420e-19       8.49420e-19       0.00000e+00
 126.8000000       8.47681e-19       8.47681e-19       0.00000e+00
 126.9000000       8.45832e-19       8.45832e-19       0.00000e+00
 127.0000000       8.44003e-19       8.44003e-19       0.00000e+00
 127.1000000       8.42401e-19       8.42401e-19       0.00000e+00
 127.2000000       8.41309e-19       8.41309e-19       0.00000e+00
 127.3000000       8.40310e-19       8.40310e-19       0.00000e+00
 127.4000000       8.39403e-19       8.39403e-19       0.00000e+00
 127.5000000       8.38404e-19       8.38404e-19       0.00000e+00
 127.6000000       8.36945e-19       8.36945e-19       0.00000e+00
 127.7000000       8.35268e-19       8.35268e-19       0.00000e+00
 127.8000000       8.33573e-19       8.33573e-19       0.00000e+00
 127.9000000       8.31870e-19       8.31870e-19       0.00000e+00
 128.0000000       8.30107e-19       8.30107e-19       0.00000e+00
 128.1000000       8.28245e-19       8.28245e-19       0.00000e+00
 128.2000000       8.26395e-19       8.26395e-19       0.00000e+00
 128.3000000       8.24532e-19       8.24532e-19       0.00000e+00
 128.4000000       8.22582e-19       8.22582e-19       0.00000e+00
 128.5000000       8.20512e-19       8.20512e-19       0.00000e+00
 128.6000000       8.18364e-19       8.18364e-19       0.00000e+00
 128.7000000       8.16405e-19       8.16405e-19       0.00000e+00
 128.8000000       8.14699e-19       8.14699e-19       0.00000e+00
 128.9000000       8.13016e-19       8.13016e-19       0.00000e+00
 129.0000000       8.11285e-19       8.11285e-19       0.00000e+00
 129.1000000       8.09373e-19       8.09373e-19       0.00000e+00
 129.2000000       8.07504e-19       8.07504e-19       0.00000e+00
 129.3000000       8.05654e-19       8.05654e-19       0.00000e+00
 129.4000000       8.03865e-19       8.03865e-19       0.00000e+00
 129.5000000       8.02203e-19       8.02203e-19       0.00000e+00
 129.6000000       8.00102e-19       8.00102e-19       0.00000e+00
 129.7000000       7.97951e-19       7.97951e-19       0.00000e+00
 129.8000000       7.95800e-19       7.95800e-19       0.00000e+00
 129.9000000       7.93634e-19       7.93634e-19       0.00000e+00
 130.0000000       7.91370e-19       7.91370e-19       0.00000e+00
 130.1000000       7.88934e-19       7.88934e-19       0.00000e+00
 130.2000000       7.86331e-19       7.86331e-19       0.00000e+00
 130.3000000       7.83481e-19       7.83481e-19       0.00000e+00
 130.4000000       7.80614e-19       7.80614e-19       0.00000e+00
 130.5000000       7.77747e-19       7.77747e-19       0.00000e+00
 130.6000000       7.74883e-19       7.74883e-19       0.00000e+00
 130.7000000       7.72028e-19       7.72028e-19       0.00000e+00
 130.8000000       7.69168e-19       7.69168e-19       0.00000e+00
 130.9000000       7.66426e-19       7.66426e-19       0.00000e+00
 131.0000000       7.64287e-19       7.64287e-19       0.00000e+00
 131.1000000       7.62290e-19       7.62290e-19       0.00000e+00
 131.2000000       7.60301e-19       7.60301e-19       0.00000e+00
 131.3000000       7.58278e-19       7.58278e-19       0.00000e+00
 131.4000000       7.55933e-19       7.55933e-19       0.00000e+00
 131.5000000       7.52784e-19       7.52784e-19       0.00000e+00
 131.6000000       7.49361e-19       7.49361e-19       0.00000e+00
 131.7000000       7.45881e-19       7.45881e-19       0.00000e+00
 131.8000000       7.42396e-19       7.42396e-19       0.00000e+00
 131.9000000       7.38963e-19       7.38963e-19       0.00000e+00
 132.0000000       7.35746e-19       7.35746e-19       0.00000e+00
 132.1000000       7.32564e-19       7.32564e-19       0.00000e+00
 132.2000000       7.29384e-19       7.29384e-19       0.00000e+00
 132.3000000       7.26186e-19       7.26186e-19       0.00000e+00
 132.4000000       7.22911e-19       7.22911e-19       0.00000e+00
 132.5000000       7.19615e-19       7.19615e-19       0.00000e+00
 132.6000000       7.16405e-19       7.16405e-19       0.00000e+00
 132.7000000       7.13713e-19       7.13713e-19       0.00000e+00
 132.8000000       7.11714e-19       7.11714e-19       0.00000e+00
 132.9000000       7.09787e-19       7.09787e-19       0.00000e+00
 133.0000000       7.07860e-19       7.07860e-19       0.00000e+00
 133.1000000       7.05768e-19       7.05768e-19       0.00000e+00
 133.2000000       7.02812e-19       7.02812e-19       0.00000e+00
 133.3000000       6.99022e-19       6.99022e-19       0.00000e+00
 133.4000000       6.95124e-19       6.95124e-19       0.00000e+00
 133.5000000       6.91092e-19       6.91092e-19       0.00000e+00
 133.6000000       6.86918e-19       6.86918e-19       0.00000e+00
 133.7000000       6.82713e-19       6.82713e-19       0.00000e+00
 133.8000000       6.78478e-19       6.78478e-19       0.00000e+00
 133.9000000       6.74219e-19       6.74219e-19       0.00000e+00
 134.0000000       6.70184e-19       6.70184e-19       0.00000e+00
 134.1000000       6.66604e-19       6.66604e-19       0.00000e+00
 134.2000000       6.63109e-19       6.63109e-19       0.00000e+00
 134.3000000       6.59936e-19       6.59936e-19       0.00000e+00
 134.4000000       6.57511e-19       6.57511e-19       0.00000e+00
 134.5000000       6.55171e-19       6.55171e-19       0.00000e+00
 134.6000000       6.52631e-19       6.52631e-19       0.00000e+00
 134.7000000       6.49618e-19       6.49618e-19       0.00000e+00
 134.8000000       6.44786e-19       6.44786e-19       0.00000e+00
 134.9000000       6.39315e-19       6.39315e-19       0.00000e+00
 135.0000000       6.34709e-19       6.34709e-19       0.00000e+00
 135.1000000       6.31911e-19       6.31911e-19       0.00000e+00
 135.2000000       6.29195e-19       6.29195e-19       0.00000e+00
 135.3000000       6.26208e-19       6.26208e-19       0.00000e+00
 135.4000000       6.23056e-19       6.23056e-19       0.00000e+00
 135.5000000       6.19387e-19       6.19387e-19       0.00000e+00
 135.6000000       6.15661e-19       6.15661e-19       0.00000e+00
 135.7000000       6.11930e-19       6.11930e-19       0.00000e+00
 135.8000000       6.08151e-19       6.08151e-19       0.00000e+00
 135.9000000       6.04263e-19       6.04263e-19       0.00000e+00
 136.0000000       6.00363e-19       6.00363e-19       0.00000e+00
 136.1000000       5.96839e-19       5.96839e-19       0.00000e+00
 136.2000000       5.94188e-19       5.94188e-19       0.00000e+00
 136.3000000       5.91684e-19       5.91684e-19       0.00000e+00
 136.4000000       5.89185e-19       5.89185e-19       0.00000e+00
 136.5000000       5.86663e-19       5.86663e-19       0.00000e+00
 136.6000000       5.83879e-19       5.83879e-19       0.00000e+00
 136.7000000       5.80409e-19       5.80409e-19       0.00000e+00
 136.8000000       5.76717e-19       5.76717e-19       0.00000e+00
 136.9000000       5.72455e-19       5.72455e-19       0.00000e+00
 137.0000000       5.68809e-19       5.68809e-19       0.00000e+00
 137.1000000       5.65554e-19       5.65554e-19       0.00000e+00
 137.2000000       5.62334e-19       5.62334e-19       0.00000e+00
 137.3000000       5.59115e-19       5.59115e-19       0.00000e+00
 137.4000000       5.55619e-19       5.55619e-19       0.00000e+00
 137.5000000       5.51056e-19       5.51056e-19       0.00000e+00
 137.6000000       5.46673e-19       5.46673e-19       0.00000e+00
 137.7000000       5.42323e-19       5.42323e-19       0.00000e+00
 137.8000000       5.38097e-19       5.38097e-19       0.00000e+00
 137.9000000       5.34388e-19       5.34388e-19       0.00000e+00
 138.0000000       5.30746e-19       5.30746e-19       0.00000e+00
 138.1000000       5.27105e-19       5.27105e-19       0.00000e+00
 138.2000000       5.23496e-19       5.23496e-19       0.00000e+00
 138.3000000       5.20039e-19       5.20039e-19       0.00000e+00
 138.4000000       5.16685e-19       5.16685e-19       0.00000e+00
 138.5000000       5.13401e-19       5.13401e-19       0.00000e+00
 138.6000000       5.10418e-19       5.10418e-19       0.00000e+00
 138.7000000       5.07625e-19       5.07625e-19       0.00000e+00
 138.8000000       5.04611e-19       5.04611e-19       0.00000e+00
 138.9000000       5.01227e-19       5.01227e-19       0.00000e+00
 139.0000000       4.97803e-19       4.97803e-19       0.00000e+00
 139.1000000       4.94380e-19       4.94380e-19       0.00000e+00
 139.2000000       4.90961e-19       4.90961e-19       0.00000e+00
 139.3000000       4.87547e-19       4.87547e-19       0.00000e+00
 139.4000000       4.84147e-19       4.84147e-19       0.00000e+00
 139.5000000       4.80868e-19       4.80868e-19       0.00000e+00
 139.6000000       4.77861e-19       4.77861e-19       0.00000e+00
 139.7000000       4.74864e-19       4.74864e-19       0.00000e+00
 139.8000000       4.71641e-19       4.71641e-19       0.00000e+00
 139.9000000       4.67806e-19       4.67806e-19       0.00000e+00
 140.0000000       4.64065e-19       4.64065e-19       0.00000e+00
 140.1000000       4.60406e-19       4.60406e-19       0.00000e+00
 140.2000000       4.56755e-19       4.56755e-19       0.00000e+00
 140.3000000       4.53105e-19       4.53105e-19       0.00000e+00
 140.4000000       4.49505e-19       4.49505e-19       0.00000e+00
 140.5000000       4.46095e-19       4.46095e-19       0.00000e+00
 140.6000000       4.42712e-19       4.42712e-19       0.00000e+00
 140.7000000       4.39329e-19       4.39329e-19       0.00000e+00
 140.8000000       4.35947e-19       4.35947e-19       0.00000e+00
 140.9000000       4.32564e-19       4.32564e-19       0.00000e+00
 141.0000000       4.29253e-19       4.29253e-19       0.00000e+00
 141.1000000       4.26257e-19       4.26257e-19       0.00000e+00
 141.2000000       4.23350e-19       4.23350e-19       0.00000e+00
 141.3000000       4.20383e-19       4.20383e-19       0.00000e+00
 141.4000000       4.17398e-19       4.17398e-19       0.00000e+00
 141.5000000       4.14412e-19       4.14412e-19       0.00000e+00
 141.6000000       4.11444e-19       4.11444e-19       0.00000e+00
 141.7000000       4.08539e-19       4.08539e-19       0.00000e+00
 141.8000000       4.05589e-19       4.05589e-19       0.00000e+00
 141.9000000       4.02633e-19       4.02633e-19       0.00000e+00
 142.0000000       3.99724e-19       3.99724e-19       0.00000e+00
 142.1000000       3.97153e-19       3.97153e-19       0.00000e+00
 142.2000000       3.95224e-19       3.95224e-19       0.00000e+00
 142.3000000       3.93389e-19       3.93389e-19       0.00000e+00
 142.4000000       3.91557e-19       3.91557e-19       0.00000e+00
 142.5000000       3.89535e-19       3.89535e-19       0.00000e+00
 142.6000000       3.86600e-19       3.86600e-19       0.00000e+00
 142.7000000       3.83056e-19       3.83056e-19       0.00000e+00
 142.8000000       3.79456e-19       3.79456e-19       0.00000e+00
 142.9000000       3.75855e-19       3.75855e-19       0.00000e+00
 143.0000000       3.72249e-19       3.72249e-19       0.00000e+00
 143.1000000       3.68603e-19       3.68603e-19       0.00000e+00
 143.2000000       3.64898e-19       3.64898e-19       0.00000e+00
 143.3000000       3.61186e-19       3.61186e-19       0.00000e+00
 143.4000000       3.57475e-19       3.57475e-19       0.00000e+00
 143.5000000       3.53764e-19       3.53764e-19       0.00000e+00
 143.6000000       3.50103e-19       3.50103e-19       0.00000e+00
 143.7000000       3.46775e-19       3.46775e-19       0.00000e+00
 143.8000000       3.44002e-19       3.44002e-19       0.00000e+00
 143.9000000       3.41317e-19       3.41317e-19       0.00000e+00
 144.0000000       3.38766e-19       3.38766e-19       0.00000e+00
 144.1000000       3.36283e-19       3.36283e-19       0.00000e+00
 144.2000000       3.33930e-19       3.33930e-19       0.00000e+00
 144.3000000       3.31686e-19       3.31686e-19       0.00000e+00
 144.4000000       3.29453e-19       3.29453e-19       0.00000e+00
 144.5000000       3.27227e-19       3.27227e-19       0.00000e+00
 144.6000000       3.25060e-19       3.25060e-19       0.00000e+00
 144.7000000       3.22891e-19       3.22891e-19       0.00000e+00
 144.8000000       3.20202e-19       3.20202e-19       0.00000e+00
 144.9000000       3.17317e-19       3.17317e-19       0.00000e+00
 145.0000000       3.14439e-19       3.14439e-19       0.00000e+00
 145.1000000       3.11563e-19       3.11563e-19       0.00000e+00
 145.2000000       3.08695e-19       3.08695e-19       0.00000e+00
 145.3000000       3.05869e-19       3.05869e-19       0.00000e+00
 145.4000000       3.03084e-19       3.03084e-19       0.00000e+00
 145.5000000       3.00521e-19       3.00521e-19       0.00000e+00
 145.6000000       2.99076e-19       2.99076e-19       0.00000e+00
 145.7000000       2.98649e-19       2.98649e-19       0.00000e+00
 145.8000000       2.96287e-19       2.96287e-19       0.00000e+00
 145.9000000       2.87091e-19       2.87091e-19       0.00000e+00
 146.0000000       2.83463e-19       2.83463e-19       0.00000e+00
 146.1000000       2.80540e-19       2.80540e-19       0.00000e+00
 146.2000000       2.77617e-19       2.77617e-19       0.00000e+00
 146.3000000       2.74694e-19       2.74694e-19       0.00000e+00
 146.4000000       2.71771e-19       2.71771e-19       0.00000e+00
 146.5000000       2.68877e-19       2.68877e-19       0.00000e+00
 146.6000000       2.66112e-19       2.66112e-19       0.00000e+00
 146.7000000       2.63398e-19       2.63398e-19       0.00000e+00
 146.8000000       2.60689e-19       2.60689e-19       0.00000e+00
 146.9000000       2.57979e-19       2.57979e-19       0.00000e+00
 147.0000000       2.55270e-19       2.55270e-19       0.00000e+00
 147.1000000       2.52600e-19       2.52600e-19       0.00000e+00
 147.2000000       2.50224e-19       2.50224e-19       0.00000e+00
 147.3000000       2.48390e-19       2.48390e-19       0.00000e+00
 147.4000000       2.46661e-19       2.46661e-19       0.00000e+00
 147.5000000       2.45139e-19       2.45139e-19       0.00000e+00
 147.6000000       2.43677e-19       2.43677e-19       0.00000e+00
 147.7000000       2.42226e-19       2.42226e-19       0.00000e+00
 147.8000000       2.40828e-19       2.40828e-19       0.00000e+00
 147.9000000       2.39525e-19       2.39525e-19       0.00000e+00
 148.0000000       2.38233e-19       2.38233e-19       0.00000e+00
 148.1000000       2.36941e-19       2.36941e-19       0.00000e+00
 148.2000000       2.35649e-19       2.35649e-19       0.00000e+00
 148.3000000       2.34290e-19       2.34290e-19       0.00000e+00
 148.4000000       2.32499e-19       2.32499e-19       0.00000e+00
 148.5000000       2.30025e-19       2.30025e-19       0.00000e+00
 148.6000000       2.27479e-19       2.27479e-19       0.00000e+00
 148.7000000       2.24933e-19       2.24933e-19       0.00000e+00
 148.8000000       2.22388e-19       2.22388e-19       0.00000e+00
 148.9000000       2.19842e-19       2.19842e-19       0.00000e+00
 149.0000000       2.17296e-19       2.17296e-19       0.00000e+00
 149.1000000       2.14751e-19       2.14751e-19       0.00000e+00
 149.2000000       2.12206e-19       2.12206e-19       0.00000e+00
 149.3000000       2.09663e-19       2.09663e-19       0.00000e+00
 149.4000000       2.07122e-19       2.07122e-19       0.00000e+00
 149.5000000       2.04582e-19       2.04582e-19       0.00000e+00
 149.6000000       2.02041e-19       2.02041e-19       0.00000e+00
 149.7000000       1.99500e-19       1.99500e-19       0.00000e+00
 149.8000000       1.96959e-19       1.96959e-19       0.00000e+00
 149.9000000       1.94418e-19       1.94418e-19       0.00000e+00
 150.0000000       1.91878e-19       1.91878e-19       0.00000e+00
 150.1000000       1.89342e-19       1.89342e-19       0.00000e+00
 150.2000000       1.86952e-19       1.86952e-19       0.00000e+00
 150.3000000       1.85136e-19       1.85136e-19       0.00000e+00
 150.4000000       1.83572e-19       1.83572e-19       0.00000e+00
 150.5000000       1.82029e-19       1.82029e-19       0.00000e+00
 150.6000000       1.80487e-19       1.80487e-19       0.00000e+00
 150.7000000       1.78944e-19       1.78944e-19       0.00000e+00
 150.8000000       1.77370e-19       1.77370e-19       0.00000e+00
 150.9000000       1.75632e-19       1.75632e-19       0.00000e+00
 151.0000000       1.73733e-19       1.73733e-19       0.00000e+00
 151.1000000       1.71818e-19       1.71818e-19       0.00000e+00
 151.2000000       1.69903e-19       1.69903e-19       0.00000e+00
 151.3000000       1.67988e-19       1.67988e-19       0.00000e+00
 151.4000000       1.66073e-19       1.66073e-19       0.00000e+00
 151.5000000       1.64158e-19       1.64158e-19       0.00000e+00
 151.6000000       1.62243e-19       1.62243e-19       0.00000e+00
 151.7000000       1.60328e-19       1.60328e-19       0.00000e+00
 151.8000000       1.58413e-19       1.58413e-19       0.00000e+00
 151.9000000       1.56498e-19       1.56498e-19       0.00000e+00
 152.0000000       1.54583e-19       1.54583e-19       0.00000e+00
 152.1000000       1.52668e-19       1.52668e-19       0.00000e+00
 152.2000000       1.50753e-19       1.50753e-19       0.00000e+00
 152.3000000       1.48838e-19       1.48838e-19       0.00000e+00
 152.4000000       1.46923e-19       1.46923e-19       0.00000e+00
 152.5000000       1.45008e-19       1.45008e-19       0.00000e+00
 152.6000000       1.43093e-19       1.43093e-19       0.00000e+00
 152.7000000       1.41179e-19       1.41179e-19       0.00000e+00
 152.8000000       1.39264e-19       1.39264e-19       0.00000e+00
 152.9000000       1.37399e-19       1.37399e-19       0.00000e+00
 153.0000000       1.35720e-19       1.35720e-19       0.00000e+00
 153.1000000       1.34062e-19       1.34062e-19       0.00000e+00
 153.2000000       1.32403e-19       1.32403e-19       0.00000e+00
 153.3000000       1.30820e-19       1.30820e-19       0.00000e+00
 153.4000000       1.29546e-19       1.29546e-19       0.00000e+00
 153.5000000       1.28308e-19       1.28308e-19       0.00000e+00
 153.6000000       1.27070e-19       1.27070e-19       0.00000e+00
 153.7000000       1.25831e-19       1.25831e-19       0.00000e+00
 153.8000000       1.24593e-19       1.24593e-19       0.00000e+00
 153.9000000       1.23223e-19       1.23223e-19       0.00000e+00
 154.0000000       1.21426e-19       1.21426e-19       0.00000e+00
 154.1000000       1.20056e-19       1.20056e-19       0.00000e+00
 154.2000000       1.18739e-19       1.18739e-19       0.00000e+00
 154.3000000       1.17422e-19       1.17422e-19       0.00000e+00
 154.4000000       1.16105e-19       1.16105e-19       0.00000e+00
 154.5000000       1.14788e-19       1.14788e-19       0.00000e+00
 154.6000000       1.13471e-19       1.13471e-19       0.00000e+00
 154.7000000       1.12154e-19       1.12154e-19       0.00000e+00
 154.8000000       1.10837e-19       1.10837e-19       0.00000e+00
 154.9000000       1.09519e-19       1.09519e-19       0.00000e+00
 155.0000000       1.08202e-19       1.08202e-19       0.00000e+00
 155.1000000       1.06885e-19       1.06885e-19       0.00000e+00
 155.2000000       1.05568e-19       1.05568e-19       0.00000e+00
 155.3000000       1.04251e-19       1.04251e-19       0.00000e+00
 155.4000000       1.02934e-19       1.02934e-19       0.00000e+00
 155.5000000       1.01617e-19       1.01617e-19       0.00000e+00
 155.6000000       1.00300e-19       1.00300e-19       0.00000e+00
 155.7000000       9.89832e-20       9.89832e-20       0.00000e+00
 155.8000000       9.76662e-20       9.76662e-20       0.00000e+00
 155.9000000       9.63491e-20       9.63491e-20       0.00000e+00
 156.0000000       9.50321e-20       9.50321e-20       0.00000e+00
 156.1000000       9.37381e-20       9.37381e-20       0.00000e+00
 156.2000000       9.25779e-20       9.25779e-20       0.00000e+00
 156.3000000       9.15875e-20       9.15875e-20       0.00000e+00
 156.4000000       9.06144e-20       9.06144e-20       0.00000e+00
 156.5000000       8.96414e-20       8.96414e-20       0.00000e+00
 156.6000000       8.86683e-20       8.86683e-20       0.00000e+00
 156.7000000       8.76953e-20       8.76953e-20       0.00000e+00
 156.8000000       8.67649e-20       8.67649e-20       0.00000e+00
 156.9000000       8.60367e-20       8.60367e-20       0.00000e+00
 157.0000000       8.54353e-20       8.54353e-20       0.00000e+00
 157.1000000       8.48457e-20       8.48457e-20       0.00000e+00
 157.2000000       8.42561e-20       8.42561e-20       0.00000e+00
 157.3000000       8.36665e-20       8.36665e-20       0.00000e+00
 157.4000000       8.30768e-20       8.30768e-20       0.00000e+00
 157.5000000       8.24872e-20       8.24872e-20       0.00000e+00
 157.6000000       8.17458e-20       8.17458e-20       0.00000e+00
 157.7000000       8.03047e-20       8.03047e-20       0.00000e+00
 157.8000000       7.84941e-20       7.84941e-20       0.00000e+00
 157.9000000       7.66508e-20       7.66508e-20       0.00000e+00
 158.0000000       7.48248e-20       7.48248e-20       0.00000e+00
 158.1000000       7.32560e-20       7.32560e-20       0.00000e+00
 158.2000000       7.24619e-20       7.24619e-20       0.00000e+00
 158.3000000       7.17511e-20       7.17511e-20       0.00000e+00
 158.4000000       7.10404e-20       7.10404e-20       0.00000e+00
 158.5000000       7.03297e-20       7.03297e-20       0.00000e+00
 158.6000000       6.96190e-20       6.96190e-20       0.00000e+00
 158.7000000       6.89083e-20       6.89083e-20       0.00000e+00
 158.8000000       6.81976e-20       6.81976e-20       0.00000e+00
 158.9000000       6.74869e-20       6.74869e-20       0.00000e+00
 159.0000000       6.67796e-20       6.67796e-20       0.00000e+00
 159.1000000       6.60868e-20       6.60868e-20       0.00000e+00
 159.2000000       6.53981e-20       6.53981e-20       0.00000e+00
 159.3000000       6.47096e-20       6.47096e-20       0.00000e+00
 159.4000000       6.40211e-20       6.40211e-20       0.00000e+00
 159.5000000       6.33326e-20       6.33326e-20       0.00000e+00
 159.6000000       6.26441e-20       6.26441e-20       0.00000e+00
 159.7000000       6.19556e-20       6.19556e-20       0.00000e+00
 159.8000000       6.11990e-20       6.11990e-20       0.00000e+00
 159.9000000       6.01283e-20       6.01283e-20       0.00000e+00
 160.0000000       5.88926e-20       5.88926e-20       0.00000e+00
 160.1000000       5.76422e-20       5.76422e-20       0.00000e+00
 160.2000000       5.63918e-20       5.63918e-20       0.00000e+00
 160.3000000       5.51414e-20       5.51414e-20       0.00000e+00
 160.4000000       5.38910e-20       5.38910e-20       0.00000e+00
 160.5000000       5.26405e-20       5.26405e-20       0.00000e+00
 160.6000000       5.14493e-20       5.14493e-20       0.00000e+00
 160.7000000       5.05869e-20       5.05869e-20       0.00000e+00
 160.8000000       5.01001e-20       5.01001e-20       0.00000e+00
 160.9000000       4.96512e-20       4.96512e-20       0.00000e+00
 161.0000000       4.92023e-20       4.92023e-20       0.00000e+00
 161.1000000       4.87534e-20       4.87534e-20       0.00000e+00
 161.2000000       4.83045e-20       4.83045e-20       0.00000e+00
 161.3000000       4.78556e-20       4.78556e-20       0.00000e+00
 161.4000000       4.74054e-20       4.74054e-20       0.00000e+00
 161.5000000       4.69342e-20       4.69342e-20       0.00000e+00
 161.6000000       4.63969e-20       4.63969e-20       0.00000e+00
 161.7000000       4.58526e-20       4.58526e-20       0.00000e+00
 161.8000000       4.53082e-20       4.53082e-20       0.00000e+00
 161.9000000       4.47639e-20       4.47639e-20       0.00000e+00
 162.0000000       4.42195e-20       4.42195e-20       0.00000e+00
 162.1000000       4.36752e-20       4.36752e-20       0.00000e+00
 162.2000000       4.31308e-20       4.31308e-20       0.00000e+00
 162.3000000       4.25865e-20       4.25865e-20       0.00000e+00
 162.4000000       4.20422e-20       4.20422e-20       0.00000e+00
 162.5000000       4.14978e-20       4.14978e-20       0.00000e+00
 162.6000000       4.09535e-20       4.09535e-20       0.00000e+00
 162.7000000       4.04091e-20       4.04091e-20       0.00000e+00
 162.8000000       3.98648e-20       3.98648e-20       0.00000e+00
 162.9000000       3.93204e-20       3.93204e-20       0.00000e+00
 163.0000000       3.87761e-20       3.87761e-20       0.00000e+00
 163.1000000       3.82317e-20       3.82317e-20       0.00000e+00
 163.2000000       3.76874e-20       3.76874e-20       0.00000e+00
 163.3000000       3.71430e-20       3.71430e-20       0.00000e+00
 163.4000000       3.65987e-20       3.65987e-20       0.00000e+00
 163.5000000       3.60543e-20       3.60543e-20       0.00000e+00
 163.6000000       3.55100e-20       3.55100e-20       0.00000e+00
 163.7000000       3.49656e-20       3.49656e-20       0.00000e+00
 163.8000000       3.44213e-20       3.44213e-20       0.00000e+00
 163.9000000       3.38769e-20       3.38769e-20       0.00000e+00
 164.0000000       3.33326e-20       3.33326e-20       0.00000e+00
 164.1000000       3.27882e-20       3.27882e-20       0.00000e+00
 164.2000000       3.22439e-20       3.22439e-20       0.00000e+00
 164.3000000       3.16995e-20       3.16995e-20       0.00000e+00
 164.4000000       3.11739e-20       3.11739e-20       0.00000e+00
 164.5000000       3.07300e-20       3.07300e-20       0.00000e+00
 164.6000000       3.03121e-20       3.03121e-20       0.00000e+00
 164.7000000       2.98961e-20       2.98961e-20       0.00000e+00
 164.8000000       2.94801e-20       2.94801e-20       0.00000e+00
 164.9000000       2.90641e-20       2.90641e-20       0.00000e+00
 165.0000000       2.86481e-20       2.86481e-20       0.00000e+00
 165.1000000       2.82321e-20       2.82321e-20       0.00000e+00
 165.2000000       2.78161e-20       2.78161e-20       0.00000e+00
 165.3000000       2.74001e-20       2.74001e-20       0.00000e+00
 165.4000000       2.69842e-20       2.69842e-20       0.00000e+00
 165.5000000       2.65696e-20       2.65696e-20       0.00000e+00
 165.6000000       2.61618e-20       2.61618e-20       0.00000e+00
 165.7000000       2.57590e-20       2.57590e-20       0.00000e+00
 165.8000000       2.53567e-20       2.53567e-20       0.00000e+00
 165.9000000       2.49544e-20       2.49544e-20       0.00000e+00
 166.0000000       2.45521e-20       2.45521e-20       0.00000e+00
 166.1000000       2.41497e-20       2.41497e-20       0.00000e+00
 166.2000000       2.37474e-20       2.37474e-20       0.00000e+00
 166.3000000       2.33451e-20       2.33451e-20       0.00000e+00
 166.4000000       2.29428e-20       2.29428e-20       0.00000e+00
 166.5000000       2.25405e-20       2.25405e-20       0.00000e+00
 166.6000000       2.21382e-20       2.21382e-20       0.00000e+00
 166.7000000       2.17359e-20       2.17359e-20       0.00000e+00
 166.8000000       2.13336e-20       2.13336e-20       0.00000e+00
 166.9000000       2.09401e-20       2.09401e-20       0.00000e+00
 167.0000000       2.05887e-20       2.05887e-20       0.00000e+00
 167.1000000       2.02639e-20       2.02639e-20       0.00000e+00
 167.2000000       1.99416e-20       1.99416e-20       0.00000e+00
 167.3000000       1.96192e-20       1.96192e-20       0.00000e+00
 167.4000000       1.92969e-20       1.92969e-20       0.00000e+00
 167.5000000       1.89746e-20       1.89746e-20       0.00000e+00
 167.6000000       1.86522e-20       1.86522e-20       0.00000e+00
 167.7000000       1.83299e-20       1.83299e-20       0.00000e+00
 167.8000000       1.80076e-20       1.80076e-20       0.00000e+00
 167.9000000       1.76853e-20       1.76853e-20       0.00000e+00
 168.0000000       1.73637e-20       1.73637e-20       0.00000e+00
 168.1000000       1.70741e-20       1.70741e-20       0.00000e+00
 168.2000000       1.69034e-20       1.69034e-20       0.00000e+00
 168.3000000       1.67457e-20       1.67457e-20       0.00000e+00
 168.4000000       1.65879e-20       1.65879e-20       0.00000e+00
 168.5000000       1.64301e-20       1.64301e-20       0.00000e+00
 168.6000000       1.62724e-20       1.62724e-20       0.00000e+00
 168.7000000       1.61146e-20       1.61146e-20       0.00000e+00
 168.8000000       1.59569e-20       1.59569e-20       0.00000e+00
 168.9000000       1.57991e-20       1.57991e-20       0.00000e+00
 169.0000000       1.56414e-20       1.56414e-20       0.00000e+00
 169.1000000       1.54836e-20       1.54836e-20       0.00000e+00
 169.2000000       1.53084e-20       1.53084e-20       0.00000e+00
 169.3000000       1.50162e-20       1.50162e-20       0.00000e+00
 169.4000000       1.45305e-20       1.45305e-20       0.00000e+00
 169.5000000       1.40247e-20       1.40247e-20       0.00000e+00
 169.6000000       1.35188e-20       1.35188e-20       0.00000e+00
 169.7000000       1.30130e-20       1.30130e-20       0.00000e+00
 169.8000000       1.25071e-20       1.25071e-20       0.00000e+00
 169.9000000       1.20013e-20       1.20013e-20       0.00000e+00
 170.0000000       1.14954e-20       1.14954e-20       0.00000e+00
 170.1000000       1.09908e-20       1.09908e-20       0.00000e+00
 170.2000000       1.05559e-20       1.05559e-20       0.00000e+00
 170.3000000       1.03888e-20       1.03888e-20       0.00000e+00
 170.4000000       1.02507e-20       1.02507e-20       0.00000e+00
 170.5000000       1.01125e-20       1.01125e-20       0.00000e+00
 170.6000000       9.97441e-21       9.97441e-21       0.00000e+00
 170.7000000       9.83629e-21       9.83629e-21       0.00000e+00
 170.8000000       9.69818e-21       9.69818e-21       0.00000e+00
 170.9000000       9.56006e-21       9.56006e-21       0.00000e+00
 171.0000000       9.42194e-21       9.42194e-21       0.00000e+00
 171.1000000       9.28382e-21       9.28382e-21       0.00000e+00
 171.2000000       9.14570e-21       9.14570e-21       0.00000e+00
 171.3000000       9.00758e-21       9.00758e-21       0.00000e+00
 171.4000000       8.86946e-21       8.86946e-21       0.00000e+00
 171.5000000       8.73848e-21       8.73848e-21       0.00000e+00
 171.6000000       8.64125e-21       8.64125e-21       0.00000e+00
 171.7000000       8.56481e-21       8.56481e-21       0.00000e+00
 171.8000000       8.49029e-21       8.49029e-21       0.00000e+00
 171.9000000       8.41577e-21       8.41577e-21       0.00000e+00
 172.0000000       8.34126e-21       8.34126e-21       0.00000e+00
 172.1000000       8.26674e-21       8.26674e-21       0.00000e+00
 172.2000000       8.19222e-21       8.19222e-21       0.00000e+00
 172.3000000       8.11770e-21       8.11770e-21       0.00000e+00
 172.4000000       8.04318e-21       8.04318e-21       0.00000e+00
 172.5000000       7.96866e-21       7.96866e-21       0.00000e+00
 172.6000000       7.89414e-21       7.89414e-21       0.00000e+00
 172.7000000       7.80445e-21       7.80445e-21       0.00000e+00
 172.8000000       7.62886e-21       7.62886e-21       0.00000e+00
 172.9000000       7.35035e-21       7.35035e-21       0.00000e+00
 173.0000000       7.06138e-21       7.06138e-21       0.00000e+00
 173.1000000       6.77242e-21       6.77242e-21       0.00000e+00
 173.2000000       6.48345e-21       6.48345e-21       0.00000e+00
 173.3000000       6.19449e-21       6.19449e-21       0.00000e+00
 173.4000000       5.90552e-21       5.90552e-21       0.00000e+00
 173.5000000       5.61655e-21       5.61655e-21       0.00000e+00
 173.6000000       5.32759e-21       5.32759e-21       0.00000e+00
 173.7000000       5.03862e-21       5.03862e-21       0.00000e+00
 173.8000000       4.74966e-21       4.74966e-21       0.00000e+00
 173.9000000       4.46069e-21       4.46069e-21       0.00000e+00
 174.0000000       4.17172e-21       4.17172e-21       0.00000e+00
 174.1000000       3.88276e-21       3.88276e-21       0.00000e+00
 174.2000000       3.59379e-21       3.59379e-21       0.00000e+00
 174.3000000       3.30483e-21       3.30483e-21       0.00000e+00
 174.4000000       3.01586e-21       3.01586e-21       0.00000e+00
 174.5000000       2.72689e-21       2.72689e-21       0.00000e+00
 174.6000000       2.43813e-21       2.43813e-21       0.00000e+00
 174.7000000       2.18894e-21       2.18894e-21       0.00000e+00
 174.8000000       2.09973e-21       2.09973e-21       0.00000e+00
 174.9000000       2.02791e-21       2.02791e-21       0.00000e+00
 175.0000000       1.95609e-21       1.95609e-21       0.00000e+00
 175.1000000       1.88427e-21       1.88427e-21       0.00000e+00
 175.2000000       1.81244e-21       1.81244e-21       0.00000e+00
 175.3000000       1.74062e-21       1.74062e-21       0.00000e+00
 175.4000000       1.66880e-21       1.66880e-21       0.00000e+00
 175.5000000       1.59698e-21       1.59698e-21       0.00000e+00
 175.6000000       1.52515e-21       1.52515e-21       0.00000e+00
 175.7000000       1.45333e-21       1.45333e-21       0.00000e+00
 175.8000000       1.38151e-21       1.38151e-21       0.00000e+00
 175.9000000       1.31387e-21       1.31387e-21       0.00000e+00
 176.0000000       1.27259e-21       1.27259e-21       0.00000e+00
 176.1000000       1.27084e-21       1.27084e-21       0.00000e+00
 176.2000000       1.27318e-21       1.27318e-21       0.00000e+00
 176.3000000       1.27553e-21       1.27553e-21       0.00000e+00
 176.4000000       1.27787e-21       1.27787e-21       0.00000e+00
 176.5000000       1.28021e-21       1.28021e-21       0.00000e+00
 176.6000000       1.28256e-21       1.28256e-21       0.00000e+00
 176.7000000       1.28490e-21       1.28490e-21       0.00000e+00
 176.8000000       1.28724e-21       1.28724e-21       0.00000e+00
 176.9000000       1.40241e-21       1.40241e-21       0.00000e+00
 177.0000000       1.80061e-21       1.80061e-21       0.00000e+00
