# Cross sections for HO2
# Converted from earlier Leiden database cross sections by Alan Heays 2016-02-24
# Photodissociation source: HO2 P.D. CF. MCADAM ET AL '87
# Lines represented with gaussian of width 1.0 nm FWHM
# wavelength: (nm)
# photoabsorption:    cross section (cm2)
# photodissociation:  cross section (cm2)
# 
# wavelength   photoabsorption photodissociation
  91.3000000       5.00000e-20       5.00000e-20
  91.4000000       5.00000e-20       5.00000e-20
  91.5000000       5.00000e-20       5.00000e-20
  91.6000000       5.00000e-20       5.00000e-20
  91.7000000       5.00000e-20       5.00000e-20
  91.8000000       5.00000e-20       5.00000e-20
  91.9000000       5.00000e-20       5.00000e-20
  92.0000000       5.00000e-20       5.00000e-20
  92.1000000       5.00000e-20       5.00000e-20
  92.2000000       5.00000e-20       5.00000e-20
  92.3000000       5.00000e-20       5.00000e-20
  92.4000000       5.00000e-20       5.00000e-20
  92.5000000       5.00000e-20       5.00000e-20
  92.6000000       5.00000e-20       5.00000e-20
  92.7000000       5.00000e-20       5.00000e-20
  92.8000000       5.00000e-20       5.00000e-20
  92.9000000       5.00000e-20       5.00000e-20
  93.0000000       5.00000e-20       5.00000e-20
  93.1000000       5.00000e-20       5.00000e-20
  93.2000000       5.00000e-20       5.00000e-20
  93.3000000       5.00000e-20       5.00000e-20
  93.4000000       5.00000e-20       5.00000e-20
  93.5000000       5.00000e-20       5.00000e-20
  93.6000000       5.00000e-20       5.00000e-20
  93.7000000       5.00000e-20       5.00000e-20
  93.8000000       5.00000e-20       5.00000e-20
  93.9000000       5.00000e-20       5.00000e-20
  94.0000000       5.00000e-20       5.00000e-20
  94.1000000       5.00000e-20       5.00000e-20
  94.2000000       5.00000e-20       5.00000e-20
  94.3000000       5.00000e-20       5.00000e-20
  94.4000000       5.00000e-20       5.00000e-20
  94.5000000       5.00000e-20       5.00000e-20
  94.6000000       5.00000e-20       5.00000e-20
  94.7000000       5.00000e-20       5.00000e-20
  94.8000000       5.00000e-20       5.00000e-20
  94.9000000       5.00000e-20       5.00000e-20
  95.0000000       5.00000e-20       5.00000e-20
  95.1000000       5.00000e-20       5.00000e-20
  95.2000000       5.00000e-20       5.00000e-20
  95.3000000       5.00000e-20       5.00000e-20
  95.4000000       5.00000e-20       5.00000e-20
  95.5000000       5.00000e-20       5.00000e-20
  95.6000000       5.00000e-20       5.00000e-20
  95.7000000       5.00000e-20       5.00000e-20
  95.8000000       5.00000e-20       5.00000e-20
  95.9000000       5.00000e-20       5.00000e-20
  96.0000000       5.00000e-20       5.00000e-20
  96.1000000       5.00000e-20       5.00000e-20
  96.2000000       5.00000e-20       5.00000e-20
  96.3000000       5.00000e-20       5.00000e-20
  96.4000000       5.00000e-20       5.00000e-20
  96.5000000       5.00000e-20       5.00000e-20
  96.6000000       5.00000e-20       5.00000e-20
  96.7000000       5.00000e-20       5.00000e-20
  96.8000000       5.00000e-20       5.00000e-20
  96.9000000       5.00000e-20       5.00000e-20
  97.0000000       5.00000e-20       5.00000e-20
  97.1000000       5.00000e-20       5.00000e-20
  97.2000000       5.00000e-20       5.00000e-20
  97.3000000       5.00000e-20       5.00000e-20
  97.4000000       5.00000e-20       5.00000e-20
  97.5000000       5.00000e-20       5.00000e-20
  97.6000000       5.00000e-20       5.00000e-20
  97.7000000       5.00000e-20       5.00000e-20
  97.8000000       5.00000e-20       5.00000e-20
  97.9000000       5.00000e-20       5.00000e-20
  98.0000000       5.00000e-20       5.00000e-20
  98.1000000       5.00000e-20       5.00000e-20
  98.2000000       5.00000e-20       5.00000e-20
  98.3000000       5.00000e-20       5.00000e-20
  98.4000000       5.38416e-20       5.38416e-20
  98.5000000       8.93501e-20       8.93501e-20
  98.6000000       1.93067e-19       1.93067e-19
  98.7000000       4.03930e-19       4.03930e-19
  98.8000000       8.00146e-19       8.00146e-19
  98.9000000       1.50070e-18       1.50070e-18
  99.0000000       2.66487e-18       2.66487e-18
  99.1000000       4.48040e-18       4.48040e-18
  99.2000000       7.13201e-18       7.13201e-18
  99.3000000       1.07488e-17       1.07488e-17
  99.4000000       1.53376e-17       1.53376e-17
  99.5000000       2.07207e-17       2.07207e-17
  99.6000000       2.65033e-17       2.65033e-17
  99.7000000       3.20954e-17       3.20954e-17
  99.8000000       3.67985e-17       3.67985e-17
  99.9000000       3.99451e-17       3.99451e-17
 100.0000000       4.10527e-17       4.10527e-17
 100.1000000       3.99451e-17       3.99451e-17
 100.2000000       3.67985e-17       3.67985e-17
 100.3000000       3.20954e-17       3.20954e-17
 100.4000000       2.65033e-17       2.65033e-17
 100.5000000       2.07207e-17       2.07207e-17
 100.6000000       1.53376e-17       1.53376e-17
 100.7000000       1.07488e-17       1.07488e-17
 100.8000000       7.13201e-18       7.13201e-18
 100.9000000       4.48040e-18       4.48040e-18
 101.0000000       2.66487e-18       2.66487e-18
 101.1000000       1.50070e-18       1.50070e-18
 101.2000000       8.00146e-19       8.00146e-19
 101.3000000       4.03930e-19       4.03930e-19
 101.4000000       1.93067e-19       1.93067e-19
 101.5000000       8.93501e-20       8.93501e-20
 101.6000000       5.38416e-20       5.38416e-20
 101.7000000       5.00000e-20       5.00000e-20
 101.8000000       5.00000e-20       5.00000e-20
 101.9000000       5.00000e-20       5.00000e-20
 102.0000000       5.00000e-20       5.00000e-20
 102.1000000       5.00000e-20       5.00000e-20
 102.2000000       5.00000e-20       5.00000e-20
 102.3000000       5.00000e-20       5.00000e-20
 102.4000000       5.00000e-20       5.00000e-20
 102.5000000       5.00000e-20       5.00000e-20
 102.6000000       5.00000e-20       5.00000e-20
 102.7000000       5.00000e-20       5.00000e-20
 102.8000000       5.00000e-20       5.00000e-20
 102.9000000       5.00000e-20       5.00000e-20
 103.0000000       5.00000e-20       5.00000e-20
 103.1000000       5.00000e-20       5.00000e-20
 103.2000000       5.00000e-20       5.00000e-20
 103.3000000       5.00000e-20       5.00000e-20
 103.4000000       5.00000e-20       5.00000e-20
 103.5000000       5.00000e-20       5.00000e-20
 103.6000000       5.00000e-20       5.00000e-20
 103.7000000       5.00000e-20       5.00000e-20
 103.8000000       5.00000e-20       5.00000e-20
 103.9000000       5.00000e-20       5.00000e-20
 104.0000000       5.00000e-20       5.00000e-20
 104.1000000       5.00000e-20       5.00000e-20
 104.2000000       5.00000e-20       5.00000e-20
 104.3000000       5.00000e-20       5.00000e-20
 104.4000000       5.00000e-20       5.00000e-20
 104.5000000       5.00000e-20       5.00000e-20
 104.6000000       5.00000e-20       5.00000e-20
 104.7000000       5.00000e-20       5.00000e-20
 104.8000000       5.00000e-20       5.00000e-20
 104.9000000       5.00000e-20       5.00000e-20
 105.0000000       5.00000e-20       5.00000e-20
 105.1000000       5.00000e-20       5.00000e-20
 105.2000000       5.00000e-20       5.00000e-20
 105.3000000       5.00000e-20       5.00000e-20
 105.4000000       5.00000e-20       5.00000e-20
 105.5000000       5.00000e-20       5.00000e-20
 105.6000000       5.00000e-20       5.00000e-20
 105.7000000       5.00000e-20       5.00000e-20
 105.8000000       5.00000e-20       5.00000e-20
 105.9000000       5.00000e-20       5.00000e-20
 106.0000000       5.00000e-20       5.00000e-20
 106.1000000       5.00000e-20       5.00000e-20
 106.2000000       5.00000e-20       5.00000e-20
 106.3000000       5.00000e-20       5.00000e-20
 106.4000000       5.00000e-20       5.00000e-20
 106.5000000       5.00000e-20       5.00000e-20
 106.6000000       5.00000e-20       5.00000e-20
 106.7000000       5.00000e-20       5.00000e-20
 106.8000000       5.00000e-20       5.00000e-20
 106.9000000       5.00000e-20       5.00000e-20
 107.0000000       5.00000e-20       5.00000e-20
 107.1000000       5.00000e-20       5.00000e-20
 107.2000000       5.00000e-20       5.00000e-20
 107.3000000       5.00000e-20       5.00000e-20
 107.4000000       5.00000e-20       5.00000e-20
 107.5000000       5.00000e-20       5.00000e-20
 107.6000000       5.00000e-20       5.00000e-20
 107.7000000       5.00000e-20       5.00000e-20
 107.8000000       5.00000e-20       5.00000e-20
 107.9000000       5.00000e-20       5.00000e-20
 108.0000000       5.00000e-20       5.00000e-20
 108.1000000       5.00000e-20       5.00000e-20
 108.2000000       5.00000e-20       5.00000e-20
 108.3000000       5.00000e-20       5.00000e-20
 108.4000000       5.00000e-20       5.00000e-20
 108.5000000       5.00000e-20       5.00000e-20
 108.6000000       5.00000e-20       5.00000e-20
 108.7000000       5.00000e-20       5.00000e-20
 108.8000000       5.00000e-20       5.00000e-20
 108.9000000       5.00000e-20       5.00000e-20
 109.0000000       5.00000e-20       5.00000e-20
 109.1000000       5.00000e-20       5.00000e-20
 109.2000000       5.00000e-20       5.00000e-20
 109.3000000       5.00000e-20       5.00000e-20
 109.4000000       5.00000e-20       5.00000e-20
 109.5000000       5.00000e-20       5.00000e-20
 109.6000000       5.00000e-20       5.00000e-20
 109.7000000       5.00000e-20       5.00000e-20
 109.8000000       5.00000e-20       5.00000e-20
 109.9000000       5.00000e-20       5.00000e-20
 110.0000000       5.00000e-20       5.00000e-20
 110.1000000       5.00000e-20       5.00000e-20
 110.2000000       5.00000e-20       5.00000e-20
 110.3000000       5.00000e-20       5.00000e-20
 110.4000000       5.00000e-20       5.00000e-20
 110.5000000       5.00000e-20       5.00000e-20
 110.6000000       5.00000e-20       5.00000e-20
 110.7000000       5.00000e-20       5.00000e-20
 110.8000000       5.00000e-20       5.00000e-20
 110.9000000       5.00000e-20       5.00000e-20
 111.0000000       5.00000e-20       5.00000e-20
 111.1000000       5.00000e-20       5.00000e-20
 111.2000000       5.00000e-20       5.00000e-20
 111.3000000       5.00000e-20       5.00000e-20
 111.4000000       5.00000e-20       5.00000e-20
 111.5000000       5.00000e-20       5.00000e-20
 111.6000000       5.00000e-20       5.00000e-20
 111.7000000       5.00000e-20       5.00000e-20
 111.8000000       5.00000e-20       5.00000e-20
 111.9000000       5.00000e-20       5.00000e-20
 112.0000000       5.00000e-20       5.00000e-20
 112.1000000       5.00000e-20       5.00000e-20
 112.2000000       5.00000e-20       5.00000e-20
 112.3000000       5.00000e-20       5.00000e-20
 112.4000000       5.00000e-20       5.00000e-20
 112.5000000       5.00000e-20       5.00000e-20
 112.6000000       5.00000e-20       5.00000e-20
 112.7000000       5.00000e-20       5.00000e-20
 112.8000000       5.00000e-20       5.00000e-20
 112.9000000       5.00000e-20       5.00000e-20
 113.0000000       5.00000e-20       5.00000e-20
 113.1000000       5.00000e-20       5.00000e-20
 113.2000000       5.00000e-20       5.00000e-20
 113.3000000       5.00000e-20       5.00000e-20
 113.4000000       5.00000e-20       5.00000e-20
 113.5000000       5.00000e-20       5.00000e-20
 113.6000000       5.00000e-20       5.00000e-20
 113.7000000       5.00000e-20       5.00000e-20
 113.8000000       5.00000e-20       5.00000e-20
 113.9000000       5.00000e-20       5.00000e-20
 114.0000000       5.00000e-20       5.00000e-20
 114.1000000       5.00000e-20       5.00000e-20
 114.2000000       5.00000e-20       5.00000e-20
 114.3000000       5.00000e-20       5.00000e-20
 114.4000000       5.00000e-20       5.00000e-20
 114.5000000       5.00000e-20       5.00000e-20
 114.6000000       5.00000e-20       5.00000e-20
 114.7000000       5.00000e-20       5.00000e-20
 114.8000000       5.00000e-20       5.00000e-20
 114.9000000       5.00000e-20       5.00000e-20
 115.0000000       5.00000e-20       5.00000e-20
 115.1000000       5.00000e-20       5.00000e-20
 115.2000000       5.00000e-20       5.00000e-20
 115.3000000       5.00000e-20       5.00000e-20
 115.4000000       5.00000e-20       5.00000e-20
 115.5000000       5.00000e-20       5.00000e-20
 115.6000000       5.00000e-20       5.00000e-20
 115.7000000       5.00000e-20       5.00000e-20
 115.8000000       5.00000e-20       5.00000e-20
 115.9000000       5.00000e-20       5.00000e-20
 116.0000000       5.00000e-20       5.00000e-20
 116.1000000       5.00000e-20       5.00000e-20
 116.2000000       5.00000e-20       5.00000e-20
 116.3000000       5.00000e-20       5.00000e-20
 116.4000000       5.00000e-20       5.00000e-20
 116.5000000       5.00000e-20       5.00000e-20
 116.6000000       5.00000e-20       5.00000e-20
 116.7000000       5.00000e-20       5.00000e-20
 116.8000000       5.00000e-20       5.00000e-20
 116.9000000       5.00000e-20       5.00000e-20
 117.0000000       5.00000e-20       5.00000e-20
 117.1000000       5.00000e-20       5.00000e-20
 117.2000000       5.00000e-20       5.00000e-20
 117.3000000       5.00000e-20       5.00000e-20
 117.4000000       5.00000e-20       5.00000e-20
 117.5000000       5.00000e-20       5.00000e-20
 117.6000000       5.00000e-20       5.00000e-20
 117.7000000       5.00000e-20       5.00000e-20
 117.8000000       5.00000e-20       5.00000e-20
 117.9000000       5.00000e-20       5.00000e-20
 118.0000000       5.00000e-20       5.00000e-20
 118.1000000       5.00000e-20       5.00000e-20
 118.2000000       5.00000e-20       5.00000e-20
 118.3000000       5.00000e-20       5.00000e-20
 118.4000000       5.00000e-20       5.00000e-20
 118.5000000       5.00000e-20       5.00000e-20
 118.6000000       5.00000e-20       5.00000e-20
 118.7000000       5.00000e-20       5.00000e-20
 118.8000000       5.00000e-20       5.00000e-20
 118.9000000       5.00000e-20       5.00000e-20
 119.0000000       5.00000e-20       5.00000e-20
 119.1000000       5.00000e-20       5.00000e-20
 119.2000000       5.00000e-20       5.00000e-20
 119.3000000       5.00000e-20       5.00000e-20
 119.4000000       5.00000e-20       5.00000e-20
 119.5000000       5.00000e-20       5.00000e-20
 119.6000000       5.00000e-20       5.00000e-20
 119.7000000       5.00000e-20       5.00000e-20
 119.8000000       5.00000e-20       5.00000e-20
 119.9000000       5.00000e-20       5.00000e-20
 120.0000000       5.00000e-20       5.00000e-20
 120.1000000       5.00000e-20       5.00000e-20
 120.2000000       5.00000e-20       5.00000e-20
 120.3000000       5.00000e-20       5.00000e-20
 120.4000000       5.00000e-20       5.00000e-20
 120.5000000       5.00000e-20       5.00000e-20
 120.6000000       5.00000e-20       5.00000e-20
 120.7000000       5.00000e-20       5.00000e-20
 120.8000000       5.00000e-20       5.00000e-20
 120.9000000       5.00000e-20       5.00000e-20
 121.0000000       5.00000e-20       5.00000e-20
 121.1000000       5.00000e-20       5.00000e-20
 121.2000000       5.00000e-20       5.00000e-20
 121.3000000       5.00000e-20       5.00000e-20
 121.4000000       5.00000e-20       5.00000e-20
 121.5000000       5.00000e-20       5.00000e-20
 121.6000000       5.00000e-20       5.00000e-20
 121.7000000       5.00000e-20       5.00000e-20
 121.8000000       5.00000e-20       5.00000e-20
 121.9000000       5.00000e-20       5.00000e-20
 122.0000000       5.00000e-20       5.00000e-20
 122.1000000       5.00000e-20       5.00000e-20
 122.2000000       5.00000e-20       5.00000e-20
 122.3000000       5.00000e-20       5.00000e-20
 122.4000000       5.00000e-20       5.00000e-20
 122.5000000       5.00000e-20       5.00000e-20
 122.6000000       5.00000e-20       5.00000e-20
 122.7000000       5.00000e-20       5.00000e-20
 122.8000000       5.00000e-20       5.00000e-20
 122.9000000       5.00000e-20       5.00000e-20
 123.0000000       5.00000e-20       5.00000e-20
 123.1000000       5.00000e-20       5.00000e-20
 123.2000000       5.00000e-20       5.00000e-20
 123.3000000       5.00000e-20       5.00000e-20
 123.4000000       5.00000e-20       5.00000e-20
 123.5000000       5.00000e-20       5.00000e-20
 123.6000000       5.00000e-20       5.00000e-20
 123.7000000       5.00000e-20       5.00000e-20
 123.8000000       5.00000e-20       5.00000e-20
 123.9000000       5.00000e-20       5.00000e-20
 124.0000000       5.00000e-20       5.00000e-20
 124.1000000       5.00000e-20       5.00000e-20
 124.2000000       5.00000e-20       5.00000e-20
 124.3000000       5.00000e-20       5.00000e-20
 124.4000000       5.00000e-20       5.00000e-20
 124.5000000       5.00000e-20       5.00000e-20
 124.6000000       5.00000e-20       5.00000e-20
 124.7000000       5.00000e-20       5.00000e-20
 124.8000000       5.00000e-20       5.00000e-20
 124.9000000       5.00000e-20       5.00000e-20
 125.0000000       5.00000e-20       5.00000e-20
 125.1000000       5.00000e-20       5.00000e-20
 125.2000000       5.00000e-20       5.00000e-20
 125.3000000       5.00000e-20       5.00000e-20
 125.4000000       5.00000e-20       5.00000e-20
 125.5000000       5.00000e-20       5.00000e-20
 125.6000000       5.00000e-20       5.00000e-20
 125.7000000       5.00000e-20       5.00000e-20
 125.8000000       5.00000e-20       5.00000e-20
 125.9000000       5.00000e-20       5.00000e-20
 126.0000000       5.00000e-20       5.00000e-20
 126.1000000       5.00000e-20       5.00000e-20
 126.2000000       5.00000e-20       5.00000e-20
 126.3000000       5.00000e-20       5.00000e-20
 126.4000000       5.00000e-20       5.00000e-20
 126.5000000       5.00000e-20       5.00000e-20
 126.6000000       5.00000e-20       5.00000e-20
 126.7000000       5.00000e-20       5.00000e-20
 126.8000000       5.00000e-20       5.00000e-20
 126.9000000       5.00000e-20       5.00000e-20
 127.0000000       5.00000e-20       5.00000e-20
 127.1000000       5.00000e-20       5.00000e-20
 127.2000000       5.00000e-20       5.00000e-20
 127.3000000       5.00000e-20       5.00000e-20
 127.4000000       5.00000e-20       5.00000e-20
 127.5000000       5.00000e-20       5.00000e-20
 127.6000000       5.00000e-20       5.00000e-20
 127.7000000       5.00000e-20       5.00000e-20
 127.8000000       5.00000e-20       5.00000e-20
 127.9000000       5.00000e-20       5.00000e-20
 128.0000000       5.00000e-20       5.00000e-20
 128.1000000       5.00000e-20       5.00000e-20
 128.2000000       5.00000e-20       5.00000e-20
 128.3000000       5.10327e-20       5.10327e-20
 128.4000000       6.71478e-20       6.71478e-20
 128.5000000       1.48931e-19       1.48931e-19
 128.6000000       3.29091e-19       3.29091e-19
 128.7000000       6.88517e-19       6.88517e-19
 128.8000000       1.36388e-18       1.36388e-18
 128.9000000       2.55801e-18       2.55801e-18
 129.0000000       4.54240e-18       4.54240e-18
 129.1000000       7.63705e-18       7.63705e-18
 129.2000000       1.21568e-17       1.21568e-17
 129.3000000       1.83218e-17       1.83218e-17
 129.4000000       2.61436e-17       2.61436e-17
 129.5000000       3.53194e-17       3.53194e-17
 129.6000000       4.51761e-17       4.51761e-17
 129.7000000       5.47081e-17       5.47081e-17
 129.8000000       6.27248e-17       6.27248e-17
 129.9000000       6.80883e-17       6.80883e-17
 130.0000000       6.99761e-17       6.99761e-17
 130.1000000       6.80883e-17       6.80883e-17
 130.2000000       6.27248e-17       6.27248e-17
 130.3000000       5.47081e-17       5.47081e-17
 130.4000000       4.51761e-17       4.51761e-17
 130.5000000       3.53194e-17       3.53194e-17
 130.6000000       2.61436e-17       2.61436e-17
 130.7000000       1.83218e-17       1.83218e-17
 130.8000000       1.21568e-17       1.21568e-17
 130.9000000       7.63705e-18       7.63705e-18
 131.0000000       4.54240e-18       4.54240e-18
 131.1000000       2.55801e-18       2.55801e-18
 131.2000000       1.36388e-18       1.36388e-18
 131.3000000       6.88517e-19       6.88517e-19
 131.4000000       3.29091e-19       3.29091e-19
 131.5000000       1.48931e-19       1.48931e-19
 131.6000000       6.71478e-20       6.71478e-20
 131.7000000       5.10327e-20       5.10327e-20
 131.8000000       5.00000e-20       5.00000e-20
 131.9000000       5.00000e-20       5.00000e-20
 132.0000000       5.00000e-20       5.00000e-20
 132.1000000       5.00000e-20       5.00000e-20
 132.2000000       5.00000e-20       5.00000e-20
 132.3000000       5.00000e-20       5.00000e-20
 132.4000000       5.00000e-20       5.00000e-20
 132.5000000       5.00000e-20       5.00000e-20
 132.6000000       5.00000e-20       5.00000e-20
 132.7000000       5.00000e-20       5.00000e-20
 132.8000000       5.00000e-20       5.00000e-20
 132.9000000       5.00000e-20       5.00000e-20
 133.0000000       5.00000e-20       5.00000e-20
 133.1000000       5.00000e-20       5.00000e-20
 133.2000000       5.00000e-20       5.00000e-20
 133.3000000       5.00000e-20       5.00000e-20
 133.4000000       5.00000e-20       5.00000e-20
 133.5000000       5.00000e-20       5.00000e-20
 133.6000000       5.00000e-20       5.00000e-20
 133.7000000       5.00000e-20       5.00000e-20
 133.8000000       5.00000e-20       5.00000e-20
 133.9000000       5.00000e-20       5.00000e-20
 134.0000000       5.00000e-20       5.00000e-20
 134.1000000       5.00000e-20       5.00000e-20
 134.2000000       5.00000e-20       5.00000e-20
 134.3000000       5.00000e-20       5.00000e-20
 134.4000000       5.00000e-20       5.00000e-20
 134.5000000       5.00000e-20       5.00000e-20
 134.6000000       5.00000e-20       5.00000e-20
 134.7000000       5.00000e-20       5.00000e-20
 134.8000000       5.00000e-20       5.00000e-20
 134.9000000       5.00000e-20       5.00000e-20
 135.0000000       5.00000e-20       5.00000e-20
 135.1000000       5.00000e-20       5.00000e-20
 135.2000000       5.00000e-20       5.00000e-20
 135.3000000       5.00000e-20       5.00000e-20
 135.4000000       5.00000e-20       5.00000e-20
 135.5000000       5.00000e-20       5.00000e-20
 135.6000000       5.00000e-20       5.00000e-20
 135.7000000       5.00000e-20       5.00000e-20
 135.8000000       5.00000e-20       5.00000e-20
 135.9000000       5.00000e-20       5.00000e-20
 136.0000000       5.00000e-20       5.00000e-20
 136.1000000       5.00000e-20       5.00000e-20
 136.2000000       5.00000e-20       5.00000e-20
 136.3000000       5.00000e-20       5.00000e-20
 136.4000000       5.00000e-20       5.00000e-20
 136.5000000       5.00000e-20       5.00000e-20
 136.6000000       5.00000e-20       5.00000e-20
 136.7000000       5.00000e-20       5.00000e-20
 136.8000000       5.00000e-20       5.00000e-20
 136.9000000       5.00000e-20       5.00000e-20
 137.0000000       5.00000e-20       5.00000e-20
 137.1000000       5.00000e-20       5.00000e-20
 137.2000000       5.00000e-20       5.00000e-20
 137.3000000       5.00000e-20       5.00000e-20
 137.4000000       5.00000e-20       5.00000e-20
 137.5000000       5.00000e-20       5.00000e-20
 137.6000000       5.00000e-20       5.00000e-20
 137.7000000       5.00000e-20       5.00000e-20
 137.8000000       5.00000e-20       5.00000e-20
 137.9000000       5.00000e-20       5.00000e-20
 138.0000000       5.00000e-20       5.00000e-20
 138.1000000       5.00000e-20       5.00000e-20
 138.2000000       5.00000e-20       5.00000e-20
 138.3000000       5.00000e-20       5.00000e-20
 138.4000000       5.00000e-20       5.00000e-20
 138.5000000       5.00000e-20       5.00000e-20
 138.6000000       5.00000e-20       5.00000e-20
 138.7000000       5.00000e-20       5.00000e-20
 138.8000000       5.00000e-20       5.00000e-20
 138.9000000       5.00000e-20       5.00000e-20
 139.0000000       5.00000e-20       5.00000e-20
 139.1000000       5.00000e-20       5.00000e-20
 139.2000000       5.00000e-20       5.00000e-20
 139.3000000       5.00000e-20       5.00000e-20
 139.4000000       5.00000e-20       5.00000e-20
 139.5000000       5.00000e-20       5.00000e-20
 139.6000000       5.00000e-20       5.00000e-20
 139.7000000       5.00000e-20       5.00000e-20
 139.8000000       5.00000e-20       5.00000e-20
 139.9000000       5.00000e-20       5.00000e-20
 140.0000000       5.00000e-20       5.00000e-20
 140.1000000       5.00000e-20       5.00000e-20
 140.2000000       5.00000e-20       5.00000e-20
 140.3000000       5.00000e-20       5.00000e-20
 140.4000000       5.00000e-20       5.00000e-20
 140.5000000       5.00000e-20       5.00000e-20
 140.6000000       5.00000e-20       5.00000e-20
 140.7000000       5.00000e-20       5.00000e-20
 140.8000000       5.00000e-20       5.00000e-20
 140.9000000       5.00000e-20       5.00000e-20
 141.0000000       5.00000e-20       5.00000e-20
 141.1000000       5.00000e-20       5.00000e-20
 141.2000000       5.00000e-20       5.00000e-20
 141.3000000       5.00000e-20       5.00000e-20
 141.4000000       5.00000e-20       5.00000e-20
 141.5000000       5.00000e-20       5.00000e-20
 141.6000000       5.00000e-20       5.00000e-20
 141.7000000       5.00000e-20       5.00000e-20
 141.8000000       5.00000e-20       5.00000e-20
 141.9000000       5.00000e-20       5.00000e-20
 142.0000000       5.00000e-20       5.00000e-20
 142.1000000       5.00000e-20       5.00000e-20
 142.2000000       5.00000e-20       5.00000e-20
 142.3000000       5.00000e-20       5.00000e-20
 142.4000000       5.00000e-20       5.00000e-20
 142.5000000       5.00000e-20       5.00000e-20
 142.6000000       5.00000e-20       5.00000e-20
 142.7000000       5.00000e-20       5.00000e-20
 142.8000000       5.00000e-20       5.00000e-20
 142.9000000       5.00000e-20       5.00000e-20
 143.0000000       5.00000e-20       5.00000e-20
 143.1000000       5.00000e-20       5.00000e-20
 143.2000000       5.00000e-20       5.00000e-20
 143.3000000       5.00000e-20       5.00000e-20
 143.4000000       5.00000e-20       5.00000e-20
 143.5000000       5.00000e-20       5.00000e-20
 143.6000000       5.00000e-20       5.00000e-20
 143.7000000       5.00000e-20       5.00000e-20
 143.8000000       5.00000e-20       5.00000e-20
 143.9000000       5.00000e-20       5.00000e-20
 144.0000000       5.00000e-20       5.00000e-20
 144.1000000       5.00000e-20       5.00000e-20
 144.2000000       5.00000e-20       5.00000e-20
 144.3000000       5.00000e-20       5.00000e-20
 144.4000000       5.00000e-20       5.00000e-20
 144.5000000       5.00000e-20       5.00000e-20
 144.6000000       5.00000e-20       5.00000e-20
 144.7000000       5.00000e-20       5.00000e-20
 144.8000000       5.00000e-20       5.00000e-20
 144.9000000       5.00000e-20       5.00000e-20
 145.0000000       5.00000e-20       5.00000e-20
 145.1000000       5.00000e-20       5.00000e-20
 145.2000000       5.00000e-20       5.00000e-20
 145.3000000       5.00000e-20       5.00000e-20
 145.4000000       5.00000e-20       5.00000e-20
 145.5000000       5.00000e-20       5.00000e-20
 145.6000000       5.00000e-20       5.00000e-20
 145.7000000       5.00000e-20       5.00000e-20
 145.8000000       5.00000e-20       5.00000e-20
 145.9000000       5.00000e-20       5.00000e-20
 146.0000000       5.00000e-20       5.00000e-20
 146.1000000       5.00000e-20       5.00000e-20
 146.2000000       5.00000e-20       5.00000e-20
 146.3000000       5.00000e-20       5.00000e-20
 146.4000000       5.00000e-20       5.00000e-20
 146.5000000       5.00000e-20       5.00000e-20
 146.6000000       5.00000e-20       5.00000e-20
 146.7000000       5.00000e-20       5.00000e-20
 146.8000000       5.00000e-20       5.00000e-20
 146.9000000       5.00000e-20       5.00000e-20
 147.0000000       5.00000e-20       5.00000e-20
 147.1000000       5.00000e-20       5.00000e-20
 147.2000000       5.00000e-20       5.00000e-20
 147.3000000       5.00000e-20       5.00000e-20
 147.4000000       5.00000e-20       5.00000e-20
 147.5000000       5.00000e-20       5.00000e-20
 147.6000000       5.00000e-20       5.00000e-20
 147.7000000       5.00000e-20       5.00000e-20
 147.8000000       5.00000e-20       5.00000e-20
 147.9000000       5.00000e-20       5.00000e-20
 148.0000000       5.00000e-20       5.00000e-20
 148.1000000       5.00000e-20       5.00000e-20
 148.2000000       5.00000e-20       5.00000e-20
 148.3000000       5.00000e-20       5.00000e-20
 148.4000000       5.00000e-20       5.00000e-20
 148.5000000       5.00000e-20       5.00000e-20
 148.6000000       5.00000e-20       5.00000e-20
 148.7000000       5.00000e-20       5.00000e-20
 148.8000000       5.00000e-20       5.00000e-20
 148.9000000       5.00000e-20       5.00000e-20
 149.0000000       5.00000e-20       5.00000e-20
 149.1000000       5.00000e-20       5.00000e-20
 149.2000000       5.00000e-20       5.00000e-20
 149.3000000       5.00000e-20       5.00000e-20
 149.4000000       5.00000e-20       5.00000e-20
 149.5000000       5.00000e-20       5.00000e-20
 149.6000000       5.00000e-20       5.00000e-20
 149.7000000       5.00000e-20       5.00000e-20
 149.8000000       5.00000e-20       5.00000e-20
 149.9000000       5.00000e-20       5.00000e-20
 150.0000000       5.09062e-20       5.09062e-20
 150.1000000       5.72500e-20       5.72500e-20
 150.2000000       6.45000e-20       6.45000e-20
 150.3000000       7.17500e-20       7.17500e-20
 150.4000000       7.90000e-20       7.90000e-20
 150.5000000       8.62500e-20       8.62500e-20
 150.6000000       9.35000e-20       9.35000e-20
 150.7000000       1.00750e-19       1.00750e-19
 150.8000000       1.08000e-19       1.08000e-19
 150.9000000       1.15250e-19       1.15250e-19
 151.0000000       1.22500e-19       1.22500e-19
 151.1000000       1.29750e-19       1.29750e-19
 151.2000000       1.37000e-19       1.37000e-19
 151.3000000       1.44250e-19       1.44250e-19
 151.4000000       1.51500e-19       1.51500e-19
 151.5000000       1.58750e-19       1.58750e-19
 151.6000000       1.66000e-19       1.66000e-19
 151.7000000       1.73250e-19       1.73250e-19
 151.8000000       1.80500e-19       1.80500e-19
 151.9000000       1.87750e-19       1.87750e-19
 152.0000000       1.95000e-19       1.95000e-19
 152.1000000       2.02250e-19       2.02250e-19
 152.2000000       2.09500e-19       2.09500e-19
 152.3000000       2.16750e-19       2.16750e-19
 152.4000000       2.24000e-19       2.24000e-19
 152.5000000       2.31250e-19       2.31250e-19
 152.6000000       2.38500e-19       2.38500e-19
 152.7000000       2.45750e-19       2.45750e-19
 152.8000000       2.53000e-19       2.53000e-19
 152.9000000       2.60250e-19       2.60250e-19
 153.0000000       2.67500e-19       2.67500e-19
 153.1000000       2.74750e-19       2.74750e-19
 153.2000000       2.82000e-19       2.82000e-19
 153.3000000       2.89250e-19       2.89250e-19
 153.4000000       2.96500e-19       2.96500e-19
 153.5000000       3.03750e-19       3.03750e-19
 153.6000000       3.11000e-19       3.11000e-19
 153.7000000       3.18250e-19       3.18250e-19
 153.8000000       3.25500e-19       3.25500e-19
 153.9000000       3.32750e-19       3.32750e-19
 154.0000000       3.40000e-19       3.40000e-19
 154.1000000       3.47250e-19       3.47250e-19
 154.2000000       3.54500e-19       3.54500e-19
 154.3000000       3.61750e-19       3.61750e-19
 154.4000000       3.69000e-19       3.69000e-19
 154.5000000       3.76250e-19       3.76250e-19
 154.6000000       3.83500e-19       3.83500e-19
 154.7000000       3.90750e-19       3.90750e-19
 154.8000000       3.98000e-19       3.98000e-19
 154.9000000       4.05250e-19       4.05250e-19
 155.0000000       4.12500e-19       4.12500e-19
 155.1000000       4.19750e-19       4.19750e-19
 155.2000000       4.27000e-19       4.27000e-19
 155.3000000       4.34250e-19       4.34250e-19
 155.4000000       4.41500e-19       4.41500e-19
 155.5000000       4.48750e-19       4.48750e-19
 155.6000000       4.56000e-19       4.56000e-19
 155.7000000       4.63250e-19       4.63250e-19
 155.8000000       4.70500e-19       4.70500e-19
 155.9000000       4.77750e-19       4.77750e-19
 156.0000000       4.85000e-19       4.85000e-19
 156.1000000       4.92250e-19       4.92250e-19
 156.2000000       4.99500e-19       4.99500e-19
 156.3000000       5.06750e-19       5.06750e-19
 156.4000000       5.14000e-19       5.14000e-19
 156.5000000       5.21250e-19       5.21250e-19
 156.6000000       5.28500e-19       5.28500e-19
 156.7000000       5.35750e-19       5.35750e-19
 156.8000000       5.43000e-19       5.43000e-19
 156.9000000       5.50250e-19       5.50250e-19
 157.0000000       5.57500e-19       5.57500e-19
 157.1000000       5.64750e-19       5.64750e-19
 157.2000000       5.72000e-19       5.72000e-19
 157.3000000       5.79250e-19       5.79250e-19
 157.4000000       5.86500e-19       5.86500e-19
 157.5000000       5.93750e-19       5.93750e-19
 157.6000000       6.01000e-19       6.01000e-19
 157.7000000       6.08250e-19       6.08250e-19
 157.8000000       6.15500e-19       6.15500e-19
 157.9000000       6.22750e-19       6.22750e-19
 158.0000000       6.30000e-19       6.30000e-19
 158.1000000       6.37250e-19       6.37250e-19
 158.2000000       6.44500e-19       6.44500e-19
 158.3000000       6.51750e-19       6.51750e-19
 158.4000000       6.59000e-19       6.59000e-19
 158.5000000       6.66250e-19       6.66250e-19
 158.6000000       6.73500e-19       6.73500e-19
 158.7000000       6.80750e-19       6.80750e-19
 158.8000000       6.88000e-19       6.88000e-19
 158.9000000       6.95250e-19       6.95250e-19
 159.0000000       7.02500e-19       7.02500e-19
 159.1000000       7.09750e-19       7.09750e-19
 159.2000000       7.17000e-19       7.17000e-19
 159.3000000       7.24250e-19       7.24250e-19
 159.4000000       7.31500e-19       7.31500e-19
 159.5000000       7.38750e-19       7.38750e-19
 159.6000000       7.46000e-19       7.46000e-19
 159.7000000       7.53250e-19       7.53250e-19
 159.8000000       7.60500e-19       7.60500e-19
 159.9000000       7.67750e-19       7.67750e-19
 160.0000000       7.75000e-19       7.75000e-19
 160.1000000       7.82250e-19       7.82250e-19
 160.2000000       7.89500e-19       7.89500e-19
 160.3000000       7.96750e-19       7.96750e-19
 160.4000000       8.04000e-19       8.04000e-19
 160.5000000       8.11250e-19       8.11250e-19
 160.6000000       8.18500e-19       8.18500e-19
 160.7000000       8.25750e-19       8.25750e-19
 160.8000000       8.33000e-19       8.33000e-19
 160.9000000       8.40250e-19       8.40250e-19
 161.0000000       8.47500e-19       8.47500e-19
 161.1000000       8.54750e-19       8.54750e-19
 161.2000000       8.62000e-19       8.62000e-19
 161.3000000       8.69250e-19       8.69250e-19
 161.4000000       8.76500e-19       8.76500e-19
 161.5000000       8.83750e-19       8.83750e-19
 161.6000000       8.91000e-19       8.91000e-19
 161.7000000       8.98250e-19       8.98250e-19
 161.8000000       9.05500e-19       9.05500e-19
 161.9000000       9.12750e-19       9.12750e-19
 162.0000000       9.20000e-19       9.20000e-19
 162.1000000       9.27250e-19       9.27250e-19
 162.2000000       9.34500e-19       9.34500e-19
 162.3000000       9.41750e-19       9.41750e-19
 162.4000000       9.49000e-19       9.49000e-19
 162.5000000       9.56250e-19       9.56250e-19
 162.6000000       9.63500e-19       9.63500e-19
 162.7000000       9.70750e-19       9.70750e-19
 162.8000000       9.78000e-19       9.78000e-19
 162.9000000       9.85250e-19       9.85250e-19
 163.0000000       9.92500e-19       9.92500e-19
 163.1000000       9.99750e-19       9.99750e-19
 163.2000000       1.00700e-18       1.00700e-18
 163.3000000       1.01425e-18       1.01425e-18
 163.4000000       1.02150e-18       1.02150e-18
 163.5000000       1.02875e-18       1.02875e-18
 163.6000000       1.03600e-18       1.03600e-18
 163.7000000       1.04325e-18       1.04325e-18
 163.8000000       1.05050e-18       1.05050e-18
 163.9000000       1.05775e-18       1.05775e-18
 164.0000000       1.06500e-18       1.06500e-18
 164.1000000       1.07225e-18       1.07225e-18
 164.2000000       1.07950e-18       1.07950e-18
 164.3000000       1.08675e-18       1.08675e-18
 164.4000000       1.09400e-18       1.09400e-18
 164.5000000       1.10125e-18       1.10125e-18
 164.6000000       1.10850e-18       1.10850e-18
 164.7000000       1.11575e-18       1.11575e-18
 164.8000000       1.12300e-18       1.12300e-18
 164.9000000       1.13025e-18       1.13025e-18
 165.0000000       1.13750e-18       1.13750e-18
 165.1000000       1.14475e-18       1.14475e-18
 165.2000000       1.15200e-18       1.15200e-18
 165.3000000       1.15925e-18       1.15925e-18
 165.4000000       1.16650e-18       1.16650e-18
 165.5000000       1.17375e-18       1.17375e-18
 165.6000000       1.18100e-18       1.18100e-18
 165.7000000       1.18825e-18       1.18825e-18
 165.8000000       1.19550e-18       1.19550e-18
 165.9000000       1.20275e-18       1.20275e-18
 166.0000000       1.21000e-18       1.21000e-18
 166.1000000       1.21725e-18       1.21725e-18
 166.2000000       1.22450e-18       1.22450e-18
 166.3000000       1.23175e-18       1.23175e-18
 166.4000000       1.23900e-18       1.23900e-18
 166.5000000       1.24625e-18       1.24625e-18
 166.6000000       1.25350e-18       1.25350e-18
 166.7000000       1.26075e-18       1.26075e-18
 166.8000000       1.26800e-18       1.26800e-18
 166.9000000       1.27525e-18       1.27525e-18
 167.0000000       1.28250e-18       1.28250e-18
 167.1000000       1.28975e-18       1.28975e-18
 167.2000000       1.29700e-18       1.29700e-18
 167.3000000       1.30425e-18       1.30425e-18
 167.4000000       1.31150e-18       1.31150e-18
 167.5000000       1.31875e-18       1.31875e-18
 167.6000000       1.32600e-18       1.32600e-18
 167.7000000       1.33325e-18       1.33325e-18
 167.8000000       1.34050e-18       1.34050e-18
 167.9000000       1.34775e-18       1.34775e-18
 168.0000000       1.35500e-18       1.35500e-18
 168.1000000       1.36225e-18       1.36225e-18
 168.2000000       1.36950e-18       1.36950e-18
 168.3000000       1.37675e-18       1.37675e-18
 168.4000000       1.38400e-18       1.38400e-18
 168.5000000       1.39125e-18       1.39125e-18
 168.6000000       1.39850e-18       1.39850e-18
 168.7000000       1.40575e-18       1.40575e-18
 168.8000000       1.41300e-18       1.41300e-18
 168.9000000       1.42025e-18       1.42025e-18
 169.0000000       1.42750e-18       1.42750e-18
 169.1000000       1.43475e-18       1.43475e-18
 169.2000000       1.44200e-18       1.44200e-18
 169.3000000       1.44925e-18       1.44925e-18
 169.4000000       1.45650e-18       1.45650e-18
 169.5000000       1.46375e-18       1.46375e-18
 169.6000000       1.47100e-18       1.47100e-18
 169.7000000       1.47825e-18       1.47825e-18
 169.8000000       1.48550e-18       1.48550e-18
 169.9000000       1.49275e-18       1.49275e-18
 170.0000000       1.50053e-18       1.50053e-18
 170.1000000       1.51150e-18       1.51150e-18
 170.2000000       1.52300e-18       1.52300e-18
 170.3000000       1.53450e-18       1.53450e-18
 170.4000000       1.54600e-18       1.54600e-18
 170.5000000       1.55750e-18       1.55750e-18
 170.6000000       1.56900e-18       1.56900e-18
 170.7000000       1.58050e-18       1.58050e-18
 170.8000000       1.59200e-18       1.59200e-18
 170.9000000       1.60350e-18       1.60350e-18
 171.0000000       1.61500e-18       1.61500e-18
 171.1000000       1.62650e-18       1.62650e-18
 171.2000000       1.63800e-18       1.63800e-18
 171.3000000       1.64950e-18       1.64950e-18
 171.4000000       1.66100e-18       1.66100e-18
 171.5000000       1.67250e-18       1.67250e-18
 171.6000000       1.68400e-18       1.68400e-18
 171.7000000       1.69550e-18       1.69550e-18
 171.8000000       1.70700e-18       1.70700e-18
 171.9000000       1.71850e-18       1.71850e-18
 172.0000000       1.73000e-18       1.73000e-18
 172.1000000       1.74150e-18       1.74150e-18
 172.2000000       1.75300e-18       1.75300e-18
 172.3000000       1.76450e-18       1.76450e-18
 172.4000000       1.77600e-18       1.77600e-18
 172.5000000       1.78750e-18       1.78750e-18
 172.6000000       1.79900e-18       1.79900e-18
 172.7000000       1.81050e-18       1.81050e-18
 172.8000000       1.82200e-18       1.82200e-18
 172.9000000       1.83350e-18       1.83350e-18
 173.0000000       1.84500e-18       1.84500e-18
 173.1000000       1.85650e-18       1.85650e-18
 173.2000000       1.86800e-18       1.86800e-18
 173.3000000       1.87950e-18       1.87950e-18
 173.4000000       1.89100e-18       1.89100e-18
 173.5000000       1.90250e-18       1.90250e-18
 173.6000000       1.91400e-18       1.91400e-18
 173.7000000       1.92550e-18       1.92550e-18
 173.8000000       1.93700e-18       1.93700e-18
 173.9000000       1.94850e-18       1.94850e-18
 174.0000000       1.96000e-18       1.96000e-18
 174.1000000       1.97150e-18       1.97150e-18
 174.2000000       1.98300e-18       1.98300e-18
 174.3000000       1.99450e-18       1.99450e-18
 174.4000000       2.00600e-18       2.00600e-18
 174.5000000       2.01750e-18       2.01750e-18
 174.6000000       2.02900e-18       2.02900e-18
 174.7000000       2.04050e-18       2.04050e-18
 174.8000000       2.05200e-18       2.05200e-18
 174.9000000       2.06350e-18       2.06350e-18
 175.0000000       2.07500e-18       2.07500e-18
 175.1000000       2.08650e-18       2.08650e-18
 175.2000000       2.09800e-18       2.09800e-18
 175.3000000       2.10950e-18       2.10950e-18
 175.4000000       2.12100e-18       2.12100e-18
 175.5000000       2.13250e-18       2.13250e-18
 175.6000000       2.14400e-18       2.14400e-18
 175.7000000       2.15550e-18       2.15550e-18
 175.8000000       2.16700e-18       2.16700e-18
 175.9000000       2.17850e-18       2.17850e-18
 176.0000000       2.19000e-18       2.19000e-18
 176.1000000       2.20150e-18       2.20150e-18
 176.2000000       2.21300e-18       2.21300e-18
 176.3000000       2.22450e-18       2.22450e-18
 176.4000000       2.23600e-18       2.23600e-18
 176.5000000       2.24750e-18       2.24750e-18
 176.6000000       2.25900e-18       2.25900e-18
 176.7000000       2.27050e-18       2.27050e-18
 176.8000000       2.28200e-18       2.28200e-18
 176.9000000       2.29350e-18       2.29350e-18
 177.0000000       2.30500e-18       2.30500e-18
 177.1000000       2.31650e-18       2.31650e-18
 177.2000000       2.32800e-18       2.32800e-18
 177.3000000       2.33950e-18       2.33950e-18
 177.4000000       2.35100e-18       2.35100e-18
 177.5000000       2.36250e-18       2.36250e-18
 177.6000000       2.37400e-18       2.37400e-18
 177.7000000       2.38550e-18       2.38550e-18
 177.8000000       2.39700e-18       2.39700e-18
 177.9000000       2.40850e-18       2.40850e-18
 178.0000000       2.42000e-18       2.42000e-18
 178.1000000       2.43150e-18       2.43150e-18
 178.2000000       2.44300e-18       2.44300e-18
 178.3000000       2.45450e-18       2.45450e-18
 178.4000000       2.46600e-18       2.46600e-18
 178.5000000       2.47750e-18       2.47750e-18
 178.6000000       2.48900e-18       2.48900e-18
 178.7000000       2.50050e-18       2.50050e-18
 178.8000000       2.51200e-18       2.51200e-18
 178.9000000       2.52350e-18       2.52350e-18
 179.0000000       2.53500e-18       2.53500e-18
 179.1000000       2.54650e-18       2.54650e-18
 179.2000000       2.55800e-18       2.55800e-18
 179.3000000       2.56950e-18       2.56950e-18
 179.4000000       2.58100e-18       2.58100e-18
 179.5000000       2.59250e-18       2.59250e-18
 179.6000000       2.60400e-18       2.60400e-18
 179.7000000       2.61550e-18       2.61550e-18
 179.8000000       2.62700e-18       2.62700e-18
 179.9000000       2.63850e-18       2.63850e-18
 180.0000000       2.65000e-18       2.65000e-18
 180.1000000       2.66150e-18       2.66150e-18
 180.2000000       2.67300e-18       2.67300e-18
 180.3000000       2.68450e-18       2.68450e-18
 180.4000000       2.69600e-18       2.69600e-18
 180.5000000       2.70750e-18       2.70750e-18
 180.6000000       2.71900e-18       2.71900e-18
 180.7000000       2.73050e-18       2.73050e-18
 180.8000000       2.74200e-18       2.74200e-18
 180.9000000       2.75350e-18       2.75350e-18
 181.0000000       2.76500e-18       2.76500e-18
 181.1000000       2.77650e-18       2.77650e-18
 181.2000000       2.78800e-18       2.78800e-18
 181.3000000       2.79950e-18       2.79950e-18
 181.4000000       2.81100e-18       2.81100e-18
 181.5000000       2.82250e-18       2.82250e-18
 181.6000000       2.83400e-18       2.83400e-18
 181.7000000       2.84550e-18       2.84550e-18
 181.8000000       2.85700e-18       2.85700e-18
 181.9000000       2.86850e-18       2.86850e-18
 182.0000000       2.88000e-18       2.88000e-18
 182.1000000       2.89150e-18       2.89150e-18
 182.2000000       2.90300e-18       2.90300e-18
 182.3000000       2.91450e-18       2.91450e-18
 182.4000000       2.92600e-18       2.92600e-18
 182.5000000       2.93750e-18       2.93750e-18
 182.6000000       2.94900e-18       2.94900e-18
 182.7000000       2.96050e-18       2.96050e-18
 182.8000000       2.97200e-18       2.97200e-18
 182.9000000       2.98350e-18       2.98350e-18
 183.0000000       2.99500e-18       2.99500e-18
 183.1000000       3.00650e-18       3.00650e-18
 183.2000000       3.01800e-18       3.01800e-18
 183.3000000       3.02950e-18       3.02950e-18
 183.4000000       3.04100e-18       3.04100e-18
 183.5000000       3.05250e-18       3.05250e-18
 183.6000000       3.06400e-18       3.06400e-18
 183.7000000       3.07550e-18       3.07550e-18
 183.8000000       3.08700e-18       3.08700e-18
 183.9000000       3.09850e-18       3.09850e-18
 184.0000000       3.11000e-18       3.11000e-18
 184.1000000       3.12150e-18       3.12150e-18
 184.2000000       3.13300e-18       3.13300e-18
 184.3000000       3.14450e-18       3.14450e-18
 184.4000000       3.15600e-18       3.15600e-18
 184.5000000       3.16750e-18       3.16750e-18
 184.6000000       3.17900e-18       3.17900e-18
 184.7000000       3.19050e-18       3.19050e-18
 184.8000000       3.20200e-18       3.20200e-18
 184.9000000       3.21350e-18       3.21350e-18
 185.0000000       3.22500e-18       3.22500e-18
 185.1000000       3.23650e-18       3.23650e-18
 185.2000000       3.24800e-18       3.24800e-18
 185.3000000       3.25950e-18       3.25950e-18
 185.4000000       3.27100e-18       3.27100e-18
 185.5000000       3.28250e-18       3.28250e-18
 185.6000000       3.29400e-18       3.29400e-18
 185.7000000       3.30550e-18       3.30550e-18
 185.8000000       3.31700e-18       3.31700e-18
 185.9000000       3.32850e-18       3.32850e-18
 186.0000000       3.34000e-18       3.34000e-18
 186.1000000       3.35150e-18       3.35150e-18
 186.2000000       3.36300e-18       3.36300e-18
 186.3000000       3.37450e-18       3.37450e-18
 186.4000000       3.38600e-18       3.38600e-18
 186.5000000       3.39750e-18       3.39750e-18
 186.6000000       3.40900e-18       3.40900e-18
 186.7000000       3.42050e-18       3.42050e-18
 186.8000000       3.43200e-18       3.43200e-18
 186.9000000       3.44350e-18       3.44350e-18
 187.0000000       3.45500e-18       3.45500e-18
 187.1000000       3.46650e-18       3.46650e-18
 187.2000000       3.47800e-18       3.47800e-18
 187.3000000       3.48950e-18       3.48950e-18
 187.4000000       3.50100e-18       3.50100e-18
 187.5000000       3.51250e-18       3.51250e-18
 187.6000000       3.52400e-18       3.52400e-18
 187.7000000       3.53550e-18       3.53550e-18
 187.8000000       3.54700e-18       3.54700e-18
 187.9000000       3.55850e-18       3.55850e-18
 188.0000000       3.57000e-18       3.57000e-18
 188.1000000       3.58150e-18       3.58150e-18
 188.2000000       3.59300e-18       3.59300e-18
 188.3000000       3.60450e-18       3.60450e-18
 188.4000000       3.61600e-18       3.61600e-18
 188.5000000       3.62750e-18       3.62750e-18
 188.6000000       3.63900e-18       3.63900e-18
 188.7000000       3.65050e-18       3.65050e-18
 188.8000000       3.66200e-18       3.66200e-18
 188.9000000       3.67350e-18       3.67350e-18
 189.0000000       3.68500e-18       3.68500e-18
 189.1000000       3.69650e-18       3.69650e-18
 189.2000000       3.70800e-18       3.70800e-18
 189.3000000       3.71950e-18       3.71950e-18
 189.4000000       3.73100e-18       3.73100e-18
 189.5000000       3.74250e-18       3.74250e-18
 189.6000000       3.75400e-18       3.75400e-18
 189.7000000       3.76550e-18       3.76550e-18
 189.8000000       3.77700e-18       3.77700e-18
 189.9000000       3.78850e-18       3.78850e-18
 190.0000000       3.80037e-18       3.80037e-18
 190.1000000       3.81450e-18       3.81450e-18
 190.2000000       3.82900e-18       3.82900e-18
 190.3000000       3.84350e-18       3.84350e-18
 190.4000000       3.85800e-18       3.85800e-18
 190.5000000       3.87250e-18       3.87250e-18
 190.6000000       3.88700e-18       3.88700e-18
 190.7000000       3.90150e-18       3.90150e-18
 190.8000000       3.91600e-18       3.91600e-18
 190.9000000       3.93050e-18       3.93050e-18
 191.0000000       3.94500e-18       3.94500e-18
 191.1000000       3.95950e-18       3.95950e-18
 191.2000000       3.97400e-18       3.97400e-18
 191.3000000       3.98850e-18       3.98850e-18
 191.4000000       4.00300e-18       4.00300e-18
 191.5000000       4.01750e-18       4.01750e-18
 191.6000000       4.03200e-18       4.03200e-18
 191.7000000       4.04650e-18       4.04650e-18
 191.8000000       4.06100e-18       4.06100e-18
 191.9000000       4.07550e-18       4.07550e-18
 192.0000000       4.09000e-18       4.09000e-18
 192.1000000       4.10450e-18       4.10450e-18
 192.2000000       4.11900e-18       4.11900e-18
 192.3000000       4.13350e-18       4.13350e-18
 192.4000000       4.14800e-18       4.14800e-18
 192.5000000       4.16250e-18       4.16250e-18
 192.6000000       4.17700e-18       4.17700e-18
 192.7000000       4.19150e-18       4.19150e-18
 192.8000000       4.20600e-18       4.20600e-18
 192.9000000       4.22050e-18       4.22050e-18
 193.0000000       4.23500e-18       4.23500e-18
 193.1000000       4.24950e-18       4.24950e-18
 193.2000000       4.26400e-18       4.26400e-18
 193.3000000       4.27850e-18       4.27850e-18
 193.4000000       4.29300e-18       4.29300e-18
 193.5000000       4.30750e-18       4.30750e-18
 193.6000000       4.32200e-18       4.32200e-18
 193.7000000       4.33650e-18       4.33650e-18
 193.8000000       4.35100e-18       4.35100e-18
 193.9000000       4.36550e-18       4.36550e-18
 194.0000000       4.38000e-18       4.38000e-18
 194.1000000       4.39450e-18       4.39450e-18
 194.2000000       4.40900e-18       4.40900e-18
 194.3000000       4.42350e-18       4.42350e-18
 194.4000000       4.43800e-18       4.43800e-18
 194.5000000       4.45250e-18       4.45250e-18
 194.6000000       4.46700e-18       4.46700e-18
 194.7000000       4.48150e-18       4.48150e-18
 194.8000000       4.49600e-18       4.49600e-18
 194.9000000       4.51050e-18       4.51050e-18
 195.0000000       4.52500e-18       4.52500e-18
 195.1000000       4.53950e-18       4.53950e-18
 195.2000000       4.55400e-18       4.55400e-18
 195.3000000       4.56850e-18       4.56850e-18
 195.4000000       4.58300e-18       4.58300e-18
 195.5000000       4.59750e-18       4.59750e-18
 195.6000000       4.61200e-18       4.61200e-18
 195.7000000       4.62650e-18       4.62650e-18
 195.8000000       4.64100e-18       4.64100e-18
 195.9000000       4.65550e-18       4.65550e-18
 196.0000000       4.67000e-18       4.67000e-18
 196.1000000       4.68450e-18       4.68450e-18
 196.2000000       4.69900e-18       4.69900e-18
 196.3000000       4.71350e-18       4.71350e-18
 196.4000000       4.72800e-18       4.72800e-18
 196.5000000       4.74250e-18       4.74250e-18
 196.6000000       4.75700e-18       4.75700e-18
 196.7000000       4.77150e-18       4.77150e-18
 196.8000000       4.78600e-18       4.78600e-18
 196.9000000       4.80050e-18       4.80050e-18
 197.0000000       4.81500e-18       4.81500e-18
 197.1000000       4.82950e-18       4.82950e-18
 197.2000000       4.84400e-18       4.84400e-18
 197.3000000       4.85850e-18       4.85850e-18
 197.4000000       4.87300e-18       4.87300e-18
 197.5000000       4.88750e-18       4.88750e-18
 197.6000000       4.90200e-18       4.90200e-18
 197.7000000       4.91650e-18       4.91650e-18
 197.8000000       4.93100e-18       4.93100e-18
 197.9000000       4.94550e-18       4.94550e-18
 198.0000000       4.96000e-18       4.96000e-18
 198.1000000       4.97450e-18       4.97450e-18
 198.2000000       4.98900e-18       4.98900e-18
 198.3000000       5.00350e-18       5.00350e-18
 198.4000000       5.01800e-18       5.01800e-18
 198.5000000       5.03250e-18       5.03250e-18
 198.6000000       5.04700e-18       5.04700e-18
 198.7000000       5.06150e-18       5.06150e-18
 198.8000000       5.07600e-18       5.07600e-18
 198.9000000       5.09050e-18       5.09050e-18
 199.0000000       5.10500e-18       5.10500e-18
 199.1000000       5.11950e-18       5.11950e-18
 199.2000000       5.13400e-18       5.13400e-18
 199.3000000       5.14850e-18       5.14850e-18
 199.4000000       5.16300e-18       5.16300e-18
 199.5000000       5.17750e-18       5.17750e-18
 199.6000000       5.19200e-18       5.19200e-18
 199.7000000       5.20650e-18       5.20650e-18
 199.8000000       5.22100e-18       5.22100e-18
 199.9000000       5.23550e-18       5.23550e-18
 200.0000000       5.24866e-18       5.24866e-18
 200.1000000       5.25380e-18       5.25380e-18
 200.2000000       5.25760e-18       5.25760e-18
 200.3000000       5.26140e-18       5.26140e-18
 200.4000000       5.26520e-18       5.26520e-18
 200.5000000       5.26900e-18       5.26900e-18
 200.6000000       5.27280e-18       5.27280e-18
 200.7000000       5.27660e-18       5.27660e-18
 200.8000000       5.28040e-18       5.28040e-18
 200.9000000       5.28420e-18       5.28420e-18
 201.0000000       5.28800e-18       5.28800e-18
 201.1000000       5.29180e-18       5.29180e-18
 201.2000000       5.29560e-18       5.29560e-18
 201.3000000       5.29940e-18       5.29940e-18
 201.4000000       5.30320e-18       5.30320e-18
 201.5000000       5.30700e-18       5.30700e-18
 201.6000000       5.31080e-18       5.31080e-18
 201.7000000       5.31460e-18       5.31460e-18
 201.8000000       5.31840e-18       5.31840e-18
 201.9000000       5.32220e-18       5.32220e-18
 202.0000000       5.32600e-18       5.32600e-18
 202.1000000       5.32980e-18       5.32980e-18
 202.2000000       5.33360e-18       5.33360e-18
 202.3000000       5.33740e-18       5.33740e-18
 202.4000000       5.34120e-18       5.34120e-18
 202.5000000       5.34500e-18       5.34500e-18
 202.6000000       5.34880e-18       5.34880e-18
 202.7000000       5.35260e-18       5.35260e-18
 202.8000000       5.35640e-18       5.35640e-18
 202.9000000       5.36020e-18       5.36020e-18
 203.0000000       5.36400e-18       5.36400e-18
 203.1000000       5.36780e-18       5.36780e-18
 203.2000000       5.37160e-18       5.37160e-18
 203.3000000       5.37540e-18       5.37540e-18
 203.4000000       5.37920e-18       5.37920e-18
 203.5000000       5.38300e-18       5.38300e-18
 203.6000000       5.38680e-18       5.38680e-18
 203.7000000       5.39060e-18       5.39060e-18
 203.8000000       5.39440e-18       5.39440e-18
 203.9000000       5.39820e-18       5.39820e-18
 204.0000000       5.40200e-18       5.40200e-18
 204.1000000       5.40580e-18       5.40580e-18
 204.2000000       5.40960e-18       5.40960e-18
 204.3000000       5.41340e-18       5.41340e-18
 204.4000000       5.41720e-18       5.41720e-18
 204.5000000       5.42100e-18       5.42100e-18
 204.6000000       5.42480e-18       5.42480e-18
 204.7000000       5.42860e-18       5.42860e-18
 204.8000000       5.43240e-18       5.43240e-18
 204.9000000       5.43620e-18       5.43620e-18
 205.0000000       5.43935e-18       5.43935e-18
 205.1000000       5.43860e-18       5.43860e-18
 205.2000000       5.43720e-18       5.43720e-18
 205.3000000       5.43580e-18       5.43580e-18
 205.4000000       5.43440e-18       5.43440e-18
 205.5000000       5.43300e-18       5.43300e-18
 205.6000000       5.43160e-18       5.43160e-18
 205.7000000       5.43020e-18       5.43020e-18
 205.8000000       5.42880e-18       5.42880e-18
 205.9000000       5.42740e-18       5.42740e-18
 206.0000000       5.42600e-18       5.42600e-18
 206.1000000       5.42460e-18       5.42460e-18
 206.2000000       5.42320e-18       5.42320e-18
 206.3000000       5.42180e-18       5.42180e-18
 206.4000000       5.42040e-18       5.42040e-18
 206.5000000       5.41900e-18       5.41900e-18
 206.6000000       5.41760e-18       5.41760e-18
 206.7000000       5.41620e-18       5.41620e-18
 206.8000000       5.41480e-18       5.41480e-18
 206.9000000       5.41340e-18       5.41340e-18
 207.0000000       5.41200e-18       5.41200e-18
 207.1000000       5.41060e-18       5.41060e-18
 207.2000000       5.40920e-18       5.40920e-18
 207.3000000       5.40780e-18       5.40780e-18
 207.4000000       5.40640e-18       5.40640e-18
 207.5000000       5.40500e-18       5.40500e-18
 207.6000000       5.40360e-18       5.40360e-18
 207.7000000       5.40220e-18       5.40220e-18
 207.8000000       5.40080e-18       5.40080e-18
 207.9000000       5.39940e-18       5.39940e-18
 208.0000000       5.39800e-18       5.39800e-18
 208.1000000       5.39660e-18       5.39660e-18
 208.2000000       5.39520e-18       5.39520e-18
 208.3000000       5.39380e-18       5.39380e-18
 208.4000000       5.39240e-18       5.39240e-18
 208.5000000       5.39100e-18       5.39100e-18
 208.6000000       5.38960e-18       5.38960e-18
 208.7000000       5.38820e-18       5.38820e-18
 208.8000000       5.38680e-18       5.38680e-18
 208.9000000       5.38540e-18       5.38540e-18
 209.0000000       5.38400e-18       5.38400e-18
 209.1000000       5.38260e-18       5.38260e-18
 209.2000000       5.38120e-18       5.38120e-18
 209.3000000       5.37980e-18       5.37980e-18
 209.4000000       5.37840e-18       5.37840e-18
 209.5000000       5.37700e-18       5.37700e-18
 209.6000000       5.37560e-18       5.37560e-18
 209.7000000       5.37420e-18       5.37420e-18
 209.8000000       5.37280e-18       5.37280e-18
 209.9000000       5.37140e-18       5.37140e-18
 210.0000000       5.36893e-18       5.36893e-18
 210.1000000       5.36000e-18       5.36000e-18
 210.2000000       5.35000e-18       5.35000e-18
 210.3000000       5.34000e-18       5.34000e-18
 210.4000000       5.33000e-18       5.33000e-18
 210.5000000       5.32000e-18       5.32000e-18
 210.6000000       5.31000e-18       5.31000e-18
 210.7000000       5.30000e-18       5.30000e-18
 210.8000000       5.29000e-18       5.29000e-18
 210.9000000       5.28000e-18       5.28000e-18
 211.0000000       5.27000e-18       5.27000e-18
 211.1000000       5.26000e-18       5.26000e-18
 211.2000000       5.25000e-18       5.25000e-18
 211.3000000       5.24000e-18       5.24000e-18
 211.4000000       5.23000e-18       5.23000e-18
 211.5000000       5.22000e-18       5.22000e-18
 211.6000000       5.21000e-18       5.21000e-18
 211.7000000       5.20000e-18       5.20000e-18
 211.8000000       5.19000e-18       5.19000e-18
 211.9000000       5.18000e-18       5.18000e-18
 212.0000000       5.17000e-18       5.17000e-18
 212.1000000       5.16000e-18       5.16000e-18
 212.2000000       5.15000e-18       5.15000e-18
 212.3000000       5.14000e-18       5.14000e-18
 212.4000000       5.13000e-18       5.13000e-18
 212.5000000       5.12000e-18       5.12000e-18
 212.6000000       5.11000e-18       5.11000e-18
 212.7000000       5.10000e-18       5.10000e-18
 212.8000000       5.09000e-18       5.09000e-18
 212.9000000       5.08000e-18       5.08000e-18
 213.0000000       5.07000e-18       5.07000e-18
 213.1000000       5.06000e-18       5.06000e-18
 213.2000000       5.05000e-18       5.05000e-18
 213.3000000       5.04000e-18       5.04000e-18
 213.4000000       5.03000e-18       5.03000e-18
 213.5000000       5.02000e-18       5.02000e-18
 213.6000000       5.01000e-18       5.01000e-18
 213.7000000       5.00000e-18       5.00000e-18
 213.8000000       4.99000e-18       4.99000e-18
 213.9000000       4.98000e-18       4.98000e-18
 214.0000000       4.97000e-18       4.97000e-18
 214.1000000       4.96000e-18       4.96000e-18
 214.2000000       4.95000e-18       4.95000e-18
 214.3000000       4.94000e-18       4.94000e-18
 214.4000000       4.93000e-18       4.93000e-18
 214.5000000       4.92000e-18       4.92000e-18
 214.6000000       4.91000e-18       4.91000e-18
 214.7000000       4.90000e-18       4.90000e-18
 214.8000000       4.89000e-18       4.89000e-18
 214.9000000       4.88000e-18       4.88000e-18
 215.0000000       4.87000e-18       4.87000e-18
 215.1000000       4.86000e-18       4.86000e-18
 215.2000000       4.85000e-18       4.85000e-18
 215.3000000       4.84000e-18       4.84000e-18
 215.4000000       4.83000e-18       4.83000e-18
 215.5000000       4.82000e-18       4.82000e-18
 215.6000000       4.81000e-18       4.81000e-18
 215.7000000       4.80000e-18       4.80000e-18
 215.8000000       4.79000e-18       4.79000e-18
 215.9000000       4.78000e-18       4.78000e-18
 216.0000000       4.77000e-18       4.77000e-18
 216.1000000       4.76000e-18       4.76000e-18
 216.2000000       4.75000e-18       4.75000e-18
 216.3000000       4.74000e-18       4.74000e-18
 216.4000000       4.73000e-18       4.73000e-18
 216.5000000       4.72000e-18       4.72000e-18
 216.6000000       4.71000e-18       4.71000e-18
 216.7000000       4.70000e-18       4.70000e-18
 216.8000000       4.69000e-18       4.69000e-18
 216.9000000       4.68000e-18       4.68000e-18
 217.0000000       4.67000e-18       4.67000e-18
 217.1000000       4.66000e-18       4.66000e-18
 217.2000000       4.65000e-18       4.65000e-18
 217.3000000       4.64000e-18       4.64000e-18
 217.4000000       4.63000e-18       4.63000e-18
 217.5000000       4.62000e-18       4.62000e-18
 217.6000000       4.61000e-18       4.61000e-18
 217.7000000       4.60000e-18       4.60000e-18
 217.8000000       4.59000e-18       4.59000e-18
 217.9000000       4.58000e-18       4.58000e-18
 218.0000000       4.57000e-18       4.57000e-18
 218.1000000       4.56000e-18       4.56000e-18
 218.2000000       4.55000e-18       4.55000e-18
 218.3000000       4.54000e-18       4.54000e-18
 218.4000000       4.53000e-18       4.53000e-18
 218.5000000       4.52000e-18       4.52000e-18
 218.6000000       4.51000e-18       4.51000e-18
 218.7000000       4.50000e-18       4.50000e-18
 218.8000000       4.49000e-18       4.49000e-18
 218.9000000       4.48000e-18       4.48000e-18
 219.0000000       4.47000e-18       4.47000e-18
 219.1000000       4.46000e-18       4.46000e-18
 219.2000000       4.45000e-18       4.45000e-18
 219.3000000       4.44000e-18       4.44000e-18
 219.4000000       4.43000e-18       4.43000e-18
 219.5000000       4.42000e-18       4.42000e-18
 219.6000000       4.41000e-18       4.41000e-18
 219.7000000       4.40000e-18       4.40000e-18
 219.8000000       4.39000e-18       4.39000e-18
 219.9000000       4.38000e-18       4.38000e-18
 220.0000000       4.36936e-18       4.36936e-18
 220.1000000       4.35490e-18       4.35490e-18
 220.2000000       4.33980e-18       4.33980e-18
 220.3000000       4.32470e-18       4.32470e-18
 220.4000000       4.30960e-18       4.30960e-18
 220.5000000       4.29450e-18       4.29450e-18
 220.6000000       4.27940e-18       4.27940e-18
 220.7000000       4.26430e-18       4.26430e-18
 220.8000000       4.24920e-18       4.24920e-18
 220.9000000       4.23410e-18       4.23410e-18
 221.0000000       4.21900e-18       4.21900e-18
 221.1000000       4.20390e-18       4.20390e-18
 221.2000000       4.18880e-18       4.18880e-18
 221.3000000       4.17370e-18       4.17370e-18
 221.4000000       4.15860e-18       4.15860e-18
 221.5000000       4.14350e-18       4.14350e-18
 221.6000000       4.12840e-18       4.12840e-18
 221.7000000       4.11330e-18       4.11330e-18
 221.8000000       4.09820e-18       4.09820e-18
 221.9000000       4.08310e-18       4.08310e-18
 222.0000000       4.06800e-18       4.06800e-18
 222.1000000       4.05290e-18       4.05290e-18
 222.2000000       4.03780e-18       4.03780e-18
 222.3000000       4.02270e-18       4.02270e-18
 222.4000000       4.00760e-18       4.00760e-18
 222.5000000       3.99250e-18       3.99250e-18
 222.6000000       3.97740e-18       3.97740e-18
 222.7000000       3.96230e-18       3.96230e-18
 222.8000000       3.94720e-18       3.94720e-18
 222.9000000       3.93210e-18       3.93210e-18
 223.0000000       3.91700e-18       3.91700e-18
 223.1000000       3.90190e-18       3.90190e-18
 223.2000000       3.88680e-18       3.88680e-18
 223.3000000       3.87170e-18       3.87170e-18
 223.4000000       3.85660e-18       3.85660e-18
 223.5000000       3.84150e-18       3.84150e-18
 223.6000000       3.82640e-18       3.82640e-18
 223.7000000       3.81130e-18       3.81130e-18
 223.8000000       3.79620e-18       3.79620e-18
 223.9000000       3.78110e-18       3.78110e-18
 224.0000000       3.76600e-18       3.76600e-18
 224.1000000       3.75090e-18       3.75090e-18
 224.2000000       3.73580e-18       3.73580e-18
 224.3000000       3.72070e-18       3.72070e-18
 224.4000000       3.70560e-18       3.70560e-18
 224.5000000       3.69050e-18       3.69050e-18
 224.6000000       3.67540e-18       3.67540e-18
 224.7000000       3.66030e-18       3.66030e-18
 224.8000000       3.64520e-18       3.64520e-18
 224.9000000       3.63010e-18       3.63010e-18
 225.0000000       3.61500e-18       3.61500e-18
 225.1000000       3.59990e-18       3.59990e-18
 225.2000000       3.58480e-18       3.58480e-18
 225.3000000       3.56970e-18       3.56970e-18
 225.4000000       3.55460e-18       3.55460e-18
 225.5000000       3.53950e-18       3.53950e-18
 225.6000000       3.52440e-18       3.52440e-18
 225.7000000       3.50930e-18       3.50930e-18
 225.8000000       3.49420e-18       3.49420e-18
 225.9000000       3.47910e-18       3.47910e-18
 226.0000000       3.46400e-18       3.46400e-18
 226.1000000       3.44890e-18       3.44890e-18
 226.2000000       3.43380e-18       3.43380e-18
 226.3000000       3.41870e-18       3.41870e-18
 226.4000000       3.40360e-18       3.40360e-18
 226.5000000       3.38850e-18       3.38850e-18
 226.6000000       3.37340e-18       3.37340e-18
 226.7000000       3.35830e-18       3.35830e-18
 226.8000000       3.34320e-18       3.34320e-18
 226.9000000       3.32810e-18       3.32810e-18
 227.0000000       3.31300e-18       3.31300e-18
 227.1000000       3.29790e-18       3.29790e-18
 227.2000000       3.28280e-18       3.28280e-18
 227.3000000       3.26770e-18       3.26770e-18
 227.4000000       3.25260e-18       3.25260e-18
 227.5000000       3.23750e-18       3.23750e-18
 227.6000000       3.22240e-18       3.22240e-18
 227.7000000       3.20730e-18       3.20730e-18
 227.8000000       3.19220e-18       3.19220e-18
 227.9000000       3.17710e-18       3.17710e-18
 228.0000000       3.16200e-18       3.16200e-18
 228.1000000       3.14690e-18       3.14690e-18
 228.2000000       3.13180e-18       3.13180e-18
 228.3000000       3.11670e-18       3.11670e-18
 228.4000000       3.10160e-18       3.10160e-18
 228.5000000       3.08650e-18       3.08650e-18
 228.6000000       3.07140e-18       3.07140e-18
 228.7000000       3.05630e-18       3.05630e-18
 228.8000000       3.04120e-18       3.04120e-18
 228.9000000       3.02610e-18       3.02610e-18
 229.0000000       3.01100e-18       3.01100e-18
 229.1000000       2.99590e-18       2.99590e-18
 229.2000000       2.98080e-18       2.98080e-18
 229.3000000       2.96570e-18       2.96570e-18
 229.4000000       2.95060e-18       2.95060e-18
 229.5000000       2.93550e-18       2.93550e-18
 229.6000000       2.92040e-18       2.92040e-18
 229.7000000       2.90530e-18       2.90530e-18
 229.8000000       2.89020e-18       2.89020e-18
 229.9000000       2.87510e-18       2.87510e-18
 230.0000000       2.86053e-18       2.86053e-18
 230.1000000       2.84910e-18       2.84910e-18
 230.2000000       2.83820e-18       2.83820e-18
 230.3000000       2.82730e-18       2.82730e-18
 230.4000000       2.81640e-18       2.81640e-18
 230.5000000       2.80550e-18       2.80550e-18
 230.6000000       2.79460e-18       2.79460e-18
 230.7000000       2.78370e-18       2.78370e-18
 230.8000000       2.77280e-18       2.77280e-18
 230.9000000       2.76190e-18       2.76190e-18
 231.0000000       2.75100e-18       2.75100e-18
 231.1000000       2.74010e-18       2.74010e-18
 231.2000000       2.72920e-18       2.72920e-18
 231.3000000       2.71830e-18       2.71830e-18
 231.4000000       2.70740e-18       2.70740e-18
 231.5000000       2.69650e-18       2.69650e-18
 231.6000000       2.68560e-18       2.68560e-18
 231.7000000       2.67470e-18       2.67470e-18
 231.8000000       2.66380e-18       2.66380e-18
 231.9000000       2.65290e-18       2.65290e-18
 232.0000000       2.64200e-18       2.64200e-18
 232.1000000       2.63110e-18       2.63110e-18
 232.2000000       2.62020e-18       2.62020e-18
 232.3000000       2.60930e-18       2.60930e-18
 232.4000000       2.59840e-18       2.59840e-18
 232.5000000       2.58750e-18       2.58750e-18
 232.6000000       2.57660e-18       2.57660e-18
 232.7000000       2.56570e-18       2.56570e-18
 232.8000000       2.55480e-18       2.55480e-18
 232.9000000       2.54390e-18       2.54390e-18
 233.0000000       2.53300e-18       2.53300e-18
 233.1000000       2.52210e-18       2.52210e-18
 233.2000000       2.51120e-18       2.51120e-18
 233.3000000       2.50030e-18       2.50030e-18
 233.4000000       2.48940e-18       2.48940e-18
 233.5000000       2.47850e-18       2.47850e-18
 233.6000000       2.46760e-18       2.46760e-18
 233.7000000       2.45670e-18       2.45670e-18
 233.8000000       2.44580e-18       2.44580e-18
 233.9000000       2.43490e-18       2.43490e-18
 234.0000000       2.42400e-18       2.42400e-18
 234.1000000       2.41310e-18       2.41310e-18
 234.2000000       2.40220e-18       2.40220e-18
 234.3000000       2.39130e-18       2.39130e-18
 234.4000000       2.38040e-18       2.38040e-18
 234.5000000       2.36950e-18       2.36950e-18
 234.6000000       2.35860e-18       2.35860e-18
 234.7000000       2.34770e-18       2.34770e-18
 234.8000000       2.33680e-18       2.33680e-18
 234.9000000       2.32590e-18       2.32590e-18
 235.0000000       2.31500e-18       2.31500e-18
 235.1000000       2.30410e-18       2.30410e-18
 235.2000000       2.29320e-18       2.29320e-18
 235.3000000       2.28230e-18       2.28230e-18
 235.4000000       2.27140e-18       2.27140e-18
 235.5000000       2.26050e-18       2.26050e-18
 235.6000000       2.24960e-18       2.24960e-18
 235.7000000       2.23870e-18       2.23870e-18
 235.8000000       2.22780e-18       2.22780e-18
 235.9000000       2.21690e-18       2.21690e-18
 236.0000000       2.20600e-18       2.20600e-18
 236.1000000       2.19510e-18       2.19510e-18
 236.2000000       2.18420e-18       2.18420e-18
 236.3000000       2.17330e-18       2.17330e-18
 236.4000000       2.16240e-18       2.16240e-18
 236.5000000       2.15150e-18       2.15150e-18
 236.6000000       2.14060e-18       2.14060e-18
 236.7000000       2.12970e-18       2.12970e-18
 236.8000000       2.11880e-18       2.11880e-18
 236.9000000       2.10790e-18       2.10790e-18
 237.0000000       2.09700e-18       2.09700e-18
 237.1000000       2.08610e-18       2.08610e-18
 237.2000000       2.07520e-18       2.07520e-18
 237.3000000       2.06430e-18       2.06430e-18
 237.4000000       2.05340e-18       2.05340e-18
 237.5000000       2.04250e-18       2.04250e-18
 237.6000000       2.03160e-18       2.03160e-18
 237.7000000       2.02070e-18       2.02070e-18
 237.8000000       2.00980e-18       2.00980e-18
 237.9000000       1.99890e-18       1.99890e-18
 238.0000000       1.98800e-18       1.98800e-18
 238.1000000       1.97710e-18       1.97710e-18
 238.2000000       1.96620e-18       1.96620e-18
 238.3000000       1.95530e-18       1.95530e-18
 238.4000000       1.94440e-18       1.94440e-18
 238.5000000       1.93350e-18       1.93350e-18
 238.6000000       1.92260e-18       1.92260e-18
 238.7000000       1.91170e-18       1.91170e-18
 238.8000000       1.90080e-18       1.90080e-18
 238.9000000       1.88990e-18       1.88990e-18
 239.0000000       1.87900e-18       1.87900e-18
 239.1000000       1.86810e-18       1.86810e-18
 239.2000000       1.85720e-18       1.85720e-18
 239.3000000       1.84630e-18       1.84630e-18
 239.4000000       1.83540e-18       1.83540e-18
 239.5000000       1.82450e-18       1.82450e-18
 239.6000000       1.81360e-18       1.81360e-18
 239.7000000       1.80270e-18       1.80270e-18
 239.8000000       1.79180e-18       1.79180e-18
 239.9000000       1.78090e-18       1.78090e-18
 240.0000000       1.77021e-18       1.77021e-18
 240.1000000       1.76080e-18       1.76080e-18
 240.2000000       1.75160e-18       1.75160e-18
 240.3000000       1.74240e-18       1.74240e-18
 240.4000000       1.73320e-18       1.73320e-18
 240.5000000       1.72400e-18       1.72400e-18
 240.6000000       1.71480e-18       1.71480e-18
 240.7000000       1.70560e-18       1.70560e-18
 240.8000000       1.69640e-18       1.69640e-18
 240.9000000       1.68720e-18       1.68720e-18
 241.0000000       1.67800e-18       1.67800e-18
 241.1000000       1.66880e-18       1.66880e-18
 241.2000000       1.65960e-18       1.65960e-18
 241.3000000       1.65040e-18       1.65040e-18
 241.4000000       1.64120e-18       1.64120e-18
 241.5000000       1.63200e-18       1.63200e-18
 241.6000000       1.62280e-18       1.62280e-18
 241.7000000       1.61360e-18       1.61360e-18
 241.8000000       1.60440e-18       1.60440e-18
 241.9000000       1.59520e-18       1.59520e-18
 242.0000000       1.58600e-18       1.58600e-18
 242.1000000       1.57680e-18       1.57680e-18
 242.2000000       1.56760e-18       1.56760e-18
 242.3000000       1.55840e-18       1.55840e-18
 242.4000000       1.54920e-18       1.54920e-18
 242.5000000       1.54000e-18       1.54000e-18
 242.6000000       1.53080e-18       1.53080e-18
 242.7000000       1.52160e-18       1.52160e-18
 242.8000000       1.51240e-18       1.51240e-18
 242.9000000       1.50320e-18       1.50320e-18
 243.0000000       1.49400e-18       1.49400e-18
 243.1000000       1.48480e-18       1.48480e-18
 243.2000000       1.47560e-18       1.47560e-18
 243.3000000       1.46640e-18       1.46640e-18
 243.4000000       1.45720e-18       1.45720e-18
 243.5000000       1.44800e-18       1.44800e-18
 243.6000000       1.43880e-18       1.43880e-18
 243.7000000       1.42960e-18       1.42960e-18
 243.8000000       1.42040e-18       1.42040e-18
 243.9000000       1.41120e-18       1.41120e-18
 244.0000000       1.40200e-18       1.40200e-18
 244.1000000       1.39280e-18       1.39280e-18
 244.2000000       1.38360e-18       1.38360e-18
 244.3000000       1.37440e-18       1.37440e-18
 244.4000000       1.36520e-18       1.36520e-18
 244.5000000       1.35600e-18       1.35600e-18
 244.6000000       1.34680e-18       1.34680e-18
 244.7000000       1.33760e-18       1.33760e-18
 244.8000000       1.32840e-18       1.32840e-18
 244.9000000       1.31920e-18       1.31920e-18
 245.0000000       1.31000e-18       1.31000e-18
 245.1000000       1.30080e-18       1.30080e-18
 245.2000000       1.29160e-18       1.29160e-18
 245.3000000       1.28240e-18       1.28240e-18
 245.4000000       1.27320e-18       1.27320e-18
 245.5000000       1.26400e-18       1.26400e-18
 245.6000000       1.25480e-18       1.25480e-18
 245.7000000       1.24560e-18       1.24560e-18
 245.8000000       1.23640e-18       1.23640e-18
 245.9000000       1.22720e-18       1.22720e-18
 246.0000000       1.21800e-18       1.21800e-18
 246.1000000       1.20880e-18       1.20880e-18
 246.2000000       1.19960e-18       1.19960e-18
 246.3000000       1.19040e-18       1.19040e-18
 246.4000000       1.18120e-18       1.18120e-18
 246.5000000       1.17200e-18       1.17200e-18
 246.6000000       1.16280e-18       1.16280e-18
 246.7000000       1.15360e-18       1.15360e-18
 246.8000000       1.14440e-18       1.14440e-18
 246.9000000       1.13520e-18       1.13520e-18
 247.0000000       1.12600e-18       1.12600e-18
 247.1000000       1.11680e-18       1.11680e-18
 247.2000000       1.10760e-18       1.10760e-18
 247.3000000       1.09840e-18       1.09840e-18
 247.4000000       1.08920e-18       1.08920e-18
 247.5000000       1.08000e-18       1.08000e-18
 247.6000000       1.07080e-18       1.07080e-18
 247.7000000       1.06160e-18       1.06160e-18
 247.8000000       1.05240e-18       1.05240e-18
 247.9000000       1.04320e-18       1.04320e-18
 248.0000000       1.03400e-18       1.03400e-18
 248.1000000       1.02480e-18       1.02480e-18
 248.2000000       1.01560e-18       1.01560e-18
 248.3000000       1.00640e-18       1.00640e-18
 248.4000000       9.97200e-19       9.97200e-19
 248.5000000       9.88000e-19       9.88000e-19
 248.6000000       9.78800e-19       9.78800e-19
 248.7000000       9.69600e-19       9.69600e-19
 248.8000000       9.60400e-19       9.60400e-19
 248.9000000       9.51200e-19       9.51200e-19
 249.0000000       9.42000e-19       9.42000e-19
 249.1000000       9.32800e-19       9.32800e-19
 249.2000000       9.23600e-19       9.23600e-19
 249.3000000       9.14400e-19       9.14400e-19
 249.4000000       9.05200e-19       9.05200e-19
 249.5000000       8.96000e-19       8.96000e-19
 249.6000000       8.86800e-19       8.86800e-19
 249.7000000       8.77600e-19       8.77600e-19
 249.8000000       8.68400e-19       8.68400e-19
 249.9000000       8.59200e-19       8.59200e-19
 250.0000000       8.50525e-19       8.50525e-19
 250.1000000       8.45000e-19       8.45000e-19
 250.2000000       8.40000e-19       8.40000e-19
 250.3000000       8.35000e-19       8.35000e-19
 250.4000000       8.30000e-19       8.30000e-19
 250.5000000       8.25000e-19       8.25000e-19
 250.6000000       8.20000e-19       8.20000e-19
 250.7000000       8.15000e-19       8.15000e-19
 250.8000000       8.10000e-19       8.10000e-19
 250.9000000       8.05000e-19       8.05000e-19
 251.0000000       8.00000e-19       8.00000e-19
 251.1000000       7.95000e-19       7.95000e-19
 251.2000000       7.90000e-19       7.90000e-19
 251.3000000       7.85000e-19       7.85000e-19
 251.4000000       7.80000e-19       7.80000e-19
 251.5000000       7.75000e-19       7.75000e-19
 251.6000000       7.70000e-19       7.70000e-19
 251.7000000       7.65000e-19       7.65000e-19
 251.8000000       7.60000e-19       7.60000e-19
 251.9000000       7.55000e-19       7.55000e-19
 252.0000000       7.50000e-19       7.50000e-19
 252.1000000       7.45000e-19       7.45000e-19
 252.2000000       7.40000e-19       7.40000e-19
 252.3000000       7.35000e-19       7.35000e-19
 252.4000000       7.30000e-19       7.30000e-19
 252.5000000       7.25000e-19       7.25000e-19
 252.6000000       7.20000e-19       7.20000e-19
 252.7000000       7.15000e-19       7.15000e-19
 252.8000000       7.10000e-19       7.10000e-19
 252.9000000       7.05000e-19       7.05000e-19
 253.0000000       7.00000e-19       7.00000e-19
 253.1000000       6.95000e-19       6.95000e-19
 253.2000000       6.90000e-19       6.90000e-19
 253.3000000       6.85000e-19       6.85000e-19
 253.4000000       6.80000e-19       6.80000e-19
 253.5000000       6.75000e-19       6.75000e-19
 253.6000000       6.70000e-19       6.70000e-19
 253.7000000       6.65000e-19       6.65000e-19
 253.8000000       6.60000e-19       6.60000e-19
 253.9000000       6.55000e-19       6.55000e-19
 254.0000000       6.50000e-19       6.50000e-19
 254.1000000       6.45000e-19       6.45000e-19
 254.2000000       6.40000e-19       6.40000e-19
 254.3000000       6.35000e-19       6.35000e-19
 254.4000000       6.30000e-19       6.30000e-19
 254.5000000       6.25000e-19       6.25000e-19
 254.6000000       6.20000e-19       6.20000e-19
 254.7000000       6.15000e-19       6.15000e-19
 254.8000000       6.10000e-19       6.10000e-19
 254.9000000       6.05000e-19       6.05000e-19
 255.0000000       6.00000e-19       6.00000e-19
 255.1000000       5.95000e-19       5.95000e-19
 255.2000000       5.90000e-19       5.90000e-19
 255.3000000       5.85000e-19       5.85000e-19
 255.4000000       5.80000e-19       5.80000e-19
 255.5000000       5.75000e-19       5.75000e-19
 255.6000000       5.70000e-19       5.70000e-19
 255.7000000       5.65000e-19       5.65000e-19
 255.8000000       5.60000e-19       5.60000e-19
 255.9000000       5.55000e-19       5.55000e-19
 256.0000000       5.50000e-19       5.50000e-19
 256.1000000       5.45000e-19       5.45000e-19
 256.2000000       5.40000e-19       5.40000e-19
 256.3000000       5.35000e-19       5.35000e-19
 256.4000000       5.30000e-19       5.30000e-19
 256.5000000       5.25000e-19       5.25000e-19
 256.6000000       5.20000e-19       5.20000e-19
 256.7000000       5.15000e-19       5.15000e-19
 256.8000000       5.10000e-19       5.10000e-19
 256.9000000       5.05000e-19       5.05000e-19
 257.0000000       5.00000e-19       5.00000e-19
 257.1000000       4.95000e-19       4.95000e-19
 257.2000000       4.90000e-19       4.90000e-19
 257.3000000       4.85000e-19       4.85000e-19
 257.4000000       4.80000e-19       4.80000e-19
 257.5000000       4.75000e-19       4.75000e-19
 257.6000000       4.70000e-19       4.70000e-19
 257.7000000       4.65000e-19       4.65000e-19
 257.8000000       4.60000e-19       4.60000e-19
 257.9000000       4.55000e-19       4.55000e-19
 258.0000000       4.50000e-19       4.50000e-19
 258.1000000       4.45000e-19       4.45000e-19
 258.2000000       4.40000e-19       4.40000e-19
 258.3000000       4.35000e-19       4.35000e-19
 258.4000000       4.30000e-19       4.30000e-19
 258.5000000       4.25000e-19       4.25000e-19
 258.6000000       4.20000e-19       4.20000e-19
 258.7000000       4.15000e-19       4.15000e-19
 258.8000000       4.10000e-19       4.10000e-19
 258.9000000       4.05000e-19       4.05000e-19
 259.0000000       4.00000e-19       4.00000e-19
 259.1000000       3.95000e-19       3.95000e-19
 259.2000000       3.90000e-19       3.90000e-19
 259.3000000       3.85000e-19       3.85000e-19
 259.4000000       3.80000e-19       3.80000e-19
 259.5000000       3.75000e-19       3.75000e-19
 259.6000000       3.70000e-19       3.70000e-19
 259.7000000       3.65000e-19       3.65000e-19
 259.8000000       3.60000e-19       3.60000e-19
 259.9000000       3.55000e-19       3.55000e-19
 260.0000000       3.50250e-19       3.50250e-19
 260.1000000       3.47000e-19       3.47000e-19
 260.2000000       3.44000e-19       3.44000e-19
 260.3000000       3.41000e-19       3.41000e-19
 260.4000000       3.38000e-19       3.38000e-19
 260.5000000       3.35000e-19       3.35000e-19
 260.6000000       3.32000e-19       3.32000e-19
 260.7000000       3.29000e-19       3.29000e-19
 260.8000000       3.26000e-19       3.26000e-19
 260.9000000       3.23000e-19       3.23000e-19
 261.0000000       3.20000e-19       3.20000e-19
 261.1000000       3.17000e-19       3.17000e-19
 261.2000000       3.14000e-19       3.14000e-19
 261.3000000       3.11000e-19       3.11000e-19
 261.4000000       3.08000e-19       3.08000e-19
 261.5000000       3.05000e-19       3.05000e-19
 261.6000000       3.02000e-19       3.02000e-19
 261.7000000       2.99000e-19       2.99000e-19
 261.8000000       2.96000e-19       2.96000e-19
 261.9000000       2.93000e-19       2.93000e-19
 262.0000000       2.90000e-19       2.90000e-19
 262.1000000       2.87000e-19       2.87000e-19
 262.2000000       2.84000e-19       2.84000e-19
 262.3000000       2.81000e-19       2.81000e-19
 262.4000000       2.78000e-19       2.78000e-19
 262.5000000       2.75000e-19       2.75000e-19
 262.6000000       2.72000e-19       2.72000e-19
 262.7000000       2.69000e-19       2.69000e-19
 262.8000000       2.66000e-19       2.66000e-19
 262.9000000       2.63000e-19       2.63000e-19
 263.0000000       2.60000e-19       2.60000e-19
 263.1000000       2.57000e-19       2.57000e-19
 263.2000000       2.54000e-19       2.54000e-19
 263.3000000       2.51000e-19       2.51000e-19
 263.4000000       2.48000e-19       2.48000e-19
 263.5000000       2.45000e-19       2.45000e-19
 263.6000000       2.42000e-19       2.42000e-19
 263.7000000       2.39000e-19       2.39000e-19
 263.8000000       2.36000e-19       2.36000e-19
 263.9000000       2.33000e-19       2.33000e-19
 264.0000000       2.30000e-19       2.30000e-19
 264.1000000       2.27000e-19       2.27000e-19
 264.2000000       2.24000e-19       2.24000e-19
 264.3000000       2.21000e-19       2.21000e-19
 264.4000000       2.18000e-19       2.18000e-19
 264.5000000       2.15000e-19       2.15000e-19
 264.6000000       2.12000e-19       2.12000e-19
 264.7000000       2.09000e-19       2.09000e-19
 264.8000000       2.06000e-19       2.06000e-19
 264.9000000       2.03000e-19       2.03000e-19
 265.0000000       2.00000e-19       2.00000e-19
 265.1000000       1.97000e-19       1.97000e-19
 265.2000000       1.94000e-19       1.94000e-19
 265.3000000       1.91000e-19       1.91000e-19
 265.4000000       1.88000e-19       1.88000e-19
 265.5000000       1.85000e-19       1.85000e-19
 265.6000000       1.82000e-19       1.82000e-19
 265.7000000       1.79000e-19       1.79000e-19
 265.8000000       1.76000e-19       1.76000e-19
 265.9000000       1.73000e-19       1.73000e-19
 266.0000000       1.70000e-19       1.70000e-19
 266.1000000       1.67000e-19       1.67000e-19
 266.2000000       1.64000e-19       1.64000e-19
 266.3000000       1.61000e-19       1.61000e-19
 266.4000000       1.58000e-19       1.58000e-19
 266.5000000       1.55000e-19       1.55000e-19
 266.6000000       1.52000e-19       1.52000e-19
 266.7000000       1.49000e-19       1.49000e-19
 266.8000000       1.46000e-19       1.46000e-19
 266.9000000       1.43000e-19       1.43000e-19
 267.0000000       1.40000e-19       1.40000e-19
 267.1000000       1.37000e-19       1.37000e-19
 267.2000000       1.34000e-19       1.34000e-19
 267.3000000       1.31000e-19       1.31000e-19
 267.4000000       1.28000e-19       1.28000e-19
 267.5000000       1.25000e-19       1.25000e-19
 267.6000000       1.22000e-19       1.22000e-19
 267.7000000       1.19000e-19       1.19000e-19
 267.8000000       1.16000e-19       1.16000e-19
 267.9000000       1.13000e-19       1.13000e-19
 268.0000000       1.10000e-19       1.10000e-19
 268.1000000       1.07000e-19       1.07000e-19
 268.2000000       1.04000e-19       1.04000e-19
 268.3000000       1.01000e-19       1.01000e-19
 268.4000000       9.80000e-20       9.80000e-20
 268.5000000       9.50000e-20       9.50000e-20
 268.6000000       9.20000e-20       9.20000e-20
 268.7000000       8.90000e-20       8.90000e-20
 268.8000000       8.60000e-20       8.60000e-20
 268.9000000       8.30000e-20       8.30000e-20
 269.0000000       8.00000e-20       8.00000e-20
 269.1000000       7.70000e-20       7.70000e-20
 269.2000000       7.40000e-20       7.40000e-20
 269.3000000       7.10000e-20       7.10000e-20
 269.4000000       6.80000e-20       6.80000e-20
 269.5000000       6.50000e-20       6.50000e-20
 269.6000000       6.20000e-20       6.20000e-20
 269.7000000       5.90000e-20       5.90000e-20
 269.8000000       5.60000e-20       5.60000e-20
 269.9000000       5.30000e-20       5.30000e-20
 270.0000000       5.03750e-20       5.03750e-20
 270.1000000       5.00000e-20       5.00000e-20
 270.2000000       5.00000e-20       5.00000e-20
 270.3000000       5.00000e-20       5.00000e-20
 270.4000000       5.00000e-20       5.00000e-20
 270.5000000       5.00000e-20       5.00000e-20
 270.6000000       5.00000e-20       5.00000e-20
 270.7000000       5.00000e-20       5.00000e-20
 270.8000000       5.00000e-20       5.00000e-20
 270.9000000       5.00000e-20       5.00000e-20
 271.0000000       5.00000e-20       5.00000e-20
 271.1000000       5.00000e-20       5.00000e-20
 271.2000000       5.00000e-20       5.00000e-20
 271.3000000       5.00000e-20       5.00000e-20
 271.4000000       5.00000e-20       5.00000e-20
 271.5000000       5.00000e-20       5.00000e-20
 271.6000000       5.00000e-20       5.00000e-20
 271.7000000       5.00000e-20       5.00000e-20
 271.8000000       5.00000e-20       5.00000e-20
 271.9000000       5.00000e-20       5.00000e-20
 272.0000000       5.00000e-20       5.00000e-20
 272.1000000       5.00000e-20       5.00000e-20
 272.2000000       5.00000e-20       5.00000e-20
 272.3000000       5.00000e-20       5.00000e-20
 272.4000000       5.00000e-20       5.00000e-20
 272.5000000       5.00000e-20       5.00000e-20
 272.6000000       5.00000e-20       5.00000e-20
 272.7000000       5.00000e-20       5.00000e-20
 272.8000000       5.00000e-20       5.00000e-20
 272.9000000       5.00000e-20       5.00000e-20
 273.0000000       5.00000e-20       5.00000e-20
 273.1000000       5.00000e-20       5.00000e-20
 273.2000000       5.00000e-20       5.00000e-20
 273.3000000       5.00000e-20       5.00000e-20
 273.4000000       5.00000e-20       5.00000e-20
 273.5000000       5.00000e-20       5.00000e-20
 273.6000000       5.00000e-20       5.00000e-20
 273.7000000       5.00000e-20       5.00000e-20
 273.8000000       5.00000e-20       5.00000e-20
 273.9000000       5.00000e-20       5.00000e-20
 274.0000000       5.00000e-20       5.00000e-20
 274.1000000       5.00000e-20       5.00000e-20
 274.2000000       5.00000e-20       5.00000e-20
 274.3000000       5.00000e-20       5.00000e-20
 274.4000000       5.00000e-20       5.00000e-20
 274.5000000       5.00000e-20       5.00000e-20
 274.6000000       5.00000e-20       5.00000e-20
 274.7000000       5.00000e-20       5.00000e-20
 274.8000000       5.00000e-20       5.00000e-20
 274.9000000       5.00000e-20       5.00000e-20
