# Cross sections for l-C3H2
# Converted from earlier Leiden database cross sections by Alan Heays 2016-02-24
# Photodissociation source: l-C3H2 van Hemert & van Dishoeck 2007
# Lines represented with gaussian of width 1.0 nm FWHM
# wavelength: (nm)
# photoabsorption:    cross section (cm2)
# photodissociation:  cross section (cm2)
# 
# wavelength   photoabsorption photodissociation
  91.3000000       5.00000e-20       5.00000e-20
  91.4000000       5.00000e-20       5.00000e-20
  91.5000000       5.00000e-20       5.00000e-20
  91.6000000       5.00000e-20       5.00000e-20
  91.7000000       5.00000e-20       5.00000e-20
  91.8000000       5.00000e-20       5.00000e-20
  91.9000000       5.00000e-20       5.00000e-20
  92.0000000       5.00000e-20       5.00000e-20
  92.1000000       5.00000e-20       5.00000e-20
  92.2000000       5.00000e-20       5.00000e-20
  92.3000000       5.00000e-20       5.00000e-20
  92.4000000       5.00000e-20       5.00000e-20
  92.5000000       5.00000e-20       5.00000e-20
  92.6000000       5.00000e-20       5.00000e-20
  92.7000000       5.00000e-20       5.00000e-20
  92.8000000       5.00000e-20       5.00000e-20
  92.9000000       5.00000e-20       5.00000e-20
  93.0000000       5.00000e-20       5.00000e-20
  93.1000000       5.00000e-20       5.00000e-20
  93.2000000       5.00000e-20       5.00000e-20
  93.3000000       5.00000e-20       5.00000e-20
  93.4000000       5.00000e-20       5.00000e-20
  93.5000000       5.00000e-20       5.00000e-20
  93.6000000       5.00000e-20       5.00000e-20
  93.7000000       5.00000e-20       5.00000e-20
  93.8000000       5.00000e-20       5.00000e-20
  93.9000000       5.00000e-20       5.00000e-20
  94.0000000       5.00000e-20       5.00000e-20
  94.1000000       5.00000e-20       5.00000e-20
  94.2000000       5.00000e-20       5.00000e-20
  94.3000000       5.00000e-20       5.00000e-20
  94.4000000       5.00000e-20       5.00000e-20
  94.5000000       5.00000e-20       5.00000e-20
  94.6000000       5.00000e-20       5.00000e-20
  94.7000000       5.00000e-20       5.00000e-20
  94.8000000       5.00000e-20       5.00000e-20
  94.9000000       5.00000e-20       5.00000e-20
  95.0000000       5.00000e-20       5.00000e-20
  95.1000000       5.00000e-20       5.00000e-20
  95.2000000       5.00000e-20       5.00000e-20
  95.3000000       5.00000e-20       5.00000e-20
  95.4000000       5.00000e-20       5.00000e-20
  95.5000000       5.00000e-20       5.00000e-20
  95.6000000       5.00000e-20       5.00000e-20
  95.7000000       5.00000e-20       5.00000e-20
  95.8000000       5.00000e-20       5.00000e-20
  95.9000000       5.00000e-20       5.00000e-20
  96.0000000       5.00000e-20       5.00000e-20
  96.1000000       5.00000e-20       5.00000e-20
  96.2000000       5.00000e-20       5.00000e-20
  96.3000000       5.00000e-20       5.00000e-20
  96.4000000       5.00000e-20       5.00000e-20
  96.5000000       5.00000e-20       5.00000e-20
  96.6000000       5.00000e-20       5.00000e-20
  96.7000000       5.00000e-20       5.00000e-20
  96.8000000       5.00000e-20       5.00000e-20
  96.9000000       5.00000e-20       5.00000e-20
  97.0000000       5.00000e-20       5.00000e-20
  97.1000000       5.00000e-20       5.00000e-20
  97.2000000       5.00000e-20       5.00000e-20
  97.3000000       5.00000e-20       5.00000e-20
  97.4000000       5.00000e-20       5.00000e-20
  97.5000000       5.00000e-20       5.00000e-20
  97.6000000       5.00000e-20       5.00000e-20
  97.7000000       5.00000e-20       5.00000e-20
  97.8000000       5.00000e-20       5.00000e-20
  97.9000000       5.00000e-20       5.00000e-20
  98.0000000       5.00000e-20       5.00000e-20
  98.1000000       5.00000e-20       5.00000e-20
  98.2000000       5.00000e-20       5.00000e-20
  98.3000000       5.00000e-20       5.00000e-20
  98.4000000       5.00000e-20       5.00000e-20
  98.5000000       5.00000e-20       5.00000e-20
  98.6000000       5.00000e-20       5.00000e-20
  98.7000000       5.00000e-20       5.00000e-20
  98.8000000       5.00000e-20       5.00000e-20
  98.9000000       5.00000e-20       5.00000e-20
  99.0000000       5.00000e-20       5.00000e-20
  99.1000000       5.00000e-20       5.00000e-20
  99.2000000       5.00000e-20       5.00000e-20
  99.3000000       5.00000e-20       5.00000e-20
  99.4000000       5.00000e-20       5.00000e-20
  99.5000000       5.00000e-20       5.00000e-20
  99.6000000       5.00000e-20       5.00000e-20
  99.7000000       5.00000e-20       5.00000e-20
  99.8000000       5.00000e-20       5.00000e-20
  99.9000000       5.00000e-20       5.00000e-20
 100.0000000       5.00000e-20       5.00000e-20
 100.1000000       5.00000e-20       5.00000e-20
 100.2000000       5.00000e-20       5.00000e-20
 100.3000000       5.00000e-20       5.00000e-20
 100.4000000       5.00000e-20       5.00000e-20
 100.5000000       5.00000e-20       5.00000e-20
 100.6000000       5.00000e-20       5.00000e-20
 100.7000000       5.00000e-20       5.00000e-20
 100.8000000       5.00000e-20       5.00000e-20
 100.9000000       5.00000e-20       5.00000e-20
 101.0000000       5.00000e-20       5.00000e-20
 101.1000000       5.00000e-20       5.00000e-20
 101.2000000       5.00000e-20       5.00000e-20
 101.3000000       5.00000e-20       5.00000e-20
 101.4000000       5.00000e-20       5.00000e-20
 101.5000000       5.00000e-20       5.00000e-20
 101.6000000       5.00000e-20       5.00000e-20
 101.7000000       5.00000e-20       5.00000e-20
 101.8000000       5.00000e-20       5.00000e-20
 101.9000000       5.00000e-20       5.00000e-20
 102.0000000       5.00000e-20       5.00000e-20
 102.1000000       5.00000e-20       5.00000e-20
 102.2000000       5.00000e-20       5.00000e-20
 102.3000000       5.00000e-20       5.00000e-20
 102.4000000       5.00000e-20       5.00000e-20
 102.5000000       5.00000e-20       5.00000e-20
 102.6000000       5.00000e-20       5.00000e-20
 102.7000000       5.00000e-20       5.00000e-20
 102.8000000       5.00000e-20       5.00000e-20
 102.9000000       5.00000e-20       5.00000e-20
 103.0000000       5.00000e-20       5.00000e-20
 103.1000000       5.00000e-20       5.00000e-20
 103.2000000       5.00000e-20       5.00000e-20
 103.3000000       5.00000e-20       5.00000e-20
 103.4000000       5.00000e-20       5.00000e-20
 103.5000000       5.00000e-20       5.00000e-20
 103.6000000       5.00000e-20       5.00000e-20
 103.7000000       5.00000e-20       5.00000e-20
 103.8000000       5.00000e-20       5.00000e-20
 103.9000000       5.00000e-20       5.00000e-20
 104.0000000       5.00000e-20       5.00000e-20
 104.1000000       5.00000e-20       5.00000e-20
 104.2000000       5.00000e-20       5.00000e-20
 104.3000000       5.00000e-20       5.00000e-20
 104.4000000       5.00000e-20       5.00000e-20
 104.5000000       5.00000e-20       5.00000e-20
 104.6000000       5.00000e-20       5.00000e-20
 104.7000000       5.00000e-20       5.00000e-20
 104.8000000       5.00000e-20       5.00000e-20
 104.9000000       5.00000e-20       5.00000e-20
 105.0000000       5.00000e-20       5.00000e-20
 105.1000000       5.00000e-20       5.00000e-20
 105.2000000       5.00000e-20       5.00000e-20
 105.3000000       5.00000e-20       5.00000e-20
 105.4000000       5.00000e-20       5.00000e-20
 105.5000000       5.00000e-20       5.00000e-20
 105.6000000       5.00000e-20       5.00000e-20
 105.7000000       5.00000e-20       5.00000e-20
 105.8000000       5.00000e-20       5.00000e-20
 105.9000000       5.00000e-20       5.00000e-20
 106.0000000       5.00000e-20       5.00000e-20
 106.1000000       5.00000e-20       5.00000e-20
 106.2000000       5.00000e-20       5.00000e-20
 106.3000000       5.00000e-20       5.00000e-20
 106.4000000       5.00000e-20       5.00000e-20
 106.5000000       5.00000e-20       5.00000e-20
 106.6000000       5.00000e-20       5.00000e-20
 106.7000000       5.00000e-20       5.00000e-20
 106.8000000       5.00000e-20       5.00000e-20
 106.9000000       5.00000e-20       5.00000e-20
 107.0000000       5.00000e-20       5.00000e-20
 107.1000000       5.00000e-20       5.00000e-20
 107.2000000       5.00000e-20       5.00000e-20
 107.3000000       5.00000e-20       5.00000e-20
 107.4000000       5.00000e-20       5.00000e-20
 107.5000000       5.00000e-20       5.00000e-20
 107.6000000       5.00000e-20       5.00000e-20
 107.7000000       5.00000e-20       5.00000e-20
 107.8000000       5.00000e-20       5.00000e-20
 107.9000000       5.00000e-20       5.00000e-20
 108.0000000       5.00000e-20       5.00000e-20
 108.1000000       5.00000e-20       5.00000e-20
 108.2000000       5.00000e-20       5.00000e-20
 108.3000000       5.00000e-20       5.00000e-20
 108.4000000       5.00000e-20       5.00000e-20
 108.5000000       5.00000e-20       5.00000e-20
 108.6000000       5.00000e-20       5.00000e-20
 108.7000000       5.00000e-20       5.00000e-20
 108.8000000       5.00000e-20       5.00000e-20
 108.9000000       5.00000e-20       5.00000e-20
 109.0000000       5.00000e-20       5.00000e-20
 109.1000000       5.00000e-20       5.00000e-20
 109.2000000       5.00000e-20       5.00000e-20
 109.3000000       5.00000e-20       5.00000e-20
 109.4000000       5.00000e-20       5.00000e-20
 109.5000000       5.00000e-20       5.00000e-20
 109.6000000       5.00000e-20       5.00000e-20
 109.7000000       5.00000e-20       5.00000e-20
 109.8000000       5.00000e-20       5.00000e-20
 109.9000000       5.00000e-20       5.00000e-20
 110.0000000       5.00000e-20       5.00000e-20
 110.1000000       5.00000e-20       5.00000e-20
 110.2000000       5.00000e-20       5.00000e-20
 110.3000000       5.00000e-20       5.00000e-20
 110.4000000       5.00000e-20       5.00000e-20
 110.5000000       5.00000e-20       5.00000e-20
 110.6000000       5.00000e-20       5.00000e-20
 110.7000000       5.00000e-20       5.00000e-20
 110.8000000       5.00000e-20       5.00000e-20
 110.9000000       5.00000e-20       5.00000e-20
 111.0000000       5.00000e-20       5.00000e-20
 111.1000000       5.00000e-20       5.00000e-20
 111.2000000       5.00000e-20       5.00000e-20
 111.3000000       5.00000e-20       5.00000e-20
 111.4000000       5.00000e-20       5.00000e-20
 111.5000000       5.00000e-20       5.00000e-20
 111.6000000       5.00000e-20       5.00000e-20
 111.7000000       5.00000e-20       5.00000e-20
 111.8000000       5.00000e-20       5.00000e-20
 111.9000000       5.00000e-20       5.00000e-20
 112.0000000       5.00000e-20       5.00000e-20
 112.1000000       5.00000e-20       5.00000e-20
 112.2000000       5.00000e-20       5.00000e-20
 112.3000000       5.00000e-20       5.00000e-20
 112.4000000       5.00000e-20       5.00000e-20
 112.5000000       5.00000e-20       5.00000e-20
 112.6000000       5.00000e-20       5.00000e-20
 112.7000000       5.00000e-20       5.00000e-20
 112.8000000       5.00000e-20       5.00000e-20
 112.9000000       5.00000e-20       5.00000e-20
 113.0000000       5.00000e-20       5.00000e-20
 113.1000000       5.00000e-20       5.00000e-20
 113.2000000       5.00000e-20       5.00000e-20
 113.3000000       5.00000e-20       5.00000e-20
 113.4000000       5.00000e-20       5.00000e-20
 113.5000000       5.00000e-20       5.00000e-20
 113.6000000       5.00000e-20       5.00000e-20
 113.7000000       5.00000e-20       5.00000e-20
 113.8000000       5.00000e-20       5.00000e-20
 113.9000000       5.00000e-20       5.00000e-20
 114.0000000       5.00000e-20       5.00000e-20
 114.1000000       5.00000e-20       5.00000e-20
 114.2000000       5.00000e-20       5.00000e-20
 114.3000000       5.00000e-20       5.00000e-20
 114.4000000       5.00000e-20       5.00000e-20
 114.5000000       5.00000e-20       5.00000e-20
 114.6000000       5.00000e-20       5.00000e-20
 114.7000000       5.00000e-20       5.00000e-20
 114.8000000       5.00000e-20       5.00000e-20
 114.9000000       5.00000e-20       5.00000e-20
 115.0000000       5.00000e-20       5.00000e-20
 115.1000000       5.00000e-20       5.00000e-20
 115.2000000       5.00000e-20       5.00000e-20
 115.3000000       5.00000e-20       5.00000e-20
 115.4000000       5.00000e-20       5.00000e-20
 115.5000000       5.00000e-20       5.00000e-20
 115.6000000       5.00000e-20       5.00000e-20
 115.7000000       5.00000e-20       5.00000e-20
 115.8000000       5.00000e-20       5.00000e-20
 115.9000000       5.00000e-20       5.00000e-20
 116.0000000       5.00000e-20       5.00000e-20
 116.1000000       5.00000e-20       5.00000e-20
 116.2000000       5.00000e-20       5.00000e-20
 116.3000000       5.00000e-20       5.00000e-20
 116.4000000       5.00000e-20       5.00000e-20
 116.5000000       5.00000e-20       5.00000e-20
 116.6000000       5.00000e-20       5.00000e-20
 116.7000000       5.00000e-20       5.00000e-20
 116.8000000       5.00000e-20       5.00000e-20
 116.9000000       5.00000e-20       5.00000e-20
 117.0000000       5.00000e-20       5.00000e-20
 117.1000000       5.00000e-20       5.00000e-20
 117.2000000       5.00000e-20       5.00000e-20
 117.3000000       5.00000e-20       5.00000e-20
 117.4000000       5.00000e-20       5.00000e-20
 117.5000000       5.00000e-20       5.00000e-20
 117.6000000       5.00000e-20       5.00000e-20
 117.7000000       5.00000e-20       5.00000e-20
 117.8000000       5.00000e-20       5.00000e-20
 117.9000000       5.00000e-20       5.00000e-20
 118.0000000       5.00000e-20       5.00000e-20
 118.1000000       5.00000e-20       5.00000e-20
 118.2000000       5.00000e-20       5.00000e-20
 118.3000000       5.00000e-20       5.00000e-20
 118.4000000       5.00000e-20       5.00000e-20
 118.5000000       5.00000e-20       5.00000e-20
 118.6000000       5.00000e-20       5.00000e-20
 118.7000000       5.00000e-20       5.00000e-20
 118.8000000       5.00000e-20       5.00000e-20
 118.9000000       5.00000e-20       5.00000e-20
 119.0000000       5.00000e-20       5.00000e-20
 119.1000000       5.00000e-20       5.00000e-20
 119.2000000       5.00000e-20       5.00000e-20
 119.3000000       5.00000e-20       5.00000e-20
 119.4000000       5.00000e-20       5.00000e-20
 119.5000000       5.00000e-20       5.00000e-20
 119.6000000       5.00000e-20       5.00000e-20
 119.7000000       5.00000e-20       5.00000e-20
 119.8000000       5.00000e-20       5.00000e-20
 119.9000000       5.00000e-20       5.00000e-20
 120.0000000       5.00000e-20       5.00000e-20
 120.1000000       5.00000e-20       5.00000e-20
 120.2000000       5.00000e-20       5.00000e-20
 120.3000000       5.00000e-20       5.00000e-20
 120.4000000       5.00000e-20       5.00000e-20
 120.5000000       5.00000e-20       5.00000e-20
 120.6000000       5.00000e-20       5.00000e-20
 120.7000000       6.56616e-20       6.56616e-20
 120.8000000       1.37858e-19       1.37858e-19
 120.9000000       3.02655e-19       3.02655e-19
 121.0000000       6.30300e-19       6.30300e-19
 121.1000000       1.24367e-18       1.24367e-18
 121.2000000       2.32504e-18       2.32504e-18
 121.3000000       4.11849e-18       4.11849e-18
 121.4000000       6.91256e-18       6.91256e-18
 121.5000000       1.09937e-17       1.09937e-17
 121.6000000       1.65680e-17       1.65680e-17
 121.7000000       2.36604e-17       2.36604e-17
 121.8000000       3.20200e-17       3.20200e-17
 121.9000000       4.10664e-17       4.10664e-17
 122.0000000       4.99178e-17       4.99178e-17
 122.1000000       5.75168e-17       5.75168e-17
 122.2000000       6.28410e-17       6.28410e-17
 122.3000000       6.51468e-17       6.51468e-17
 122.4000000       6.41750e-17       6.41750e-17
 122.5000000       6.02541e-17       6.02541e-17
 122.6000000       5.42651e-17       5.42651e-17
 122.7000000       4.74815e-17       4.74815e-17
 122.8000000       4.13267e-17       4.13267e-17
 122.9000000       3.71128e-17       3.71128e-17
 123.0000000       3.58086e-17       3.58086e-17
 123.1000000       3.78703e-17       3.78703e-17
 123.2000000       4.31501e-17       4.31501e-17
 123.3000000       5.08939e-17       5.08939e-17
 123.4000000       5.98392e-17       5.98392e-17
 123.5000000       6.84159e-17       6.84159e-17
 123.6000000       7.50331e-17       7.50331e-17
 123.7000000       7.83964e-17       7.83964e-17
 123.8000000       7.77774e-17       7.77774e-17
 123.9000000       7.31556e-17       7.31556e-17
 124.0000000       6.51879e-17       6.51879e-17
 124.1000000       5.50147e-17       5.50147e-17
 124.2000000       4.39721e-17       4.39721e-17
 124.3000000       3.33004e-17       3.33004e-17
 124.4000000       2.39352e-17       2.39352e-17
 124.5000000       1.64246e-17       1.64246e-17
 124.6000000       1.09701e-17       1.09701e-17
 124.7000000       7.55265e-18       7.55265e-18
 124.8000000       6.08880e-18       6.08880e-18
 124.9000000       6.56721e-18       6.56721e-18
 125.0000000       9.12760e-18       9.12760e-18
 125.1000000       1.40596e-17       1.40596e-17
 125.2000000       2.17131e-17       2.17131e-17
 125.3000000       3.23311e-17       3.23311e-17
 125.4000000       4.58372e-17       4.58372e-17
 125.5000000       6.16419e-17       6.16419e-17
 125.6000000       7.85426e-17       7.85426e-17
 125.7000000       9.47886e-17       9.47886e-17
 125.8000000       1.08337e-16       1.08337e-16
 125.9000000       1.17260e-16       1.17260e-16
 126.0000000       1.20188e-16       1.20188e-16
 126.1000000       1.16654e-16       1.16654e-16
 126.2000000       1.07216e-16       1.07216e-16
 126.3000000       9.33095e-17       9.33095e-17
 126.4000000       7.68945e-17       7.68945e-17
 126.5000000       6.00010e-17       6.00010e-17
 126.6000000       4.43310e-17       4.43310e-17
 126.7000000       3.10125e-17       3.10125e-17
 126.8000000       2.05422e-17       2.05422e-17
 126.9000000       1.28841e-17       1.28841e-17
 127.0000000       7.65279e-18       7.65279e-18
 127.1000000       4.30690e-18       4.30690e-18
 127.2000000       2.30028e-18       2.30028e-18
 127.3000000       1.17170e-18       1.17170e-18
 127.4000000       5.77769e-19       5.77769e-19
 127.5000000       2.87485e-19       2.87485e-19
 127.6000000       1.58390e-19       1.58390e-19
 127.7000000       1.08990e-19       1.08990e-19
 127.8000000       9.55225e-20       9.55225e-20
 127.9000000       9.56227e-20       9.56227e-20
 128.0000000       9.83100e-20       9.83100e-20
 128.1000000       9.85242e-20       9.85242e-20
 128.2000000       9.43936e-20       9.43936e-20
 128.3000000       8.58912e-20       8.58912e-20
 128.4000000       7.40683e-20       7.40683e-20
 128.5000000       6.04912e-20       6.04912e-20
 128.6000000       5.07524e-20       5.07524e-20
 128.7000000       5.00139e-20       5.00139e-20
 128.8000000       5.00000e-20       5.00000e-20
 128.9000000       5.00000e-20       5.00000e-20
 129.0000000       5.00000e-20       5.00000e-20
 129.1000000       5.00000e-20       5.00000e-20
 129.2000000       5.00000e-20       5.00000e-20
 129.3000000       5.00000e-20       5.00000e-20
 129.4000000       5.00000e-20       5.00000e-20
 129.5000000       5.00000e-20       5.00000e-20
 129.6000000       5.00000e-20       5.00000e-20
 129.7000000       5.00000e-20       5.00000e-20
 129.8000000       5.00000e-20       5.00000e-20
 129.9000000       5.00000e-20       5.00000e-20
 130.0000000       5.00000e-20       5.00000e-20
 130.1000000       5.00000e-20       5.00000e-20
 130.2000000       5.00000e-20       5.00000e-20
 130.3000000       5.00000e-20       5.00000e-20
 130.4000000       7.61820e-20       7.61820e-20
 130.5000000       1.93964e-19       1.93964e-19
 130.6000000       4.73039e-19       4.73039e-19
 130.7000000       1.09245e-18       1.09245e-18
 130.8000000       2.38905e-18       2.38905e-18
 130.9000000       4.94744e-18       4.94744e-18
 131.0000000       9.70240e-18       9.70240e-18
 131.1000000       1.80191e-17       1.80191e-17
 131.2000000       3.16925e-17       3.16925e-17
 131.3000000       5.27915e-17       5.27915e-17
 131.4000000       8.32865e-17       8.32865e-17
 131.5000000       1.24454e-16       1.24454e-16
 131.6000000       1.76151e-16       1.76151e-16
 131.7000000       2.36177e-16       2.36177e-16
 131.8000000       2.99979e-16       2.99979e-16
 131.9000000       3.60978e-16       3.60978e-16
 132.0000000       4.11575e-16       4.11575e-16
 132.1000000       4.44671e-16       4.44671e-16
 132.2000000       4.55308e-16       4.55308e-16
 132.3000000       4.41881e-16       4.41881e-16
 132.4000000       4.06545e-16       4.06545e-16
 132.5000000       3.54642e-16       3.54642e-16
 132.6000000       2.93383e-16       2.93383e-16
 132.7000000       2.30219e-16       2.30219e-16
 132.8000000       1.71400e-16       1.71400e-16
 132.9000000       1.21105e-16       1.21105e-16
 133.0000000       8.12297e-17       8.12297e-17
 133.1000000       5.17377e-17       5.17377e-17
 133.2000000       3.13024e-17       3.13024e-17
 133.3000000       1.79958e-17       1.79958e-17
 133.4000000       9.83407e-18       9.83407e-18
 133.5000000       5.10990e-18       5.10990e-18
 133.6000000       2.52551e-18       2.52551e-18
 133.7000000       1.18761e-18       1.18761e-18
 133.8000000       5.31510e-19       5.31510e-19
 133.9000000       2.26483e-19       2.26483e-19
 134.0000000       9.42327e-20       9.42327e-20
 134.1000000       5.12067e-20       5.12067e-20
 134.2000000       5.00000e-20       5.00000e-20
 134.3000000       5.00000e-20       5.00000e-20
 134.4000000       5.00000e-20       5.00000e-20
 134.5000000       5.00000e-20       5.00000e-20
 134.6000000       6.96838e-20       6.96838e-20
 134.7000000       1.51269e-19       1.51269e-19
 134.8000000       3.16272e-19       3.16272e-19
 134.9000000       6.26292e-19       6.26292e-19
 135.0000000       1.17429e-18       1.17429e-18
 135.1000000       2.08471e-18       2.08471e-18
 135.2000000       3.50419e-18       3.50419e-18
 135.3000000       5.57701e-18       5.57701e-18
 135.4000000       8.40401e-18       8.40401e-18
 135.5000000       1.19907e-17       1.19907e-17
 135.6000000       1.61988e-17       1.61988e-17
 135.7000000       2.07212e-17       2.07212e-17
 135.8000000       2.51009e-17       2.51009e-17
 135.9000000       2.88019e-17       2.88019e-17
 136.0000000       3.13253e-17       3.13253e-17
 136.1000000       3.23462e-17       3.23462e-17
 136.2000000       3.18382e-17       3.18382e-17
 136.3000000       3.01592e-17       3.01592e-17
 136.4000000       2.80931e-17       2.80931e-17
 136.5000000       2.68559e-17       2.68559e-17
 136.6000000       2.80813e-17       2.80813e-17
 136.7000000       3.37829e-17       3.37829e-17
 136.8000000       4.62511e-17       4.62511e-17
 136.9000000       6.78178e-17       6.78178e-17
 137.0000000       1.00422e-16       1.00422e-16
 137.1000000       1.44976e-16       1.44976e-16
 137.2000000       2.00644e-16       2.00644e-16
 137.3000000       2.64270e-16       2.64270e-16
 137.4000000       3.30247e-16       3.30247e-16
 137.5000000       3.91074e-16       3.91074e-16
 137.6000000       4.38620e-16       4.38620e-16
 137.7000000       4.65844e-16       4.65844e-16
 137.8000000       4.68466e-16       4.68466e-16
 137.9000000       4.46062e-16       4.46062e-16
 138.0000000       4.02173e-16       4.02173e-16
 138.1000000       3.43405e-16       3.43405e-16
 138.2000000       2.77839e-16       2.77839e-16
 138.3000000       2.13296e-16       2.13296e-16
 138.4000000       1.55978e-16       1.55978e-16
 138.5000000       1.09791e-16       1.09791e-16
 138.6000000       7.63939e-17       7.63939e-17
 138.7000000       5.57124e-17       5.57124e-17
 138.8000000       4.66286e-17       4.66286e-17
 138.9000000       4.75378e-17       4.75378e-17
 139.0000000       5.66366e-17       5.66366e-17
 139.1000000       7.19498e-17       7.19498e-17
 139.2000000       9.12238e-17       9.12238e-17
 139.3000000       1.11856e-16       1.11856e-16
 139.4000000       1.30994e-16       1.30994e-16
 139.5000000       1.45852e-16       1.45852e-16
 139.6000000       1.54164e-16       1.54164e-16
 139.7000000       1.54635e-16       1.54635e-16
 139.8000000       1.47207e-16       1.47207e-16
 139.9000000       1.33047e-16       1.33047e-16
 140.0000000       1.14234e-16       1.14234e-16
 140.1000000       9.32582e-17       9.32582e-17
 140.2000000       7.24853e-17       7.24853e-17
 140.3000000       5.37444e-17       5.37444e-17
 140.4000000       3.81229e-17       3.81229e-17
 140.5000000       2.59784e-17       2.59784e-17
 140.6000000       1.71047e-17       1.71047e-17
 140.7000000       1.09637e-17       1.09637e-17
 140.8000000       6.90187e-18       6.90187e-18
 140.9000000       4.30490e-18       4.30490e-18
 141.0000000       2.67804e-18       2.67804e-18
 141.1000000       1.66535e-18       1.66535e-18
 141.2000000       1.03210e-18       1.03210e-18
 141.3000000       6.32909e-19       6.32909e-19
 141.4000000       3.80519e-19       3.80519e-19
 141.5000000       2.22287e-19       2.22287e-19
 141.6000000       1.25216e-19       1.25216e-19
 141.7000000       7.05990e-20       7.05990e-20
 141.8000000       5.05672e-20       5.05672e-20
 141.9000000       5.00000e-20       5.00000e-20
 142.0000000       5.00000e-20       5.00000e-20
 142.1000000       5.00000e-20       5.00000e-20
 142.2000000       5.00000e-20       5.00000e-20
 142.3000000       5.00000e-20       5.00000e-20
 142.4000000       5.00000e-20       5.00000e-20
 142.5000000       5.00000e-20       5.00000e-20
 142.6000000       5.00000e-20       5.00000e-20
 142.7000000       5.00000e-20       5.00000e-20
 142.8000000       5.00000e-20       5.00000e-20
 142.9000000       5.00000e-20       5.00000e-20
 143.0000000       5.00000e-20       5.00000e-20
 143.1000000       5.00000e-20       5.00000e-20
 143.2000000       5.00000e-20       5.00000e-20
 143.3000000       5.00000e-20       5.00000e-20
 143.4000000       5.00000e-20       5.00000e-20
 143.5000000       5.00000e-20       5.00000e-20
 143.6000000       5.00000e-20       5.00000e-20
 143.7000000       5.00000e-20       5.00000e-20
 143.8000000       5.00000e-20       5.00000e-20
 143.9000000       5.00000e-20       5.00000e-20
 144.0000000       5.00000e-20       5.00000e-20
 144.1000000       5.00000e-20       5.00000e-20
 144.2000000       5.00000e-20       5.00000e-20
 144.3000000       5.00000e-20       5.00000e-20
 144.4000000       5.00000e-20       5.00000e-20
 144.5000000       5.00000e-20       5.00000e-20
 144.6000000       5.00000e-20       5.00000e-20
 144.7000000       5.00000e-20       5.00000e-20
 144.8000000       5.00000e-20       5.00000e-20
 144.9000000       5.00000e-20       5.00000e-20
 145.0000000       5.00000e-20       5.00000e-20
 145.1000000       5.00000e-20       5.00000e-20
 145.2000000       5.00000e-20       5.00000e-20
 145.3000000       5.00000e-20       5.00000e-20
 145.4000000       5.00000e-20       5.00000e-20
 145.5000000       5.00000e-20       5.00000e-20
 145.6000000       5.00000e-20       5.00000e-20
 145.7000000       5.00000e-20       5.00000e-20
 145.8000000       5.00000e-20       5.00000e-20
 145.9000000       5.00000e-20       5.00000e-20
 146.0000000       5.00000e-20       5.00000e-20
 146.1000000       5.00000e-20       5.00000e-20
 146.2000000       5.00000e-20       5.00000e-20
 146.3000000       5.00000e-20       5.00000e-20
 146.4000000       5.00000e-20       5.00000e-20
 146.5000000       5.00000e-20       5.00000e-20
 146.6000000       5.00000e-20       5.00000e-20
 146.7000000       5.00000e-20       5.00000e-20
 146.8000000       5.00000e-20       5.00000e-20
 146.9000000       5.00000e-20       5.00000e-20
 147.0000000       5.00000e-20       5.00000e-20
 147.1000000       5.00000e-20       5.00000e-20
 147.2000000       5.00000e-20       5.00000e-20
 147.3000000       5.00000e-20       5.00000e-20
 147.4000000       5.00000e-20       5.00000e-20
 147.5000000       5.00000e-20       5.00000e-20
 147.6000000       5.00000e-20       5.00000e-20
 147.7000000       5.00000e-20       5.00000e-20
 147.8000000       5.00000e-20       5.00000e-20
 147.9000000       5.00000e-20       5.00000e-20
 148.0000000       5.00000e-20       5.00000e-20
 148.1000000       5.00000e-20       5.00000e-20
 148.2000000       5.00000e-20       5.00000e-20
 148.3000000       5.00000e-20       5.00000e-20
 148.4000000       5.00000e-20       5.00000e-20
 148.5000000       5.00000e-20       5.00000e-20
 148.6000000       5.00000e-20       5.00000e-20
 148.7000000       5.00000e-20       5.00000e-20
 148.8000000       5.00000e-20       5.00000e-20
 148.9000000       5.00000e-20       5.00000e-20
 149.0000000       5.00000e-20       5.00000e-20
 149.1000000       5.00000e-20       5.00000e-20
 149.2000000       5.00000e-20       5.00000e-20
 149.3000000       5.00000e-20       5.00000e-20
 149.4000000       5.00000e-20       5.00000e-20
 149.5000000       5.00000e-20       5.00000e-20
 149.6000000       5.00000e-20       5.00000e-20
 149.7000000       5.00000e-20       5.00000e-20
 149.8000000       5.00000e-20       5.00000e-20
 149.9000000       5.00000e-20       5.00000e-20
 150.0000000       5.00000e-20       5.00000e-20
 150.1000000       5.00000e-20       5.00000e-20
 150.2000000       5.00000e-20       5.00000e-20
 150.3000000       5.00000e-20       5.00000e-20
 150.4000000       5.00000e-20       5.00000e-20
 150.5000000       5.00000e-20       5.00000e-20
 150.6000000       5.00000e-20       5.00000e-20
 150.7000000       5.00000e-20       5.00000e-20
 150.8000000       5.00000e-20       5.00000e-20
 150.9000000       5.00000e-20       5.00000e-20
 151.0000000       5.00000e-20       5.00000e-20
 151.1000000       5.00000e-20       5.00000e-20
 151.2000000       5.00000e-20       5.00000e-20
 151.3000000       5.00000e-20       5.00000e-20
 151.4000000       5.00000e-20       5.00000e-20
 151.5000000       5.00000e-20       5.00000e-20
 151.6000000       5.00000e-20       5.00000e-20
 151.7000000       5.00000e-20       5.00000e-20
 151.8000000       5.00000e-20       5.00000e-20
 151.9000000       5.00747e-20       5.00747e-20
 152.0000000       5.93329e-20       5.93329e-20
 152.1000000       1.18517e-19       1.18517e-19
 152.2000000       2.67980e-19       2.67980e-19
 152.3000000       5.73595e-19       5.73595e-19
 152.4000000       1.16224e-18       1.16224e-18
 152.5000000       2.22937e-18       2.22937e-18
 152.6000000       4.04824e-18       4.04824e-18
 152.7000000       6.95921e-18       6.95921e-18
 152.8000000       1.13258e-17       1.13258e-17
 152.9000000       1.74503e-17       1.74503e-17
 153.0000000       2.54552e-17       2.54552e-17
 153.1000000       3.51571e-17       3.51571e-17
 153.2000000       4.59779e-17       4.59779e-17
 153.3000000       5.69440e-17       5.69440e-17
 153.4000000       6.68078e-17       6.68078e-17
 153.5000000       7.42849e-17       7.42849e-17
 153.6000000       7.83544e-17       7.83544e-17
 153.7000000       7.85312e-17       7.85312e-17
 153.8000000       7.50176e-17       7.50176e-17
 153.9000000       6.86736e-17       6.86736e-17
 154.0000000       6.08094e-17       6.08094e-17
 154.1000000       5.28611e-17       5.28611e-17
 154.2000000       4.60498e-17       4.60498e-17
 154.3000000       4.11220e-17       4.11220e-17
 154.4000000       3.82368e-17       3.82368e-17
 154.5000000       3.70132e-17       3.70132e-17
 154.6000000       3.67090e-17       3.67090e-17
 154.7000000       3.64655e-17       3.64655e-17
 154.8000000       3.55463e-17       3.55463e-17
 154.9000000       3.35077e-17       3.35077e-17
 155.0000000       3.02645e-17       3.02645e-17
 155.1000000       2.60514e-17       2.60514e-17
 155.2000000       2.13075e-17       2.13075e-17
 155.3000000       1.65320e-17       1.65320e-17
 155.4000000       1.21569e-17       1.21569e-17
 155.5000000       8.46870e-18       8.46870e-18
 155.6000000       5.58725e-18       5.58725e-18
 155.7000000       3.49064e-18       3.49064e-18
 155.8000000       2.06492e-18       2.06492e-18
 155.9000000       1.15659e-18       1.15659e-18
 156.0000000       6.13358e-19       6.13358e-19
 156.1000000       3.07968e-19       3.07968e-19
 156.2000000       1.46436e-19       1.46436e-19
 156.3000000       7.00185e-20       7.00185e-20
 156.4000000       5.00000e-20       5.00000e-20
 156.5000000       5.00000e-20       5.00000e-20
 156.6000000       5.00000e-20       5.00000e-20
 156.7000000       5.00000e-20       5.00000e-20
 156.8000000       5.00000e-20       5.00000e-20
 156.9000000       5.00000e-20       5.00000e-20
 157.0000000       5.00000e-20       5.00000e-20
 157.1000000       5.00000e-20       5.00000e-20
 157.2000000       5.00000e-20       5.00000e-20
 157.3000000       5.00331e-20       5.00331e-20
 157.4000000       5.43746e-20       5.43746e-20
 157.5000000       1.08984e-19       1.08984e-19
 157.6000000       2.63193e-19       2.63193e-19
 157.7000000       6.01672e-19       6.01672e-19
 157.8000000       1.30204e-18       1.30204e-18
 157.9000000       2.66733e-18       2.66733e-18
 158.0000000       5.17275e-18       5.17275e-18
 158.1000000       9.49650e-18       9.49650e-18
 158.2000000       1.65047e-17       1.65047e-17
 158.3000000       2.71558e-17       2.71558e-17
 158.4000000       4.22991e-17       4.22991e-17
 158.5000000       6.23763e-17       6.23763e-17
 158.6000000       8.70828e-17       8.70828e-17
 158.7000000       1.15100e-16       1.15100e-16
 158.8000000       1.44029e-16       1.44029e-16
 158.9000000       1.70634e-16       1.70634e-16
 159.0000000       1.91391e-16       1.91391e-16
 159.1000000       2.03247e-16       2.03247e-16
 159.2000000       2.04350e-16       2.04350e-16
 159.3000000       1.94526e-16       1.94526e-16
 159.4000000       1.75321e-16       1.75321e-16
 159.5000000       1.49605e-16       1.49605e-16
 159.6000000       1.20869e-16       1.20869e-16
 159.7000000       9.24577e-17       9.24577e-17
 159.8000000       6.69623e-17       6.69623e-17
 159.9000000       4.59172e-17       4.59172e-17
 160.0000000       2.98112e-17       2.98112e-17
 160.1000000       1.83249e-17       1.83249e-17
 160.2000000       1.06650e-17       1.06650e-17
 160.3000000       5.87666e-18       5.87666e-18
 160.4000000       3.06587e-18       3.06587e-18
 160.5000000       1.51435e-18       1.51435e-18
 160.6000000       7.08181e-19       7.08181e-19
 160.7000000       3.13548e-19       3.13548e-19
 160.8000000       1.31524e-19       1.31524e-19
 160.9000000       6.31878e-20       6.31878e-20
 161.0000000       5.00000e-20       5.00000e-20
 161.1000000       5.00000e-20       5.00000e-20
 161.2000000       5.00000e-20       5.00000e-20
 161.3000000       5.00000e-20       5.00000e-20
 161.4000000       5.00000e-20       5.00000e-20
 161.5000000       5.00000e-20       5.00000e-20
 161.6000000       5.00000e-20       5.00000e-20
 161.7000000       5.00000e-20       5.00000e-20
 161.8000000       5.00000e-20       5.00000e-20
 161.9000000       5.00000e-20       5.00000e-20
 162.0000000       5.00000e-20       5.00000e-20
 162.1000000       5.00000e-20       5.00000e-20
 162.2000000       5.00000e-20       5.00000e-20
 162.3000000       5.00000e-20       5.00000e-20
 162.4000000       5.00000e-20       5.00000e-20
 162.5000000       5.00000e-20       5.00000e-20
 162.6000000       5.00000e-20       5.00000e-20
 162.7000000       5.00000e-20       5.00000e-20
 162.8000000       5.00000e-20       5.00000e-20
 162.9000000       5.00000e-20       5.00000e-20
 163.0000000       5.00000e-20       5.00000e-20
 163.1000000       5.00000e-20       5.00000e-20
 163.2000000       5.00000e-20       5.00000e-20
 163.3000000       5.00000e-20       5.00000e-20
 163.4000000       5.00000e-20       5.00000e-20
 163.5000000       5.00000e-20       5.00000e-20
 163.6000000       5.00000e-20       5.00000e-20
 163.7000000       5.00000e-20       5.00000e-20
 163.8000000       5.00000e-20       5.00000e-20
 163.9000000       5.00000e-20       5.00000e-20
 164.0000000       5.00000e-20       5.00000e-20
 164.1000000       5.00000e-20       5.00000e-20
 164.2000000       5.00000e-20       5.00000e-20
 164.3000000       5.00000e-20       5.00000e-20
 164.4000000       5.00000e-20       5.00000e-20
 164.5000000       5.00000e-20       5.00000e-20
 164.6000000       5.00000e-20       5.00000e-20
 164.7000000       5.00000e-20       5.00000e-20
 164.8000000       5.00000e-20       5.00000e-20
 164.9000000       5.00000e-20       5.00000e-20
 165.0000000       5.00000e-20       5.00000e-20
 165.1000000       5.00000e-20       5.00000e-20
 165.2000000       5.00000e-20       5.00000e-20
 165.3000000       5.00000e-20       5.00000e-20
 165.4000000       5.00000e-20       5.00000e-20
 165.5000000       5.00000e-20       5.00000e-20
 165.6000000       5.00000e-20       5.00000e-20
 165.7000000       5.00000e-20       5.00000e-20
 165.8000000       5.00000e-20       5.00000e-20
 165.9000000       5.00000e-20       5.00000e-20
 166.0000000       5.00000e-20       5.00000e-20
 166.1000000       5.00000e-20       5.00000e-20
 166.2000000       5.00000e-20       5.00000e-20
 166.3000000       5.00000e-20       5.00000e-20
 166.4000000       5.00000e-20       5.00000e-20
 166.5000000       5.00000e-20       5.00000e-20
 166.6000000       5.00000e-20       5.00000e-20
 166.7000000       5.00000e-20       5.00000e-20
 166.8000000       5.00000e-20       5.00000e-20
 166.9000000       5.00000e-20       5.00000e-20
 167.0000000       5.00000e-20       5.00000e-20
 167.1000000       5.00000e-20       5.00000e-20
 167.2000000       5.00000e-20       5.00000e-20
 167.3000000       5.00000e-20       5.00000e-20
 167.4000000       5.00000e-20       5.00000e-20
 167.5000000       5.00000e-20       5.00000e-20
 167.6000000       5.00000e-20       5.00000e-20
 167.7000000       5.00000e-20       5.00000e-20
 167.8000000       5.00000e-20       5.00000e-20
 167.9000000       5.00000e-20       5.00000e-20
 168.0000000       5.00000e-20       5.00000e-20
 168.1000000       5.00000e-20       5.00000e-20
 168.2000000       5.00000e-20       5.00000e-20
 168.3000000       5.00000e-20       5.00000e-20
 168.4000000       5.00000e-20       5.00000e-20
 168.5000000       5.00000e-20       5.00000e-20
 168.6000000       5.00000e-20       5.00000e-20
 168.7000000       5.00000e-20       5.00000e-20
 168.8000000       5.00000e-20       5.00000e-20
 168.9000000       5.00000e-20       5.00000e-20
 169.0000000       5.00000e-20       5.00000e-20
 169.1000000       5.00000e-20       5.00000e-20
 169.2000000       5.00000e-20       5.00000e-20
 169.3000000       5.00000e-20       5.00000e-20
 169.4000000       5.00000e-20       5.00000e-20
 169.5000000       5.00000e-20       5.00000e-20
 169.6000000       5.00000e-20       5.00000e-20
 169.7000000       5.00000e-20       5.00000e-20
 169.8000000       5.00000e-20       5.00000e-20
 169.9000000       5.00000e-20       5.00000e-20
 170.0000000       5.00000e-20       5.00000e-20
 170.1000000       5.00000e-20       5.00000e-20
 170.2000000       5.00000e-20       5.00000e-20
 170.3000000       5.00000e-20       5.00000e-20
 170.4000000       5.00000e-20       5.00000e-20
 170.5000000       5.00000e-20       5.00000e-20
 170.6000000       5.00000e-20       5.00000e-20
 170.7000000       5.00000e-20       5.00000e-20
 170.8000000       5.00000e-20       5.00000e-20
 170.9000000       5.00000e-20       5.00000e-20
 171.0000000       5.00000e-20       5.00000e-20
 171.1000000       5.00000e-20       5.00000e-20
 171.2000000       5.00000e-20       5.00000e-20
 171.3000000       5.00000e-20       5.00000e-20
 171.4000000       5.00000e-20       5.00000e-20
 171.5000000       5.00000e-20       5.00000e-20
 171.6000000       5.00000e-20       5.00000e-20
 171.7000000       5.00000e-20       5.00000e-20
 171.8000000       5.00000e-20       5.00000e-20
 171.9000000       5.00000e-20       5.00000e-20
 172.0000000       5.00000e-20       5.00000e-20
 172.1000000       5.00000e-20       5.00000e-20
 172.2000000       5.00000e-20       5.00000e-20
 172.3000000       5.00000e-20       5.00000e-20
 172.4000000       5.00000e-20       5.00000e-20
 172.5000000       5.00000e-20       5.00000e-20
 172.6000000       5.00000e-20       5.00000e-20
 172.7000000       5.00000e-20       5.00000e-20
 172.8000000       5.00000e-20       5.00000e-20
 172.9000000       5.00000e-20       5.00000e-20
 173.0000000       5.00000e-20       5.00000e-20
 173.1000000       5.00000e-20       5.00000e-20
 173.2000000       5.00000e-20       5.00000e-20
 173.3000000       5.00000e-20       5.00000e-20
 173.4000000       5.00000e-20       5.00000e-20
 173.5000000       5.00000e-20       5.00000e-20
 173.6000000       5.00000e-20       5.00000e-20
 173.7000000       5.00000e-20       5.00000e-20
 173.8000000       5.00000e-20       5.00000e-20
 173.9000000       5.00000e-20       5.00000e-20
 174.0000000       5.00000e-20       5.00000e-20
 174.1000000       5.00000e-20       5.00000e-20
 174.2000000       5.00000e-20       5.00000e-20
 174.3000000       5.00000e-20       5.00000e-20
 174.4000000       5.00000e-20       5.00000e-20
 174.5000000       5.00000e-20       5.00000e-20
 174.6000000       5.00000e-20       5.00000e-20
 174.7000000       5.00000e-20       5.00000e-20
 174.8000000       5.00000e-20       5.00000e-20
 174.9000000       5.00000e-20       5.00000e-20
 175.0000000       5.00000e-20       5.00000e-20
 175.1000000       5.00000e-20       5.00000e-20
 175.2000000       5.00000e-20       5.00000e-20
 175.3000000       5.00000e-20       5.00000e-20
 175.4000000       5.00000e-20       5.00000e-20
 175.5000000       5.00000e-20       5.00000e-20
 175.6000000       5.00000e-20       5.00000e-20
 175.7000000       5.00000e-20       5.00000e-20
 175.8000000       5.00000e-20       5.00000e-20
 175.9000000       5.00000e-20       5.00000e-20
 176.0000000       5.00000e-20       5.00000e-20
 176.1000000       5.00000e-20       5.00000e-20
 176.2000000       5.00000e-20       5.00000e-20
 176.3000000       5.00000e-20       5.00000e-20
 176.4000000       5.00000e-20       5.00000e-20
 176.5000000       5.00000e-20       5.00000e-20
 176.6000000       5.00000e-20       5.00000e-20
 176.7000000       5.00000e-20       5.00000e-20
 176.8000000       5.00000e-20       5.00000e-20
 176.9000000       5.00000e-20       5.00000e-20
 177.0000000       5.00000e-20       5.00000e-20
 177.1000000       5.00000e-20       5.00000e-20
 177.2000000       5.00000e-20       5.00000e-20
 177.3000000       5.00000e-20       5.00000e-20
 177.4000000       5.00000e-20       5.00000e-20
 177.5000000       5.00000e-20       5.00000e-20
 177.6000000       5.56658e-20       5.56658e-20
 177.7000000       9.40994e-20       9.40994e-20
 177.8000000       2.03556e-19       2.03556e-19
 177.9000000       4.18817e-19       4.18817e-19
 178.0000000       8.15894e-19       8.15894e-19
 178.1000000       1.50493e-18       1.50493e-18
 178.2000000       2.62825e-18       2.62825e-18
 178.3000000       4.34600e-18       4.34600e-18
 178.4000000       6.80429e-18       6.80429e-18
 178.5000000       1.00866e-17       1.00866e-17
 178.6000000       1.41571e-17       1.41571e-17
 178.7000000       1.88135e-17       1.88135e-17
 178.8000000       2.36716e-17       2.36716e-17
 178.9000000       2.81999e-17       2.81999e-17
 179.0000000       3.18071e-17       3.18071e-17
 179.1000000       3.39668e-17       3.39668e-17
 179.2000000       3.43429e-17       3.43429e-17
 179.3000000       3.28751e-17       3.28751e-17
 179.4000000       2.97949e-17       2.97949e-17
 179.5000000       2.55655e-17       2.55655e-17
 179.6000000       2.07684e-17       2.07684e-17
 179.7000000       1.59729e-17       1.59729e-17
 179.8000000       1.16303e-17       1.16303e-17
 179.9000000       8.01718e-18       8.01718e-18
 180.0000000       5.23203e-18       5.23203e-18
 180.1000000       3.23246e-18       3.23246e-18
 180.2000000       1.89063e-18       1.89063e-18
 180.3000000       1.04686e-18       1.04686e-18
 180.4000000       5.48743e-19       5.48743e-19
 180.5000000       2.72301e-19       2.72301e-19
 180.6000000       1.27916e-19       1.27916e-19
 180.7000000       6.37115e-20       6.37115e-20
 180.8000000       5.03541e-20       5.03541e-20
 180.9000000       5.00000e-20       5.00000e-20
 181.0000000       5.00000e-20       5.00000e-20
 181.1000000       5.00000e-20       5.00000e-20
 181.2000000       5.00000e-20       5.00000e-20
 181.3000000       5.00000e-20       5.00000e-20
 181.4000000       5.00000e-20       5.00000e-20
 181.5000000       5.00000e-20       5.00000e-20
 181.6000000       5.00000e-20       5.00000e-20
 181.7000000       5.00000e-20       5.00000e-20
 181.8000000       5.00000e-20       5.00000e-20
 181.9000000       5.00000e-20       5.00000e-20
 182.0000000       5.00000e-20       5.00000e-20
 182.1000000       5.00000e-20       5.00000e-20
 182.2000000       5.00000e-20       5.00000e-20
 182.3000000       5.00000e-20       5.00000e-20
 182.4000000       5.00000e-20       5.00000e-20
 182.5000000       5.00000e-20       5.00000e-20
 182.6000000       5.00000e-20       5.00000e-20
 182.7000000       5.00000e-20       5.00000e-20
 182.8000000       5.00000e-20       5.00000e-20
 182.9000000       5.00000e-20       5.00000e-20
 183.0000000       5.00000e-20       5.00000e-20
 183.1000000       5.00000e-20       5.00000e-20
 183.2000000       5.00000e-20       5.00000e-20
 183.3000000       5.00000e-20       5.00000e-20
 183.4000000       5.00000e-20       5.00000e-20
 183.5000000       5.00000e-20       5.00000e-20
 183.6000000       5.00000e-20       5.00000e-20
 183.7000000       5.00000e-20       5.00000e-20
 183.8000000       5.00000e-20       5.00000e-20
 183.9000000       5.00000e-20       5.00000e-20
 184.0000000       5.00000e-20       5.00000e-20
 184.1000000       5.00000e-20       5.00000e-20
 184.2000000       5.00000e-20       5.00000e-20
 184.3000000       5.00000e-20       5.00000e-20
 184.4000000       5.00000e-20       5.00000e-20
 184.5000000       5.00000e-20       5.00000e-20
 184.6000000       5.00000e-20       5.00000e-20
 184.7000000       5.00000e-20       5.00000e-20
 184.8000000       5.00000e-20       5.00000e-20
 184.9000000       5.00000e-20       5.00000e-20
 185.0000000       5.00000e-20       5.00000e-20
 185.1000000       5.00000e-20       5.00000e-20
 185.2000000       5.00000e-20       5.00000e-20
 185.3000000       5.00000e-20       5.00000e-20
 185.4000000       5.00000e-20       5.00000e-20
 185.5000000       5.00000e-20       5.00000e-20
 185.6000000       5.00000e-20       5.00000e-20
 185.7000000       5.00000e-20       5.00000e-20
 185.8000000       5.00000e-20       5.00000e-20
 185.9000000       5.00000e-20       5.00000e-20
 186.0000000       5.00000e-20       5.00000e-20
 186.1000000       5.00000e-20       5.00000e-20
 186.2000000       5.00000e-20       5.00000e-20
 186.3000000       5.00000e-20       5.00000e-20
 186.4000000       5.00000e-20       5.00000e-20
 186.5000000       5.00000e-20       5.00000e-20
 186.6000000       5.00000e-20       5.00000e-20
 186.7000000       5.00000e-20       5.00000e-20
 186.8000000       5.00000e-20       5.00000e-20
 186.9000000       5.00000e-20       5.00000e-20
 187.0000000       5.00000e-20       5.00000e-20
 187.1000000       5.00000e-20       5.00000e-20
 187.2000000       5.00000e-20       5.00000e-20
 187.3000000       5.00000e-20       5.00000e-20
 187.4000000       5.00000e-20       5.00000e-20
 187.5000000       5.00000e-20       5.00000e-20
 187.6000000       5.00000e-20       5.00000e-20
 187.7000000       5.00000e-20       5.00000e-20
 187.8000000       5.00000e-20       5.00000e-20
 187.9000000       5.00000e-20       5.00000e-20
 188.0000000       5.00000e-20       5.00000e-20
 188.1000000       5.00000e-20       5.00000e-20
 188.2000000       5.00000e-20       5.00000e-20
 188.3000000       5.00000e-20       5.00000e-20
 188.4000000       5.00000e-20       5.00000e-20
 188.5000000       5.00000e-20       5.00000e-20
 188.6000000       5.00000e-20       5.00000e-20
 188.7000000       5.00000e-20       5.00000e-20
 188.8000000       5.00000e-20       5.00000e-20
 188.9000000       5.00000e-20       5.00000e-20
 189.0000000       5.00000e-20       5.00000e-20
 189.1000000       5.00000e-20       5.00000e-20
 189.2000000       5.00000e-20       5.00000e-20
 189.3000000       5.00000e-20       5.00000e-20
 189.4000000       5.00000e-20       5.00000e-20
 189.5000000       5.00000e-20       5.00000e-20
 189.6000000       5.00000e-20       5.00000e-20
 189.7000000       5.00000e-20       5.00000e-20
 189.8000000       5.00000e-20       5.00000e-20
 189.9000000       5.00000e-20       5.00000e-20
 190.0000000       5.00000e-20       5.00000e-20
 190.1000000       5.00000e-20       5.00000e-20
 190.2000000       5.00000e-20       5.00000e-20
 190.3000000       5.00000e-20       5.00000e-20
 190.4000000       5.00000e-20       5.00000e-20
 190.5000000       5.00000e-20       5.00000e-20
 190.6000000       5.00000e-20       5.00000e-20
 190.7000000       5.00000e-20       5.00000e-20
 190.8000000       5.00000e-20       5.00000e-20
 190.9000000       5.00000e-20       5.00000e-20
 191.0000000       5.00000e-20       5.00000e-20
 191.1000000       5.00000e-20       5.00000e-20
 191.2000000       5.00000e-20       5.00000e-20
 191.3000000       5.00000e-20       5.00000e-20
 191.4000000       5.00000e-20       5.00000e-20
 191.5000000       5.00000e-20       5.00000e-20
 191.6000000       5.00000e-20       5.00000e-20
 191.7000000       5.00000e-20       5.00000e-20
 191.8000000       5.00000e-20       5.00000e-20
 191.9000000       5.00000e-20       5.00000e-20
 192.0000000       5.00000e-20       5.00000e-20
 192.1000000       5.00000e-20       5.00000e-20
 192.2000000       5.00000e-20       5.00000e-20
 192.3000000       5.00000e-20       5.00000e-20
 192.4000000       5.00000e-20       5.00000e-20
 192.5000000       5.00000e-20       5.00000e-20
 192.6000000       5.00000e-20       5.00000e-20
 192.7000000       5.00000e-20       5.00000e-20
 192.8000000       5.00000e-20       5.00000e-20
 192.9000000       5.00000e-20       5.00000e-20
 193.0000000       5.00000e-20       5.00000e-20
 193.1000000       5.00000e-20       5.00000e-20
 193.2000000       5.00000e-20       5.00000e-20
 193.3000000       5.01509e-20       5.01509e-20
 193.4000000       6.84535e-20       6.84535e-20
 193.5000000       1.40080e-19       1.40080e-19
 193.6000000       2.99833e-19       2.99833e-19
 193.7000000       6.07532e-19       6.07532e-19
 193.8000000       1.16534e-18       1.16534e-18
 193.9000000       2.11609e-18       2.11609e-18
 194.0000000       3.63765e-18       3.63765e-18
 194.1000000       5.91995e-18       5.91995e-18
 194.2000000       9.12074e-18       9.12074e-18
 194.3000000       1.33034e-17       1.33034e-17
 194.4000000       1.83705e-17       1.83705e-17
 194.5000000       2.40165e-17       2.40165e-17
 194.6000000       2.97258e-17       2.97258e-17
 194.7000000       3.48334e-17       3.48334e-17
 194.8000000       3.86457e-17       3.86457e-17
 194.9000000       4.05931e-17       4.05931e-17
 195.0000000       4.03695e-17       4.03695e-17
 195.1000000       3.80108e-17       3.80108e-17
 195.2000000       3.38855e-17       3.38855e-17
 195.3000000       2.86008e-17       2.86008e-17
 195.4000000       2.28559e-17       2.28559e-17
 195.5000000       1.72933e-17       1.72933e-17
 195.6000000       1.23885e-17       1.23885e-17
 195.7000000       8.40262e-18       8.40262e-18
 195.8000000       5.39598e-18       5.39598e-18
 195.9000000       3.28083e-18       3.28083e-18
 196.0000000       1.88865e-18       1.88865e-18
 196.1000000       1.02938e-18       1.02938e-18
 196.2000000       5.31187e-19       5.31187e-19
 196.3000000       2.59519e-19       2.59519e-19
 196.4000000       1.20123e-19       1.20123e-19
 196.5000000       6.22239e-20       6.22239e-20
 196.6000000       5.00000e-20       5.00000e-20
 196.7000000       5.00000e-20       5.00000e-20
 196.8000000       5.00000e-20       5.00000e-20
 196.9000000       5.00000e-20       5.00000e-20
 197.0000000       5.00000e-20       5.00000e-20
 197.1000000       5.00000e-20       5.00000e-20
 197.2000000       5.00000e-20       5.00000e-20
 197.3000000       5.00000e-20       5.00000e-20
 197.4000000       5.00000e-20       5.00000e-20
 197.5000000       5.00000e-20       5.00000e-20
 197.6000000       5.00000e-20       5.00000e-20
 197.7000000       5.00000e-20       5.00000e-20
 197.8000000       5.00000e-20       5.00000e-20
 197.9000000       5.00000e-20       5.00000e-20
 198.0000000       5.00000e-20       5.00000e-20
 198.1000000       5.00000e-20       5.00000e-20
 198.2000000       5.00000e-20       5.00000e-20
 198.3000000       5.00000e-20       5.00000e-20
 198.4000000       5.00000e-20       5.00000e-20
 198.5000000       5.00000e-20       5.00000e-20
 198.6000000       5.00000e-20       5.00000e-20
 198.7000000       5.00000e-20       5.00000e-20
 198.8000000       5.00000e-20       5.00000e-20
 198.9000000       5.00000e-20       5.00000e-20
 199.0000000       5.00000e-20       5.00000e-20
 199.1000000       5.00000e-20       5.00000e-20
 199.2000000       5.00000e-20       5.00000e-20
 199.3000000       5.00000e-20       5.00000e-20
 199.4000000       5.00000e-20       5.00000e-20
 199.5000000       5.00000e-20       5.00000e-20
 199.6000000       5.00000e-20       5.00000e-20
 199.7000000       5.00000e-20       5.00000e-20
 199.8000000       5.00000e-20       5.00000e-20
 199.9000000       5.00000e-20       5.00000e-20
 200.0000000       5.00000e-20       5.00000e-20
 200.1000000       5.00000e-20       5.00000e-20
 200.2000000       5.00000e-20       5.00000e-20
 200.3000000       5.00000e-20       5.00000e-20
 200.4000000       5.00000e-20       5.00000e-20
 200.5000000       5.00000e-20       5.00000e-20
 200.6000000       5.00000e-20       5.00000e-20
 200.7000000       5.00000e-20       5.00000e-20
 200.8000000       5.00000e-20       5.00000e-20
 200.9000000       5.00000e-20       5.00000e-20
 201.0000000       5.00000e-20       5.00000e-20
 201.1000000       5.00000e-20       5.00000e-20
 201.2000000       5.00000e-20       5.00000e-20
 201.3000000       5.00000e-20       5.00000e-20
 201.4000000       5.00000e-20       5.00000e-20
 201.5000000       5.00000e-20       5.00000e-20
 201.6000000       5.00000e-20       5.00000e-20
 201.7000000       5.00000e-20       5.00000e-20
 201.8000000       5.00000e-20       5.00000e-20
 201.9000000       5.00000e-20       5.00000e-20
 202.0000000       5.00000e-20       5.00000e-20
 202.1000000       5.00000e-20       5.00000e-20
 202.2000000       5.00000e-20       5.00000e-20
 202.3000000       5.00000e-20       5.00000e-20
 202.4000000       5.00000e-20       5.00000e-20
 202.5000000       5.00000e-20       5.00000e-20
 202.6000000       5.00000e-20       5.00000e-20
 202.7000000       5.00000e-20       5.00000e-20
 202.8000000       5.00000e-20       5.00000e-20
 202.9000000       5.00000e-20       5.00000e-20
 203.0000000       5.00000e-20       5.00000e-20
 203.1000000       5.00000e-20       5.00000e-20
 203.2000000       5.00000e-20       5.00000e-20
 203.3000000       5.00000e-20       5.00000e-20
 203.4000000       5.00000e-20       5.00000e-20
 203.5000000       5.02747e-20       5.02747e-20
 203.6000000       5.64476e-20       5.64476e-20
 203.7000000       9.05245e-20       9.05245e-20
 203.8000000       1.44099e-19       1.44099e-19
 203.9000000       2.17174e-19       2.17174e-19
 204.0000000       3.09889e-19       3.09889e-19
 204.1000000       4.18653e-19       4.18653e-19
 204.2000000       5.35488e-19       5.35488e-19
 204.3000000       6.48473e-19       6.48473e-19
 204.4000000       7.43498e-19       7.43498e-19
 204.5000000       8.07073e-19       8.07073e-19
 204.6000000       8.29451e-19       8.29451e-19
 204.7000000       8.07074e-19       8.07074e-19
 204.8000000       7.43502e-19       7.43502e-19
 204.9000000       6.48489e-19       6.48489e-19
 205.0000000       5.35548e-19       5.35548e-19
 205.1000000       4.18861e-19       4.18861e-19
 205.2000000       3.10575e-19       3.10575e-19
 205.3000000       2.19311e-19       2.19311e-19
 205.4000000       1.50405e-19       1.50405e-19
 205.5000000       1.08149e-19       1.08149e-19
 205.6000000       1.00482e-19       1.00482e-19
 205.7000000       1.47181e-19       1.47181e-19
 205.8000000       2.93402e-19       2.93402e-19
 205.9000000       6.30892e-19       6.30892e-19
 206.0000000       1.32830e-18       1.32830e-18
 206.1000000       2.66864e-18       2.66864e-18
 206.2000000       5.08527e-18       5.08527e-18
 206.3000000       9.17845e-18       9.17845e-18
 206.4000000       1.56863e-17       1.56863e-17
 206.5000000       2.53827e-17       2.53827e-17
 206.6000000       3.88874e-17       3.88874e-17
 206.7000000       5.64069e-17       5.64069e-17
 206.8000000       7.74649e-17       7.74649e-17
 206.9000000       1.00722e-16       1.00722e-16
 207.0000000       1.23992e-16       1.23992e-16
 207.1000000       1.44514e-16       1.44514e-16
 207.2000000       1.59466e-16       1.59466e-16
 207.3000000       1.66599e-16       1.66599e-16
 207.4000000       1.64786e-16       1.64786e-16
 207.5000000       1.54317e-16       1.54317e-16
 207.6000000       1.36821e-16       1.36821e-16
 207.7000000       1.14852e-16       1.14852e-16
 207.8000000       9.12784e-17       9.12784e-17
 207.9000000       6.86825e-17       6.86825e-17
 208.0000000       4.89297e-17       4.89297e-17
 208.1000000       3.30027e-17       3.30027e-17
 208.2000000       2.10756e-17       2.10756e-17
 208.3000000       1.27427e-17       1.27427e-17
 208.4000000       7.29460e-18       7.29460e-18
 208.5000000       3.95366e-18       3.95366e-18
 208.6000000       2.02889e-18       2.02889e-18
 208.7000000       9.85779e-19       9.85779e-19
 208.8000000       4.53490e-19       4.53490e-19
 208.9000000       1.97526e-19       1.97526e-19
 209.0000000       8.41609e-20       8.41609e-20
 209.1000000       5.29643e-20       5.29643e-20
 209.2000000       5.00000e-20       5.00000e-20
 209.3000000       5.00000e-20       5.00000e-20
 209.4000000       5.00000e-20       5.00000e-20
 209.5000000       5.00000e-20       5.00000e-20
 209.6000000       5.00000e-20       5.00000e-20
 209.7000000       5.00000e-20       5.00000e-20
 209.8000000       5.00000e-20       5.00000e-20
 209.9000000       5.00000e-20       5.00000e-20
 210.0000000       5.00000e-20       5.00000e-20
 210.1000000       5.00000e-20       5.00000e-20
 210.2000000       5.00000e-20       5.00000e-20
 210.3000000       5.00000e-20       5.00000e-20
 210.4000000       5.00000e-20       5.00000e-20
