# Cross sections for l-C4
# Converted from earlier Leiden database cross sections by Alan Heays 2016-02-24
# Photodissociation source: C4 van Hemert & van Dishoeck 2007
# Lines represented with gaussian of width 1.0 nm FWHM
# wavelength: (nm)
# photoabsorption:    cross section (cm2)
# photodissociation:  cross section (cm2)
# 
# wavelength   photoabsorption photodissociation
  91.3000000       5.00000e-20       5.00000e-20
  91.4000000       5.00000e-20       5.00000e-20
  91.5000000       5.00000e-20       5.00000e-20
  91.6000000       5.00000e-20       5.00000e-20
  91.7000000       5.00000e-20       5.00000e-20
  91.8000000       5.00000e-20       5.00000e-20
  91.9000000       5.00000e-20       5.00000e-20
  92.0000000       5.00000e-20       5.00000e-20
  92.1000000       5.00000e-20       5.00000e-20
  92.2000000       5.00000e-20       5.00000e-20
  92.3000000       5.00000e-20       5.00000e-20
  92.4000000       5.00000e-20       5.00000e-20
  92.5000000       5.00000e-20       5.00000e-20
  92.6000000       5.00000e-20       5.00000e-20
  92.7000000       5.00000e-20       5.00000e-20
  92.8000000       5.00000e-20       5.00000e-20
  92.9000000       5.00000e-20       5.00000e-20
  93.0000000       5.00000e-20       5.00000e-20
  93.1000000       5.00000e-20       5.00000e-20
  93.2000000       5.00000e-20       5.00000e-20
  93.3000000       5.00000e-20       5.00000e-20
  93.4000000       5.00000e-20       5.00000e-20
  93.5000000       5.00000e-20       5.00000e-20
  93.6000000       5.00000e-20       5.00000e-20
  93.7000000       5.00000e-20       5.00000e-20
  93.8000000       5.00000e-20       5.00000e-20
  93.9000000       5.00000e-20       5.00000e-20
  94.0000000       5.00000e-20       5.00000e-20
  94.1000000       5.00000e-20       5.00000e-20
  94.2000000       5.00000e-20       5.00000e-20
  94.3000000       5.00000e-20       5.00000e-20
  94.4000000       5.00000e-20       5.00000e-20
  94.5000000       5.00000e-20       5.00000e-20
  94.6000000       5.00000e-20       5.00000e-20
  94.7000000       5.00000e-20       5.00000e-20
  94.8000000       5.00000e-20       5.00000e-20
  94.9000000       5.00000e-20       5.00000e-20
  95.0000000       5.00000e-20       5.00000e-20
  95.1000000       5.00000e-20       5.00000e-20
  95.2000000       5.00000e-20       5.00000e-20
  95.3000000       5.00000e-20       5.00000e-20
  95.4000000       5.00000e-20       5.00000e-20
  95.5000000       5.00000e-20       5.00000e-20
  95.6000000       5.00000e-20       5.00000e-20
  95.7000000       5.00000e-20       5.00000e-20
  95.8000000       5.00000e-20       5.00000e-20
  95.9000000       5.00000e-20       5.00000e-20
  96.0000000       5.00000e-20       5.00000e-20
  96.1000000       5.00000e-20       5.00000e-20
  96.2000000       5.00000e-20       5.00000e-20
  96.3000000       5.00000e-20       5.00000e-20
  96.4000000       5.00000e-20       5.00000e-20
  96.5000000       5.00000e-20       5.00000e-20
  96.6000000       5.00000e-20       5.00000e-20
  96.7000000       5.00000e-20       5.00000e-20
  96.8000000       5.00000e-20       5.00000e-20
  96.9000000       5.00000e-20       5.00000e-20
  97.0000000       5.00000e-20       5.00000e-20
  97.1000000       5.00000e-20       5.00000e-20
  97.2000000       5.00000e-20       5.00000e-20
  97.3000000       5.00000e-20       5.00000e-20
  97.4000000       5.00000e-20       5.00000e-20
  97.5000000       5.00000e-20       5.00000e-20
  97.6000000       5.00000e-20       5.00000e-20
  97.7000000       5.00000e-20       5.00000e-20
  97.8000000       5.00000e-20       5.00000e-20
  97.9000000       5.00000e-20       5.00000e-20
  98.0000000       5.00000e-20       5.00000e-20
  98.1000000       5.00000e-20       5.00000e-20
  98.2000000       5.00000e-20       5.00000e-20
  98.3000000       5.00000e-20       5.00000e-20
  98.4000000       5.00000e-20       5.00000e-20
  98.5000000       5.00000e-20       5.00000e-20
  98.6000000       5.00000e-20       5.00000e-20
  98.7000000       5.00000e-20       5.00000e-20
  98.8000000       5.00000e-20       5.00000e-20
  98.9000000       5.00000e-20       5.00000e-20
  99.0000000       5.00000e-20       5.00000e-20
  99.1000000       5.00000e-20       5.00000e-20
  99.2000000       5.00000e-20       5.00000e-20
  99.3000000       5.00000e-20       5.00000e-20
  99.4000000       5.00000e-20       5.00000e-20
  99.5000000       5.00000e-20       5.00000e-20
  99.6000000       5.00000e-20       5.00000e-20
  99.7000000       5.00000e-20       5.00000e-20
  99.8000000       5.00000e-20       5.00000e-20
  99.9000000       5.00000e-20       5.00000e-20
 100.0000000       5.00000e-20       5.00000e-20
 100.1000000       5.00000e-20       5.00000e-20
 100.2000000       5.00000e-20       5.00000e-20
 100.3000000       5.00000e-20       5.00000e-20
 100.4000000       5.00000e-20       5.00000e-20
 100.5000000       5.00000e-20       5.00000e-20
 100.6000000       5.00000e-20       5.00000e-20
 100.7000000       5.00000e-20       5.00000e-20
 100.8000000       5.00000e-20       5.00000e-20
 100.9000000       5.00000e-20       5.00000e-20
 101.0000000       5.00000e-20       5.00000e-20
 101.1000000       5.00000e-20       5.00000e-20
 101.2000000       5.00000e-20       5.00000e-20
 101.3000000       5.00000e-20       5.00000e-20
 101.4000000       5.00000e-20       5.00000e-20
 101.5000000       5.00000e-20       5.00000e-20
 101.6000000       5.00000e-20       5.00000e-20
 101.7000000       5.00000e-20       5.00000e-20
 101.8000000       5.00000e-20       5.00000e-20
 101.9000000       5.00000e-20       5.00000e-20
 102.0000000       5.00000e-20       5.00000e-20
 102.1000000       5.00000e-20       5.00000e-20
 102.2000000       5.00000e-20       5.00000e-20
 102.3000000       5.00000e-20       5.00000e-20
 102.4000000       5.00000e-20       5.00000e-20
 102.5000000       5.00000e-20       5.00000e-20
 102.6000000       5.00000e-20       5.00000e-20
 102.7000000       5.00000e-20       5.00000e-20
 102.8000000       5.00000e-20       5.00000e-20
 102.9000000       5.00000e-20       5.00000e-20
 103.0000000       5.00000e-20       5.00000e-20
 103.1000000       5.00000e-20       5.00000e-20
 103.2000000       5.00000e-20       5.00000e-20
 103.3000000       5.00000e-20       5.00000e-20
 103.4000000       5.00000e-20       5.00000e-20
 103.5000000       5.00000e-20       5.00000e-20
 103.6000000       5.00000e-20       5.00000e-20
 103.7000000       5.00000e-20       5.00000e-20
 103.8000000       5.00000e-20       5.00000e-20
 103.9000000       5.00000e-20       5.00000e-20
 104.0000000       5.00000e-20       5.00000e-20
 104.1000000       5.00000e-20       5.00000e-20
 104.2000000       5.00000e-20       5.00000e-20
 104.3000000       5.00000e-20       5.00000e-20
 104.4000000       5.00000e-20       5.00000e-20
 104.5000000       5.00000e-20       5.00000e-20
 104.6000000       5.00000e-20       5.00000e-20
 104.7000000       5.00000e-20       5.00000e-20
 104.8000000       5.00000e-20       5.00000e-20
 104.9000000       5.00000e-20       5.00000e-20
 105.0000000       5.00000e-20       5.00000e-20
 105.1000000       5.00000e-20       5.00000e-20
 105.2000000       5.00000e-20       5.00000e-20
 105.3000000       5.00000e-20       5.00000e-20
 105.4000000       5.00000e-20       5.00000e-20
 105.5000000       5.00000e-20       5.00000e-20
 105.6000000       5.00000e-20       5.00000e-20
 105.7000000       5.00000e-20       5.00000e-20
 105.8000000       5.00000e-20       5.00000e-20
 105.9000000       5.00000e-20       5.00000e-20
 106.0000000       5.00000e-20       5.00000e-20
 106.1000000       5.00000e-20       5.00000e-20
 106.2000000       5.00000e-20       5.00000e-20
 106.3000000       5.00000e-20       5.00000e-20
 106.4000000       5.00000e-20       5.00000e-20
 106.5000000       5.00000e-20       5.00000e-20
 106.6000000       5.00000e-20       5.00000e-20
 106.7000000       5.00000e-20       5.00000e-20
 106.8000000       5.00000e-20       5.00000e-20
 106.9000000       5.00000e-20       5.00000e-20
 107.0000000       5.00000e-20       5.00000e-20
 107.1000000       5.00000e-20       5.00000e-20
 107.2000000       5.00000e-20       5.00000e-20
 107.3000000       5.00000e-20       5.00000e-20
 107.4000000       5.00000e-20       5.00000e-20
 107.5000000       5.00000e-20       5.00000e-20
 107.6000000       5.00000e-20       5.00000e-20
 107.7000000       5.00000e-20       5.00000e-20
 107.8000000       5.00000e-20       5.00000e-20
 107.9000000       5.00000e-20       5.00000e-20
 108.0000000       5.00000e-20       5.00000e-20
 108.1000000       5.00000e-20       5.00000e-20
 108.2000000       5.00000e-20       5.00000e-20
 108.3000000       5.00000e-20       5.00000e-20
 108.4000000       5.00000e-20       5.00000e-20
 108.5000000       5.00000e-20       5.00000e-20
 108.6000000       5.00000e-20       5.00000e-20
 108.7000000       5.00000e-20       5.00000e-20
 108.8000000       5.00000e-20       5.00000e-20
 108.9000000       5.00000e-20       5.00000e-20
 109.0000000       5.00000e-20       5.00000e-20
 109.1000000       5.00000e-20       5.00000e-20
 109.2000000       5.00000e-20       5.00000e-20
 109.3000000       5.00000e-20       5.00000e-20
 109.4000000       5.00000e-20       5.00000e-20
 109.5000000       5.00000e-20       5.00000e-20
 109.6000000       5.00000e-20       5.00000e-20
 109.7000000       5.00000e-20       5.00000e-20
 109.8000000       5.00000e-20       5.00000e-20
 109.9000000       5.00000e-20       5.00000e-20
 110.0000000       5.00000e-20       5.00000e-20
 110.1000000       5.00000e-20       5.00000e-20
 110.2000000       5.00000e-20       5.00000e-20
 110.3000000       5.00000e-20       5.00000e-20
 110.4000000       5.00000e-20       5.00000e-20
 110.5000000       5.00000e-20       5.00000e-20
 110.6000000       5.00000e-20       5.00000e-20
 110.7000000       5.00000e-20       5.00000e-20
 110.8000000       5.00000e-20       5.00000e-20
 110.9000000       5.00000e-20       5.00000e-20
 111.0000000       5.00000e-20       5.00000e-20
 111.1000000       5.00000e-20       5.00000e-20
 111.2000000       5.00000e-20       5.00000e-20
 111.3000000       5.00000e-20       5.00000e-20
 111.4000000       5.00000e-20       5.00000e-20
 111.5000000       5.00000e-20       5.00000e-20
 111.6000000       5.00000e-20       5.00000e-20
 111.7000000       5.00000e-20       5.00000e-20
 111.8000000       5.00000e-20       5.00000e-20
 111.9000000       5.00000e-20       5.00000e-20
 112.0000000       5.00000e-20       5.00000e-20
 112.1000000       5.00000e-20       5.00000e-20
 112.2000000       5.00000e-20       5.00000e-20
 112.3000000       5.00000e-20       5.00000e-20
 112.4000000       5.00000e-20       5.00000e-20
 112.5000000       5.00000e-20       5.00000e-20
 112.6000000       5.00000e-20       5.00000e-20
 112.7000000       5.00000e-20       5.00000e-20
 112.8000000       5.00000e-20       5.00000e-20
 112.9000000       5.00000e-20       5.00000e-20
 113.0000000       5.00000e-20       5.00000e-20
 113.1000000       5.00000e-20       5.00000e-20
 113.2000000       5.00000e-20       5.00000e-20
 113.3000000       5.00000e-20       5.00000e-20
 113.4000000       5.00000e-20       5.00000e-20
 113.5000000       5.00000e-20       5.00000e-20
 113.6000000       5.00000e-20       5.00000e-20
 113.7000000       5.00000e-20       5.00000e-20
 113.8000000       5.00000e-20       5.00000e-20
 113.9000000       5.00000e-20       5.00000e-20
 114.0000000       5.00000e-20       5.00000e-20
 114.1000000       5.00000e-20       5.00000e-20
 114.2000000       5.00000e-20       5.00000e-20
 114.3000000       5.00000e-20       5.00000e-20
 114.4000000       5.00000e-20       5.00000e-20
 114.5000000       5.00000e-20       5.00000e-20
 114.6000000       5.00000e-20       5.00000e-20
 114.7000000       5.00000e-20       5.00000e-20
 114.8000000       5.00000e-20       5.00000e-20
 114.9000000       5.00000e-20       5.00000e-20
 115.0000000       5.00000e-20       5.00000e-20
 115.1000000       5.00000e-20       5.00000e-20
 115.2000000       5.00000e-20       5.00000e-20
 115.3000000       5.00000e-20       5.00000e-20
 115.4000000       5.00000e-20       5.00000e-20
 115.5000000       5.00000e-20       5.00000e-20
 115.6000000       5.00000e-20       5.00000e-20
 115.7000000       5.00000e-20       5.00000e-20
 115.8000000       5.00000e-20       5.00000e-20
 115.9000000       5.00000e-20       5.00000e-20
 116.0000000       5.00000e-20       5.00000e-20
 116.1000000       5.00000e-20       5.00000e-20
 116.2000000       5.00000e-20       5.00000e-20
 116.3000000       5.00000e-20       5.00000e-20
 116.4000000       5.00000e-20       5.00000e-20
 116.5000000       5.00000e-20       5.00000e-20
 116.6000000       5.00000e-20       5.00000e-20
 116.7000000       5.00000e-20       5.00000e-20
 116.8000000       5.00000e-20       5.00000e-20
 116.9000000       5.00000e-20       5.00000e-20
 117.0000000       5.00000e-20       5.00000e-20
 117.1000000       5.00000e-20       5.00000e-20
 117.2000000       5.00000e-20       5.00000e-20
 117.3000000       5.00000e-20       5.00000e-20
 117.4000000       5.00000e-20       5.00000e-20
 117.5000000       5.00000e-20       5.00000e-20
 117.6000000       5.00000e-20       5.00000e-20
 117.7000000       5.00000e-20       5.00000e-20
 117.8000000       5.00000e-20       5.00000e-20
 117.9000000       5.00000e-20       5.00000e-20
 118.0000000       5.00000e-20       5.00000e-20
 118.1000000       5.00000e-20       5.00000e-20
 118.2000000       5.00000e-20       5.00000e-20
 118.3000000       5.00000e-20       5.00000e-20
 118.4000000       5.00000e-20       5.00000e-20
 118.5000000       5.00000e-20       5.00000e-20
 118.6000000       5.00000e-20       5.00000e-20
 118.7000000       5.00000e-20       5.00000e-20
 118.8000000       5.00000e-20       5.00000e-20
 118.9000000       5.00000e-20       5.00000e-20
 119.0000000       5.00000e-20       5.00000e-20
 119.1000000       5.00000e-20       5.00000e-20
 119.2000000       5.00000e-20       5.00000e-20
 119.3000000       5.00000e-20       5.00000e-20
 119.4000000       5.00000e-20       5.00000e-20
 119.5000000       5.00000e-20       5.00000e-20
 119.6000000       5.00000e-20       5.00000e-20
 119.7000000       5.00000e-20       5.00000e-20
 119.8000000       5.00000e-20       5.00000e-20
 119.9000000       5.00000e-20       5.00000e-20
 120.0000000       5.00000e-20       5.00000e-20
 120.1000000       5.00000e-20       5.00000e-20
 120.2000000       5.00000e-20       5.00000e-20
 120.3000000       5.00000e-20       5.00000e-20
 120.4000000       5.00000e-20       5.00000e-20
 120.5000000       5.00000e-20       5.00000e-20
 120.6000000       5.00000e-20       5.00000e-20
 120.7000000       5.00000e-20       5.00000e-20
 120.8000000       5.00000e-20       5.00000e-20
 120.9000000       5.00000e-20       5.00000e-20
 121.0000000       5.00000e-20       5.00000e-20
 121.1000000       5.00000e-20       5.00000e-20
 121.2000000       5.00000e-20       5.00000e-20
 121.3000000       5.00000e-20       5.00000e-20
 121.4000000       5.00000e-20       5.00000e-20
 121.5000000       5.00000e-20       5.00000e-20
 121.6000000       5.00000e-20       5.00000e-20
 121.7000000       5.00000e-20       5.00000e-20
 121.8000000       5.00000e-20       5.00000e-20
 121.9000000       5.00000e-20       5.00000e-20
 122.0000000       5.00000e-20       5.00000e-20
 122.1000000       5.00000e-20       5.00000e-20
 122.2000000       5.00000e-20       5.00000e-20
 122.3000000       5.00000e-20       5.00000e-20
 122.4000000       5.00000e-20       5.00000e-20
 122.5000000       5.00000e-20       5.00000e-20
 122.6000000       5.00000e-20       5.00000e-20
 122.7000000       5.00000e-20       5.00000e-20
 122.8000000       5.00000e-20       5.00000e-20
 122.9000000       5.00000e-20       5.00000e-20
 123.0000000       5.00000e-20       5.00000e-20
 123.1000000       5.00000e-20       5.00000e-20
 123.2000000       5.00000e-20       5.00000e-20
 123.3000000       5.00000e-20       5.00000e-20
 123.4000000       5.00000e-20       5.00000e-20
 123.5000000       5.00000e-20       5.00000e-20
 123.6000000       5.00000e-20       5.00000e-20
 123.7000000       5.00000e-20       5.00000e-20
 123.8000000       5.00000e-20       5.00000e-20
 123.9000000       5.00000e-20       5.00000e-20
 124.0000000       5.00000e-20       5.00000e-20
 124.1000000       5.00000e-20       5.00000e-20
 124.2000000       5.00000e-20       5.00000e-20
 124.3000000       5.00000e-20       5.00000e-20
 124.4000000       5.00000e-20       5.00000e-20
 124.5000000       5.00000e-20       5.00000e-20
 124.6000000       5.00000e-20       5.00000e-20
 124.7000000       5.00000e-20       5.00000e-20
 124.8000000       5.00000e-20       5.00000e-20
 124.9000000       5.00000e-20       5.00000e-20
 125.0000000       5.00000e-20       5.00000e-20
 125.1000000       5.00000e-20       5.00000e-20
 125.2000000       5.00000e-20       5.00000e-20
 125.3000000       5.00000e-20       5.00000e-20
 125.4000000       5.00000e-20       5.00000e-20
 125.5000000       5.00000e-20       5.00000e-20
 125.6000000       5.00000e-20       5.00000e-20
 125.7000000       5.00000e-20       5.00000e-20
 125.8000000       5.00000e-20       5.00000e-20
 125.9000000       5.00000e-20       5.00000e-20
 126.0000000       5.00000e-20       5.00000e-20
 126.1000000       5.00000e-20       5.00000e-20
 126.2000000       5.00000e-20       5.00000e-20
 126.3000000       5.00000e-20       5.00000e-20
 126.4000000       5.00000e-20       5.00000e-20
 126.5000000       5.00000e-20       5.00000e-20
 126.6000000       5.00000e-20       5.00000e-20
 126.7000000       5.00000e-20       5.00000e-20
 126.8000000       5.00000e-20       5.00000e-20
 126.9000000       5.00000e-20       5.00000e-20
 127.0000000       5.00000e-20       5.00000e-20
 127.1000000       5.00000e-20       5.00000e-20
 127.2000000       5.00000e-20       5.00000e-20
 127.3000000       5.00000e-20       5.00000e-20
 127.4000000       5.00000e-20       5.00000e-20
 127.5000000       5.00000e-20       5.00000e-20
 127.6000000       5.00000e-20       5.00000e-20
 127.7000000       5.00000e-20       5.00000e-20
 127.8000000       5.00000e-20       5.00000e-20
 127.9000000       5.00000e-20       5.00000e-20
 128.0000000       5.00000e-20       5.00000e-20
 128.1000000       5.00000e-20       5.00000e-20
 128.2000000       5.00000e-20       5.00000e-20
 128.3000000       5.00000e-20       5.00000e-20
 128.4000000       5.00000e-20       5.00000e-20
 128.5000000       5.00000e-20       5.00000e-20
 128.6000000       5.00000e-20       5.00000e-20
 128.7000000       5.00000e-20       5.00000e-20
 128.8000000       5.00000e-20       5.00000e-20
 128.9000000       5.00000e-20       5.00000e-20
 129.0000000       5.00000e-20       5.00000e-20
 129.1000000       5.00000e-20       5.00000e-20
 129.2000000       5.00000e-20       5.00000e-20
 129.3000000       5.00000e-20       5.00000e-20
 129.4000000       5.00000e-20       5.00000e-20
 129.5000000       5.00000e-20       5.00000e-20
 129.6000000       5.00000e-20       5.00000e-20
 129.7000000       5.00000e-20       5.00000e-20
 129.8000000       5.00000e-20       5.00000e-20
 129.9000000       5.00000e-20       5.00000e-20
 130.0000000       5.00000e-20       5.00000e-20
 130.1000000       5.00000e-20       5.00000e-20
 130.2000000       5.00000e-20       5.00000e-20
 130.3000000       5.00000e-20       5.00000e-20
 130.4000000       5.00000e-20       5.00000e-20
 130.5000000       5.00000e-20       5.00000e-20
 130.6000000       5.00000e-20       5.00000e-20
 130.7000000       5.00000e-20       5.00000e-20
 130.8000000       5.00000e-20       5.00000e-20
 130.9000000       5.00000e-20       5.00000e-20
 131.0000000       5.00000e-20       5.00000e-20
 131.1000000       5.00000e-20       5.00000e-20
 131.2000000       5.00000e-20       5.00000e-20
 131.3000000       5.00000e-20       5.00000e-20
 131.4000000       5.00000e-20       5.00000e-20
 131.5000000       5.00000e-20       5.00000e-20
 131.6000000       5.00000e-20       5.00000e-20
 131.7000000       5.00000e-20       5.00000e-20
 131.8000000       5.00000e-20       5.00000e-20
 131.9000000       5.00000e-20       5.00000e-20
 132.0000000       5.00000e-20       5.00000e-20
 132.1000000       5.00000e-20       5.00000e-20
 132.2000000       5.00000e-20       5.00000e-20
 132.3000000       5.00000e-20       5.00000e-20
 132.4000000       5.00000e-20       5.00000e-20
 132.5000000       5.00000e-20       5.00000e-20
 132.6000000       5.00000e-20       5.00000e-20
 132.7000000       5.00000e-20       5.00000e-20
 132.8000000       5.00000e-20       5.00000e-20
 132.9000000       5.00000e-20       5.00000e-20
 133.0000000       5.00000e-20       5.00000e-20
 133.1000000       5.00000e-20       5.00000e-20
 133.2000000       5.00000e-20       5.00000e-20
 133.3000000       5.00000e-20       5.00000e-20
 133.4000000       5.00000e-20       5.00000e-20
 133.5000000       5.00000e-20       5.00000e-20
 133.6000000       5.00000e-20       5.00000e-20
 133.7000000       5.00000e-20       5.00000e-20
 133.8000000       5.00000e-20       5.00000e-20
 133.9000000       5.00000e-20       5.00000e-20
 134.0000000       5.00000e-20       5.00000e-20
 134.1000000       5.00000e-20       5.00000e-20
 134.2000000       5.00000e-20       5.00000e-20
 134.3000000       5.00000e-20       5.00000e-20
 134.4000000       5.00000e-20       5.00000e-20
 134.5000000       5.00000e-20       5.00000e-20
 134.6000000       5.00000e-20       5.00000e-20
 134.7000000       5.00000e-20       5.00000e-20
 134.8000000       5.00000e-20       5.00000e-20
 134.9000000       5.00000e-20       5.00000e-20
 135.0000000       5.00000e-20       5.00000e-20
 135.1000000       5.00000e-20       5.00000e-20
 135.2000000       5.00000e-20       5.00000e-20
 135.3000000       5.00000e-20       5.00000e-20
 135.4000000       5.00000e-20       5.00000e-20
 135.5000000       5.00000e-20       5.00000e-20
 135.6000000       5.00000e-20       5.00000e-20
 135.7000000       5.00000e-20       5.00000e-20
 135.8000000       5.00000e-20       5.00000e-20
 135.9000000       5.00000e-20       5.00000e-20
 136.0000000       5.00000e-20       5.00000e-20
 136.1000000       5.00000e-20       5.00000e-20
 136.2000000       5.00000e-20       5.00000e-20
 136.3000000       5.00000e-20       5.00000e-20
 136.4000000       5.00000e-20       5.00000e-20
 136.5000000       5.00000e-20       5.00000e-20
 136.6000000       5.00000e-20       5.00000e-20
 136.7000000       5.00000e-20       5.00000e-20
 136.8000000       5.00000e-20       5.00000e-20
 136.9000000       5.00000e-20       5.00000e-20
 137.0000000       5.00000e-20       5.00000e-20
 137.1000000       5.00000e-20       5.00000e-20
 137.2000000       5.00000e-20       5.00000e-20
 137.3000000       5.00000e-20       5.00000e-20
 137.4000000       5.00000e-20       5.00000e-20
 137.5000000       5.00000e-20       5.00000e-20
 137.6000000       5.00000e-20       5.00000e-20
 137.7000000       5.00000e-20       5.00000e-20
 137.8000000       5.00000e-20       5.00000e-20
 137.9000000       5.00000e-20       5.00000e-20
 138.0000000       5.00000e-20       5.00000e-20
 138.1000000       5.00000e-20       5.00000e-20
 138.2000000       5.00000e-20       5.00000e-20
 138.3000000       5.00000e-20       5.00000e-20
 138.4000000       5.00000e-20       5.00000e-20
 138.5000000       5.00000e-20       5.00000e-20
 138.6000000       5.00000e-20       5.00000e-20
 138.7000000       5.00000e-20       5.00000e-20
 138.8000000       5.00000e-20       5.00000e-20
 138.9000000       5.00000e-20       5.00000e-20
 139.0000000       5.00000e-20       5.00000e-20
 139.1000000       5.00000e-20       5.00000e-20
 139.2000000       5.00000e-20       5.00000e-20
 139.3000000       5.00000e-20       5.00000e-20
 139.4000000       5.00000e-20       5.00000e-20
 139.5000000       5.00000e-20       5.00000e-20
 139.6000000       5.00000e-20       5.00000e-20
 139.7000000       5.00000e-20       5.00000e-20
 139.8000000       5.00000e-20       5.00000e-20
 139.9000000       5.00000e-20       5.00000e-20
 140.0000000       5.00000e-20       5.00000e-20
 140.1000000       5.00000e-20       5.00000e-20
 140.2000000       5.00000e-20       5.00000e-20
 140.3000000       5.00000e-20       5.00000e-20
 140.4000000       5.00000e-20       5.00000e-20
 140.5000000       5.00000e-20       5.00000e-20
 140.6000000       5.00000e-20       5.00000e-20
 140.7000000       5.00000e-20       5.00000e-20
 140.8000000       5.00000e-20       5.00000e-20
 140.9000000       5.00000e-20       5.00000e-20
 141.0000000       5.00000e-20       5.00000e-20
 141.1000000       5.00000e-20       5.00000e-20
 141.2000000       5.00000e-20       5.00000e-20
 141.3000000       5.00000e-20       5.00000e-20
 141.4000000       5.00000e-20       5.00000e-20
 141.5000000       5.00000e-20       5.00000e-20
 141.6000000       5.00000e-20       5.00000e-20
 141.7000000       5.00000e-20       5.00000e-20
 141.8000000       5.00000e-20       5.00000e-20
 141.9000000       5.00000e-20       5.00000e-20
 142.0000000       5.00000e-20       5.00000e-20
 142.1000000       5.00000e-20       5.00000e-20
 142.2000000       5.00000e-20       5.00000e-20
 142.3000000       5.00000e-20       5.00000e-20
 142.4000000       5.00000e-20       5.00000e-20
 142.5000000       5.00000e-20       5.00000e-20
 142.6000000       5.00000e-20       5.00000e-20
 142.7000000       5.00000e-20       5.00000e-20
 142.8000000       5.00000e-20       5.00000e-20
 142.9000000       5.00000e-20       5.00000e-20
 143.0000000       5.00000e-20       5.00000e-20
 143.1000000       5.00000e-20       5.00000e-20
 143.2000000       5.00000e-20       5.00000e-20
 143.3000000       5.00000e-20       5.00000e-20
 143.4000000       5.00000e-20       5.00000e-20
 143.5000000       5.00000e-20       5.00000e-20
 143.6000000       5.00000e-20       5.00000e-20
 143.7000000       5.00000e-20       5.00000e-20
 143.8000000       5.00000e-20       5.00000e-20
 143.9000000       5.00000e-20       5.00000e-20
 144.0000000       5.00000e-20       5.00000e-20
 144.1000000       5.00000e-20       5.00000e-20
 144.2000000       5.00000e-20       5.00000e-20
 144.3000000       5.00000e-20       5.00000e-20
 144.4000000       5.00000e-20       5.00000e-20
 144.5000000       5.00000e-20       5.00000e-20
 144.6000000       5.00000e-20       5.00000e-20
 144.7000000       5.00000e-20       5.00000e-20
 144.8000000       5.00000e-20       5.00000e-20
 144.9000000       5.00000e-20       5.00000e-20
 145.0000000       5.00000e-20       5.00000e-20
 145.1000000       5.00000e-20       5.00000e-20
 145.2000000       5.00000e-20       5.00000e-20
 145.3000000       5.00000e-20       5.00000e-20
 145.4000000       5.00000e-20       5.00000e-20
 145.5000000       5.00000e-20       5.00000e-20
 145.6000000       5.00000e-20       5.00000e-20
 145.7000000       5.00000e-20       5.00000e-20
 145.8000000       5.00000e-20       5.00000e-20
 145.9000000       5.00000e-20       5.00000e-20
 146.0000000       5.00000e-20       5.00000e-20
 146.1000000       5.00000e-20       5.00000e-20
 146.2000000       5.00000e-20       5.00000e-20
 146.3000000       5.00000e-20       5.00000e-20
 146.4000000       5.00000e-20       5.00000e-20
 146.5000000       5.00000e-20       5.00000e-20
 146.6000000       5.00000e-20       5.00000e-20
 146.7000000       5.00000e-20       5.00000e-20
 146.8000000       5.00000e-20       5.00000e-20
 146.9000000       5.00000e-20       5.00000e-20
 147.0000000       5.00000e-20       5.00000e-20
 147.1000000       5.00000e-20       5.00000e-20
 147.2000000       5.00000e-20       5.00000e-20
 147.3000000       5.00000e-20       5.00000e-20
 147.4000000       5.00000e-20       5.00000e-20
 147.5000000       5.00000e-20       5.00000e-20
 147.6000000       5.00000e-20       5.00000e-20
 147.7000000       5.00000e-20       5.00000e-20
 147.8000000       5.00000e-20       5.00000e-20
 147.9000000       5.00000e-20       5.00000e-20
 148.0000000       5.00000e-20       5.00000e-20
 148.1000000       5.00000e-20       5.00000e-20
 148.2000000       5.00000e-20       5.00000e-20
 148.3000000       5.00000e-20       5.00000e-20
 148.4000000       5.00000e-20       5.00000e-20
 148.5000000       5.00000e-20       5.00000e-20
 148.6000000       5.00000e-20       5.00000e-20
 148.7000000       5.00000e-20       5.00000e-20
 148.8000000       5.00000e-20       5.00000e-20
 148.9000000       5.00000e-20       5.00000e-20
 149.0000000       5.00000e-20       5.00000e-20
 149.1000000       5.00000e-20       5.00000e-20
 149.2000000       5.00000e-20       5.00000e-20
 149.3000000       5.00000e-20       5.00000e-20
 149.4000000       5.00000e-20       5.00000e-20
 149.5000000       5.00000e-20       5.00000e-20
 149.6000000       5.00000e-20       5.00000e-20
 149.7000000       5.00000e-20       5.00000e-20
 149.8000000       5.00000e-20       5.00000e-20
 149.9000000       5.00000e-20       5.00000e-20
 150.0000000       5.00000e-20       5.00000e-20
 150.1000000       5.00000e-20       5.00000e-20
 150.2000000       5.00000e-20       5.00000e-20
 150.3000000       5.00000e-20       5.00000e-20
 150.4000000       5.00000e-20       5.00000e-20
 150.5000000       5.00000e-20       5.00000e-20
 150.6000000       5.00000e-20       5.00000e-20
 150.7000000       5.00000e-20       5.00000e-20
 150.8000000       5.00000e-20       5.00000e-20
 150.9000000       5.00000e-20       5.00000e-20
 151.0000000       5.00000e-20       5.00000e-20
 151.1000000       5.00000e-20       5.00000e-20
 151.2000000       5.00000e-20       5.00000e-20
 151.3000000       5.00000e-20       5.00000e-20
 151.4000000       5.00000e-20       5.00000e-20
 151.5000000       5.00000e-20       5.00000e-20
 151.6000000       5.00000e-20       5.00000e-20
 151.7000000       5.00000e-20       5.00000e-20
 151.8000000       5.00000e-20       5.00000e-20
 151.9000000       5.00000e-20       5.00000e-20
 152.0000000       5.00000e-20       5.00000e-20
 152.1000000       5.00000e-20       5.00000e-20
 152.2000000       5.00000e-20       5.00000e-20
 152.3000000       5.00000e-20       5.00000e-20
 152.4000000       5.00000e-20       5.00000e-20
 152.5000000       5.00000e-20       5.00000e-20
 152.6000000       5.00000e-20       5.00000e-20
 152.7000000       5.00000e-20       5.00000e-20
 152.8000000       5.00000e-20       5.00000e-20
 152.9000000       5.00000e-20       5.00000e-20
 153.0000000       5.00000e-20       5.00000e-20
 153.1000000       5.00000e-20       5.00000e-20
 153.2000000       5.00000e-20       5.00000e-20
 153.3000000       5.00000e-20       5.00000e-20
 153.4000000       5.00000e-20       5.00000e-20
 153.5000000       5.00000e-20       5.00000e-20
 153.6000000       5.00000e-20       5.00000e-20
 153.7000000       5.00000e-20       5.00000e-20
 153.8000000       5.00000e-20       5.00000e-20
 153.9000000       5.00000e-20       5.00000e-20
 154.0000000       5.00000e-20       5.00000e-20
 154.1000000       5.00000e-20       5.00000e-20
 154.2000000       5.00000e-20       5.00000e-20
 154.3000000       5.00000e-20       5.00000e-20
 154.4000000       5.00000e-20       5.00000e-20
 154.5000000       5.00000e-20       5.00000e-20
 154.6000000       5.00000e-20       5.00000e-20
 154.7000000       5.00000e-20       5.00000e-20
 154.8000000       5.00000e-20       5.00000e-20
 154.9000000       5.00000e-20       5.00000e-20
 155.0000000       5.00000e-20       5.00000e-20
 155.1000000       5.00000e-20       5.00000e-20
 155.2000000       5.00000e-20       5.00000e-20
 155.3000000       5.00000e-20       5.00000e-20
 155.4000000       5.00000e-20       5.00000e-20
 155.5000000       5.00000e-20       5.00000e-20
 155.6000000       5.00000e-20       5.00000e-20
 155.7000000       5.00000e-20       5.00000e-20
 155.8000000       5.00000e-20       5.00000e-20
 155.9000000       5.00000e-20       5.00000e-20
 156.0000000       5.00000e-20       5.00000e-20
 156.1000000       5.00000e-20       5.00000e-20
 156.2000000       5.00000e-20       5.00000e-20
 156.3000000       5.00000e-20       5.00000e-20
 156.4000000       5.00000e-20       5.00000e-20
 156.5000000       5.00000e-20       5.00000e-20
 156.6000000       5.00000e-20       5.00000e-20
 156.7000000       5.00000e-20       5.00000e-20
 156.8000000       5.00000e-20       5.00000e-20
 156.9000000       5.00000e-20       5.00000e-20
 157.0000000       5.00000e-20       5.00000e-20
 157.1000000       5.00000e-20       5.00000e-20
 157.2000000       5.00000e-20       5.00000e-20
 157.3000000       5.00000e-20       5.00000e-20
 157.4000000       5.00000e-20       5.00000e-20
 157.5000000       5.00000e-20       5.00000e-20
 157.6000000       5.00000e-20       5.00000e-20
 157.7000000       5.00000e-20       5.00000e-20
 157.8000000       5.00000e-20       5.00000e-20
 157.9000000       5.00000e-20       5.00000e-20
 158.0000000       5.00000e-20       5.00000e-20
 158.1000000       5.00000e-20       5.00000e-20
 158.2000000       5.00000e-20       5.00000e-20
 158.3000000       5.00000e-20       5.00000e-20
 158.4000000       5.00000e-20       5.00000e-20
 158.5000000       5.00000e-20       5.00000e-20
 158.6000000       5.00000e-20       5.00000e-20
 158.7000000       5.00000e-20       5.00000e-20
 158.8000000       5.00000e-20       5.00000e-20
 158.9000000       5.00000e-20       5.00000e-20
 159.0000000       5.00000e-20       5.00000e-20
 159.1000000       5.00000e-20       5.00000e-20
 159.2000000       5.00000e-20       5.00000e-20
 159.3000000       5.00000e-20       5.00000e-20
 159.4000000       5.00000e-20       5.00000e-20
 159.5000000       5.00000e-20       5.00000e-20
 159.6000000       5.00000e-20       5.00000e-20
 159.7000000       5.00000e-20       5.00000e-20
 159.8000000       5.00000e-20       5.00000e-20
 159.9000000       5.00000e-20       5.00000e-20
 160.0000000       5.00000e-20       5.00000e-20
 160.1000000       5.00000e-20       5.00000e-20
 160.2000000       5.00000e-20       5.00000e-20
 160.3000000       5.00000e-20       5.00000e-20
 160.4000000       5.00000e-20       5.00000e-20
 160.5000000       5.00000e-20       5.00000e-20
 160.6000000       5.00000e-20       5.00000e-20
 160.7000000       5.00000e-20       5.00000e-20
 160.8000000       5.00000e-20       5.00000e-20
 160.9000000       5.00000e-20       5.00000e-20
 161.0000000       5.00000e-20       5.00000e-20
 161.1000000       5.00000e-20       5.00000e-20
 161.2000000       5.00000e-20       5.00000e-20
 161.3000000       5.00000e-20       5.00000e-20
 161.4000000       5.00000e-20       5.00000e-20
 161.5000000       5.00000e-20       5.00000e-20
 161.6000000       5.00000e-20       5.00000e-20
 161.7000000       5.00000e-20       5.00000e-20
 161.8000000       5.00000e-20       5.00000e-20
 161.9000000       5.00000e-20       5.00000e-20
 162.0000000       5.00000e-20       5.00000e-20
 162.1000000       5.00000e-20       5.00000e-20
 162.2000000       5.00000e-20       5.00000e-20
 162.3000000       5.00000e-20       5.00000e-20
 162.4000000       5.00000e-20       5.00000e-20
 162.5000000       5.00000e-20       5.00000e-20
 162.6000000       5.00000e-20       5.00000e-20
 162.7000000       5.00000e-20       5.00000e-20
 162.8000000       5.00000e-20       5.00000e-20
 162.9000000       5.00000e-20       5.00000e-20
 163.0000000       5.00000e-20       5.00000e-20
 163.1000000       5.00000e-20       5.00000e-20
 163.2000000       5.00000e-20       5.00000e-20
 163.3000000       5.00000e-20       5.00000e-20
 163.4000000       5.00000e-20       5.00000e-20
 163.5000000       5.00000e-20       5.00000e-20
 163.6000000       5.00000e-20       5.00000e-20
 163.7000000       5.00000e-20       5.00000e-20
 163.8000000       5.00000e-20       5.00000e-20
 163.9000000       5.00000e-20       5.00000e-20
 164.0000000       5.00000e-20       5.00000e-20
 164.1000000       5.00000e-20       5.00000e-20
 164.2000000       5.00000e-20       5.00000e-20
 164.3000000       5.00000e-20       5.00000e-20
 164.4000000       5.00000e-20       5.00000e-20
 164.5000000       5.00000e-20       5.00000e-20
 164.6000000       5.00000e-20       5.00000e-20
 164.7000000       5.00000e-20       5.00000e-20
 164.8000000       5.00000e-20       5.00000e-20
 164.9000000       5.00000e-20       5.00000e-20
 165.0000000       5.00000e-20       5.00000e-20
 165.1000000       5.00000e-20       5.00000e-20
 165.2000000       5.00000e-20       5.00000e-20
 165.3000000       5.00000e-20       5.00000e-20
 165.4000000       5.00000e-20       5.00000e-20
 165.5000000       5.00000e-20       5.00000e-20
 165.6000000       5.00000e-20       5.00000e-20
 165.7000000       5.00000e-20       5.00000e-20
 165.8000000       5.00000e-20       5.00000e-20
 165.9000000       5.00000e-20       5.00000e-20
 166.0000000       5.00000e-20       5.00000e-20
 166.1000000       5.00000e-20       5.00000e-20
 166.2000000       5.00000e-20       5.00000e-20
 166.3000000       5.00000e-20       5.00000e-20
 166.4000000       5.00000e-20       5.00000e-20
 166.5000000       5.00000e-20       5.00000e-20
 166.6000000       5.00000e-20       5.00000e-20
 166.7000000       5.00000e-20       5.00000e-20
 166.8000000       5.00000e-20       5.00000e-20
 166.9000000       5.00000e-20       5.00000e-20
 167.0000000       5.00000e-20       5.00000e-20
 167.1000000       5.00000e-20       5.00000e-20
 167.2000000       5.00000e-20       5.00000e-20
 167.3000000       5.00000e-20       5.00000e-20
 167.4000000       5.00000e-20       5.00000e-20
 167.5000000       5.00000e-20       5.00000e-20
 167.6000000       5.00000e-20       5.00000e-20
 167.7000000       5.00000e-20       5.00000e-20
 167.8000000       5.00000e-20       5.00000e-20
 167.9000000       5.00000e-20       5.00000e-20
 168.0000000       5.00000e-20       5.00000e-20
 168.1000000       5.00000e-20       5.00000e-20
 168.2000000       5.00000e-20       5.00000e-20
 168.3000000       5.00000e-20       5.00000e-20
 168.4000000       5.00000e-20       5.00000e-20
 168.5000000       5.00000e-20       5.00000e-20
 168.6000000       5.00000e-20       5.00000e-20
 168.7000000       5.00000e-20       5.00000e-20
 168.8000000       5.00000e-20       5.00000e-20
 168.9000000       5.00000e-20       5.00000e-20
 169.0000000       5.00000e-20       5.00000e-20
 169.1000000       5.00000e-20       5.00000e-20
 169.2000000       5.00000e-20       5.00000e-20
 169.3000000       5.00000e-20       5.00000e-20
 169.4000000       5.00000e-20       5.00000e-20
 169.5000000       5.00000e-20       5.00000e-20
 169.6000000       5.00000e-20       5.00000e-20
 169.7000000       5.00000e-20       5.00000e-20
 169.8000000       5.00000e-20       5.00000e-20
 169.9000000       5.00000e-20       5.00000e-20
 170.0000000       5.00000e-20       5.00000e-20
 170.1000000       5.00000e-20       5.00000e-20
 170.2000000       5.00000e-20       5.00000e-20
 170.3000000       5.00000e-20       5.00000e-20
 170.4000000       5.00000e-20       5.00000e-20
 170.5000000       5.00000e-20       5.00000e-20
 170.6000000       5.00000e-20       5.00000e-20
 170.7000000       5.00000e-20       5.00000e-20
 170.8000000       5.00000e-20       5.00000e-20
 170.9000000       5.00000e-20       5.00000e-20
 171.0000000       5.00000e-20       5.00000e-20
 171.1000000       5.00000e-20       5.00000e-20
 171.2000000       5.00000e-20       5.00000e-20
 171.3000000       5.00000e-20       5.00000e-20
 171.4000000       5.00000e-20       5.00000e-20
 171.5000000       5.00000e-20       5.00000e-20
 171.6000000       5.00000e-20       5.00000e-20
 171.7000000       5.00000e-20       5.00000e-20
 171.8000000       5.00000e-20       5.00000e-20
 171.9000000       5.00000e-20       5.00000e-20
 172.0000000       5.00000e-20       5.00000e-20
 172.1000000       5.00000e-20       5.00000e-20
 172.2000000       5.00000e-20       5.00000e-20
 172.3000000       5.00000e-20       5.00000e-20
 172.4000000       5.00000e-20       5.00000e-20
 172.5000000       5.00000e-20       5.00000e-20
 172.6000000       5.00000e-20       5.00000e-20
 172.7000000       5.00000e-20       5.00000e-20
 172.8000000       5.00000e-20       5.00000e-20
 172.9000000       5.00000e-20       5.00000e-20
 173.0000000       5.00000e-20       5.00000e-20
 173.1000000       5.00000e-20       5.00000e-20
 173.2000000       5.00000e-20       5.00000e-20
 173.3000000       5.00000e-20       5.00000e-20
 173.4000000       5.00000e-20       5.00000e-20
 173.5000000       5.00000e-20       5.00000e-20
 173.6000000       5.00000e-20       5.00000e-20
 173.7000000       5.00000e-20       5.00000e-20
 173.8000000       5.00000e-20       5.00000e-20
 173.9000000       5.00000e-20       5.00000e-20
 174.0000000       5.00000e-20       5.00000e-20
 174.1000000       5.00000e-20       5.00000e-20
 174.2000000       5.00000e-20       5.00000e-20
 174.3000000       5.00000e-20       5.00000e-20
 174.4000000       5.00000e-20       5.00000e-20
 174.5000000       5.00000e-20       5.00000e-20
 174.6000000       5.00000e-20       5.00000e-20
 174.7000000       5.00000e-20       5.00000e-20
 174.8000000       5.00000e-20       5.00000e-20
 174.9000000       5.00000e-20       5.00000e-20
 175.0000000       5.00000e-20       5.00000e-20
 175.1000000       5.00000e-20       5.00000e-20
 175.2000000       5.00000e-20       5.00000e-20
 175.3000000       5.00000e-20       5.00000e-20
 175.4000000       5.00000e-20       5.00000e-20
 175.5000000       5.00000e-20       5.00000e-20
 175.6000000       5.00000e-20       5.00000e-20
 175.7000000       5.00000e-20       5.00000e-20
 175.8000000       5.00000e-20       5.00000e-20
 175.9000000       5.00000e-20       5.00000e-20
 176.0000000       5.00000e-20       5.00000e-20
 176.1000000       5.00000e-20       5.00000e-20
 176.2000000       5.00000e-20       5.00000e-20
 176.3000000       5.18312e-20       5.18312e-20
 176.4000000       7.85647e-20       7.85647e-20
 176.5000000       2.17514e-19       2.17514e-19
 176.6000000       5.98036e-19       5.98036e-19
 176.7000000       1.55684e-18       1.55684e-18
 176.8000000       3.83739e-18       3.83739e-18
 176.9000000       8.95570e-18       8.95570e-18
 177.0000000       1.97893e-17       1.97893e-17
 177.1000000       4.14029e-17       4.14029e-17
 177.2000000       8.20149e-17       8.20149e-17
 177.3000000       1.53822e-16       1.53822e-16
 177.4000000       2.73150e-16       2.73150e-16
 177.5000000       4.59241e-16       4.59241e-16
 177.6000000       7.31031e-16       7.31031e-16
 177.7000000       1.10175e-15       1.10175e-15
 177.8000000       1.57210e-15       1.57210e-15
 177.9000000       2.12388e-15       2.12388e-15
 178.0000000       2.71659e-15       2.71659e-15
 178.1000000       3.28978e-15       3.28978e-15
 178.2000000       3.77185e-15       3.77185e-15
 178.3000000       4.09437e-15       4.09437e-15
 178.4000000       4.20790e-15       4.20790e-15
 178.5000000       4.09437e-15       4.09437e-15
 178.6000000       3.77185e-15       3.77185e-15
 178.7000000       3.28978e-15       3.28978e-15
 178.8000000       2.71659e-15       2.71659e-15
 178.9000000       2.12388e-15       2.12388e-15
 179.0000000       1.57210e-15       1.57210e-15
 179.1000000       1.10175e-15       1.10175e-15
 179.2000000       7.31031e-16       7.31031e-16
 179.3000000       4.59241e-16       4.59241e-16
 179.4000000       2.73150e-16       2.73150e-16
 179.5000000       1.53822e-16       1.53822e-16
 179.6000000       8.20149e-17       8.20149e-17
 179.7000000       4.14029e-17       4.14029e-17
 179.8000000       1.97893e-17       1.97893e-17
 179.9000000       8.95570e-18       8.95570e-18
 180.0000000       3.83739e-18       3.83739e-18
 180.1000000       1.55684e-18       1.55684e-18
 180.2000000       5.98036e-19       5.98036e-19
 180.3000000       2.17514e-19       2.17514e-19
 180.4000000       7.85647e-20       7.85647e-20
 180.5000000       5.18312e-20       5.18312e-20
 180.6000000       5.00000e-20       5.00000e-20
 180.7000000       5.00000e-20       5.00000e-20
 180.8000000       5.00000e-20       5.00000e-20
 180.9000000       5.00000e-20       5.00000e-20
 181.0000000       5.00000e-20       5.00000e-20
 181.1000000       5.00000e-20       5.00000e-20
 181.2000000       5.00000e-20       5.00000e-20
 181.3000000       5.00000e-20       5.00000e-20
 181.4000000       5.00000e-20       5.00000e-20
 181.5000000       5.00000e-20       5.00000e-20
 181.6000000       5.00000e-20       5.00000e-20
 181.7000000       5.00000e-20       5.00000e-20
 181.8000000       5.00000e-20       5.00000e-20
 181.9000000       5.00000e-20       5.00000e-20
 182.0000000       5.00000e-20       5.00000e-20
 182.1000000       5.00000e-20       5.00000e-20
 182.2000000       5.00000e-20       5.00000e-20
 182.3000000       5.00000e-20       5.00000e-20
 182.4000000       5.00000e-20       5.00000e-20
 182.5000000       5.00000e-20       5.00000e-20
 182.6000000       5.00000e-20       5.00000e-20
 182.7000000       5.00000e-20       5.00000e-20
 182.8000000       5.00000e-20       5.00000e-20
 182.9000000       5.00000e-20       5.00000e-20
 183.0000000       5.00000e-20       5.00000e-20
 183.1000000       5.00000e-20       5.00000e-20
 183.2000000       5.00000e-20       5.00000e-20
 183.3000000       5.00000e-20       5.00000e-20
 183.4000000       5.00000e-20       5.00000e-20
 183.5000000       5.00000e-20       5.00000e-20
 183.6000000       5.00000e-20       5.00000e-20
 183.7000000       5.00000e-20       5.00000e-20
 183.8000000       5.00000e-20       5.00000e-20
 183.9000000       5.00000e-20       5.00000e-20
 184.0000000       5.00000e-20       5.00000e-20
 184.1000000       5.00000e-20       5.00000e-20
 184.2000000       5.00000e-20       5.00000e-20
 184.3000000       5.00000e-20       5.00000e-20
 184.4000000       5.00000e-20       5.00000e-20
 184.5000000       5.00000e-20       5.00000e-20
 184.6000000       5.00000e-20       5.00000e-20
 184.7000000       5.00000e-20       5.00000e-20
 184.8000000       5.00000e-20       5.00000e-20
 184.9000000       5.00000e-20       5.00000e-20
 185.0000000       5.00000e-20       5.00000e-20
 185.1000000       5.00000e-20       5.00000e-20
 185.2000000       5.00000e-20       5.00000e-20
 185.3000000       5.00000e-20       5.00000e-20
 185.4000000       5.00000e-20       5.00000e-20
 185.5000000       5.00000e-20       5.00000e-20
 185.6000000       5.00000e-20       5.00000e-20
 185.7000000       5.00000e-20       5.00000e-20
 185.8000000       5.00000e-20       5.00000e-20
 185.9000000       5.00000e-20       5.00000e-20
 186.0000000       5.00000e-20       5.00000e-20
 186.1000000       5.00000e-20       5.00000e-20
 186.2000000       5.00000e-20       5.00000e-20
 186.3000000       5.00000e-20       5.00000e-20
 186.4000000       5.00000e-20       5.00000e-20
 186.5000000       5.00000e-20       5.00000e-20
 186.6000000       5.00000e-20       5.00000e-20
 186.7000000       5.00000e-20       5.00000e-20
 186.8000000       5.00000e-20       5.00000e-20
 186.9000000       5.00000e-20       5.00000e-20
 187.0000000       5.00000e-20       5.00000e-20
 187.1000000       5.00000e-20       5.00000e-20
 187.2000000       5.00000e-20       5.00000e-20
 187.3000000       5.00000e-20       5.00000e-20
 187.4000000       5.00000e-20       5.00000e-20
 187.5000000       5.00000e-20       5.00000e-20
 187.6000000       5.00000e-20       5.00000e-20
 187.7000000       5.00000e-20       5.00000e-20
 187.8000000       5.00000e-20       5.00000e-20
 187.9000000       5.00000e-20       5.00000e-20
 188.0000000       5.00000e-20       5.00000e-20
 188.1000000       5.00000e-20       5.00000e-20
 188.2000000       5.00000e-20       5.00000e-20
 188.3000000       5.00000e-20       5.00000e-20
 188.4000000       5.00000e-20       5.00000e-20
 188.5000000       5.00000e-20       5.00000e-20
 188.6000000       5.00000e-20       5.00000e-20
 188.7000000       5.00000e-20       5.00000e-20
 188.8000000       5.00000e-20       5.00000e-20
 188.9000000       5.00000e-20       5.00000e-20
 189.0000000       5.00000e-20       5.00000e-20
 189.1000000       5.00000e-20       5.00000e-20
 189.2000000       5.00000e-20       5.00000e-20
 189.3000000       5.00000e-20       5.00000e-20
 189.4000000       5.00000e-20       5.00000e-20
 189.5000000       5.00000e-20       5.00000e-20
 189.6000000       5.00000e-20       5.00000e-20
 189.7000000       5.00000e-20       5.00000e-20
 189.8000000       5.00000e-20       5.00000e-20
 189.9000000       5.00000e-20       5.00000e-20
 190.0000000       5.00000e-20       5.00000e-20
 190.1000000       5.00000e-20       5.00000e-20
 190.2000000       5.00000e-20       5.00000e-20
 190.3000000       5.00000e-20       5.00000e-20
 190.4000000       5.00000e-20       5.00000e-20
 190.5000000       5.00000e-20       5.00000e-20
 190.6000000       5.00000e-20       5.00000e-20
 190.7000000       5.00000e-20       5.00000e-20
 190.8000000       5.00000e-20       5.00000e-20
 190.9000000       5.00000e-20       5.00000e-20
 191.0000000       5.00000e-20       5.00000e-20
 191.1000000       5.00000e-20       5.00000e-20
 191.2000000       5.00000e-20       5.00000e-20
 191.3000000       5.00000e-20       5.00000e-20
 191.4000000       5.00000e-20       5.00000e-20
 191.5000000       5.00000e-20       5.00000e-20
 191.6000000       5.00000e-20       5.00000e-20
 191.7000000       5.00000e-20       5.00000e-20
 191.8000000       5.00000e-20       5.00000e-20
 191.9000000       5.00000e-20       5.00000e-20
 192.0000000       5.00000e-20       5.00000e-20
 192.1000000       5.00000e-20       5.00000e-20
 192.2000000       5.00000e-20       5.00000e-20
 192.3000000       5.00000e-20       5.00000e-20
 192.4000000       5.00000e-20       5.00000e-20
 192.5000000       5.00000e-20       5.00000e-20
 192.6000000       5.00000e-20       5.00000e-20
 192.7000000       5.00000e-20       5.00000e-20
 192.8000000       5.00000e-20       5.00000e-20
 192.9000000       5.00000e-20       5.00000e-20
 193.0000000       5.00000e-20       5.00000e-20
 193.1000000       5.00000e-20       5.00000e-20
 193.2000000       5.00000e-20       5.00000e-20
 193.3000000       5.00000e-20       5.00000e-20
 193.4000000       5.00000e-20       5.00000e-20
 193.5000000       5.00000e-20       5.00000e-20
 193.6000000       5.00000e-20       5.00000e-20
 193.7000000       5.00000e-20       5.00000e-20
 193.8000000       5.00000e-20       5.00000e-20
 193.9000000       5.00000e-20       5.00000e-20
 194.0000000       5.00000e-20       5.00000e-20
 194.1000000       5.00000e-20       5.00000e-20
 194.2000000       5.00000e-20       5.00000e-20
 194.3000000       5.00000e-20       5.00000e-20
 194.4000000       5.00000e-20       5.00000e-20
 194.5000000       5.00000e-20       5.00000e-20
 194.6000000       5.00000e-20       5.00000e-20
 194.7000000       5.00000e-20       5.00000e-20
 194.8000000       5.00000e-20       5.00000e-20
 194.9000000       5.00000e-20       5.00000e-20
 195.0000000       5.00000e-20       5.00000e-20
 195.1000000       5.00000e-20       5.00000e-20
 195.2000000       5.00000e-20       5.00000e-20
 195.3000000       5.00000e-20       5.00000e-20
 195.4000000       5.00000e-20       5.00000e-20
 195.5000000       5.00000e-20       5.00000e-20
 195.6000000       5.00000e-20       5.00000e-20
 195.7000000       5.00000e-20       5.00000e-20
 195.8000000       5.00000e-20       5.00000e-20
 195.9000000       5.00000e-20       5.00000e-20
 196.0000000       5.00000e-20       5.00000e-20
 196.1000000       5.00000e-20       5.00000e-20
 196.2000000       5.00000e-20       5.00000e-20
 196.3000000       5.00000e-20       5.00000e-20
 196.4000000       5.00000e-20       5.00000e-20
 196.5000000       5.00000e-20       5.00000e-20
 196.6000000       5.00000e-20       5.00000e-20
 196.7000000       5.00000e-20       5.00000e-20
 196.8000000       5.00000e-20       5.00000e-20
 196.9000000       5.00000e-20       5.00000e-20
 197.0000000       5.00000e-20       5.00000e-20
 197.1000000       5.00000e-20       5.00000e-20
 197.2000000       5.00000e-20       5.00000e-20
 197.3000000       5.00000e-20       5.00000e-20
 197.4000000       5.00000e-20       5.00000e-20
 197.5000000       5.00000e-20       5.00000e-20
 197.6000000       5.00000e-20       5.00000e-20
 197.7000000       5.00000e-20       5.00000e-20
 197.8000000       5.00000e-20       5.00000e-20
 197.9000000       5.00000e-20       5.00000e-20
 198.0000000       5.00000e-20       5.00000e-20
 198.1000000       5.00000e-20       5.00000e-20
 198.2000000       5.00000e-20       5.00000e-20
 198.3000000       5.00000e-20       5.00000e-20
 198.4000000       5.00000e-20       5.00000e-20
 198.5000000       5.00000e-20       5.00000e-20
 198.6000000       5.00000e-20       5.00000e-20
 198.7000000       5.00000e-20       5.00000e-20
 198.8000000       5.00000e-20       5.00000e-20
 198.9000000       5.00000e-20       5.00000e-20
 199.0000000       5.00000e-20       5.00000e-20
 199.1000000       5.00000e-20       5.00000e-20
 199.2000000       5.00000e-20       5.00000e-20
 199.3000000       5.00000e-20       5.00000e-20
 199.4000000       5.00000e-20       5.00000e-20
 199.5000000       5.00000e-20       5.00000e-20
 199.6000000       5.00000e-20       5.00000e-20
 199.7000000       5.00000e-20       5.00000e-20
 199.8000000       5.00000e-20       5.00000e-20
 199.9000000       5.00000e-20       5.00000e-20
 200.0000000       5.00000e-20       5.00000e-20
 200.1000000       5.00000e-20       5.00000e-20
 200.2000000       5.00000e-20       5.00000e-20
 200.3000000       5.00000e-20       5.00000e-20
 200.4000000       5.00000e-20       5.00000e-20
 200.5000000       5.00000e-20       5.00000e-20
 200.6000000       5.00000e-20       5.00000e-20
 200.7000000       5.00000e-20       5.00000e-20
 200.8000000       5.00000e-20       5.00000e-20
 200.9000000       5.00000e-20       5.00000e-20
 201.0000000       5.00000e-20       5.00000e-20
 201.1000000       5.00000e-20       5.00000e-20
 201.2000000       5.00000e-20       5.00000e-20
 201.3000000       5.00000e-20       5.00000e-20
 201.4000000       5.00000e-20       5.00000e-20
 201.5000000       5.00000e-20       5.00000e-20
 201.6000000       5.00000e-20       5.00000e-20
 201.7000000       5.00000e-20       5.00000e-20
 201.8000000       5.00000e-20       5.00000e-20
 201.9000000       5.00000e-20       5.00000e-20
 202.0000000       5.00000e-20       5.00000e-20
 202.1000000       5.00000e-20       5.00000e-20
 202.2000000       5.00000e-20       5.00000e-20
 202.3000000       5.00000e-20       5.00000e-20
 202.4000000       5.00000e-20       5.00000e-20
 202.5000000       5.00000e-20       5.00000e-20
 202.6000000       5.00000e-20       5.00000e-20
 202.7000000       5.00000e-20       5.00000e-20
 202.8000000       5.00000e-20       5.00000e-20
 202.9000000       5.00000e-20       5.00000e-20
 203.0000000       5.00000e-20       5.00000e-20
 203.1000000       5.00000e-20       5.00000e-20
 203.2000000       5.00000e-20       5.00000e-20
 203.3000000       5.00000e-20       5.00000e-20
 203.4000000       5.00000e-20       5.00000e-20
 203.5000000       5.00000e-20       5.00000e-20
 203.6000000       5.00000e-20       5.00000e-20
 203.7000000       5.00000e-20       5.00000e-20
 203.8000000       5.00000e-20       5.00000e-20
 203.9000000       5.00000e-20       5.00000e-20
 204.0000000       5.00000e-20       5.00000e-20
 204.1000000       5.00000e-20       5.00000e-20
 204.2000000       5.00000e-20       5.00000e-20
 204.3000000       5.00000e-20       5.00000e-20
 204.4000000       5.00000e-20       5.00000e-20
 204.5000000       5.00000e-20       5.00000e-20
 204.6000000       5.00000e-20       5.00000e-20
 204.7000000       5.00000e-20       5.00000e-20
 204.8000000       5.00000e-20       5.00000e-20
 204.9000000       5.00000e-20       5.00000e-20
 205.0000000       5.00000e-20       5.00000e-20
 205.1000000       5.00000e-20       5.00000e-20
 205.2000000       5.00000e-20       5.00000e-20
 205.3000000       5.00000e-20       5.00000e-20
 205.4000000       5.00000e-20       5.00000e-20
 205.5000000       5.00000e-20       5.00000e-20
 205.6000000       5.00000e-20       5.00000e-20
 205.7000000       5.00000e-20       5.00000e-20
 205.8000000       5.00000e-20       5.00000e-20
 205.9000000       5.00000e-20       5.00000e-20
 206.0000000       5.00000e-20       5.00000e-20
 206.1000000       5.00000e-20       5.00000e-20
 206.2000000       5.00000e-20       5.00000e-20
 206.3000000       5.00000e-20       5.00000e-20
 206.4000000       5.00000e-20       5.00000e-20
 206.5000000       5.00000e-20       5.00000e-20
 206.6000000       5.00000e-20       5.00000e-20
 206.7000000       5.00000e-20       5.00000e-20
 206.8000000       5.00000e-20       5.00000e-20
 206.9000000       5.00000e-20       5.00000e-20
 207.0000000       5.00000e-20       5.00000e-20
 207.1000000       5.00000e-20       5.00000e-20
 207.2000000       5.00000e-20       5.00000e-20
 207.3000000       5.00000e-20       5.00000e-20
 207.4000000       5.00000e-20       5.00000e-20
 207.5000000       5.00000e-20       5.00000e-20
 207.6000000       5.00000e-20       5.00000e-20
 207.7000000       5.00000e-20       5.00000e-20
 207.8000000       5.00000e-20       5.00000e-20
 207.9000000       5.00000e-20       5.00000e-20
 208.0000000       5.00000e-20       5.00000e-20
 208.1000000       5.00000e-20       5.00000e-20
 208.2000000       5.00000e-20       5.00000e-20
 208.3000000       5.00000e-20       5.00000e-20
 208.4000000       5.00000e-20       5.00000e-20
 208.5000000       5.00000e-20       5.00000e-20
 208.6000000       5.00000e-20       5.00000e-20
 208.7000000       5.00000e-20       5.00000e-20
 208.8000000       5.00000e-20       5.00000e-20
 208.9000000       5.00000e-20       5.00000e-20
 209.0000000       5.00000e-20       5.00000e-20
 209.1000000       5.00000e-20       5.00000e-20
 209.2000000       5.00000e-20       5.00000e-20
 209.3000000       5.00000e-20       5.00000e-20
 209.4000000       5.00000e-20       5.00000e-20
 209.5000000       5.00000e-20       5.00000e-20
 209.6000000       5.00000e-20       5.00000e-20
 209.7000000       5.14708e-20       5.14708e-20
 209.8000000       7.82216e-20       7.82216e-20
 209.9000000       1.97856e-19       1.97856e-19
 210.0000000       4.82163e-19       4.82163e-19
 210.1000000       1.11255e-18       1.11255e-18
 210.2000000       2.43068e-18       2.43068e-18
 210.3000000       5.02824e-18       5.02824e-18
 210.4000000       9.84883e-18       9.84883e-18
 210.5000000       1.82655e-17       1.82655e-17
 210.6000000       3.20742e-17       3.20742e-17
 210.7000000       5.33280e-17       5.33280e-17
 210.8000000       8.39513e-17       8.39513e-17
 210.9000000       1.25133e-16       1.25133e-16
 211.0000000       1.76596e-16       1.76596e-16
 211.1000000       2.35970e-16       2.35970e-16
 211.2000000       2.98535e-16       2.98535e-16
 211.3000000       3.57595e-16       3.57595e-16
 211.4000000       4.05550e-16       4.05550e-16
 211.5000000       4.35461e-16       4.35461e-16
 211.6000000       4.42694e-16       4.42694e-16
 211.7000000       4.26093e-16       4.26093e-16
 211.8000000       3.88282e-16       3.88282e-16
 211.9000000       3.34988e-16       3.34988e-16
 212.0000000       2.73620e-16       2.73620e-16
 212.1000000       2.11593e-16       2.11593e-16
 212.2000000       1.54912e-16       1.54912e-16
 212.3000000       1.07373e-16       1.07373e-16
 212.4000000       7.04586e-17       7.04586e-17
 212.5000000       4.37719e-17       4.37719e-17
 212.6000000       2.57441e-17       2.57441e-17
 212.7000000       1.43345e-17       1.43345e-17
 212.8000000       7.55620e-18       7.55620e-18
 212.9000000       3.77088e-18       3.77088e-18
 213.0000000       1.78155e-18       1.78155e-18
 213.1000000       7.96841e-19       7.96841e-19
 213.2000000       3.37412e-19       3.37412e-19
 213.3000000       1.35259e-19       1.35259e-19
 213.4000000       5.86630e-20       5.86630e-20
 213.5000000       5.02701e-20       5.02701e-20
 213.6000000       5.00000e-20       5.00000e-20
 213.7000000       5.00000e-20       5.00000e-20
 213.8000000       5.00000e-20       5.00000e-20
 213.9000000       5.00000e-20       5.00000e-20
 214.0000000       5.00000e-20       5.00000e-20
 214.1000000       5.00000e-20       5.00000e-20
 214.2000000       5.00000e-20       5.00000e-20
 214.3000000       5.00000e-20       5.00000e-20
 214.4000000       5.00000e-20       5.00000e-20
 214.5000000       5.00000e-20       5.00000e-20
 214.6000000       5.00000e-20       5.00000e-20
 214.7000000       5.00000e-20       5.00000e-20
 214.8000000       5.00000e-20       5.00000e-20
 214.9000000       5.00000e-20       5.00000e-20
 215.0000000       5.00000e-20       5.00000e-20
 215.1000000       5.00000e-20       5.00000e-20
 215.2000000       5.00000e-20       5.00000e-20
 215.3000000       5.00000e-20       5.00000e-20
 215.4000000       5.00000e-20       5.00000e-20
 215.5000000       5.00000e-20       5.00000e-20
 215.6000000       5.00000e-20       5.00000e-20
 215.7000000       5.00000e-20       5.00000e-20
 215.8000000       5.00000e-20       5.00000e-20
 215.9000000       5.00000e-20       5.00000e-20
 216.0000000       5.00000e-20       5.00000e-20
 216.1000000       5.00000e-20       5.00000e-20
 216.2000000       5.00000e-20       5.00000e-20
 216.3000000       5.00000e-20       5.00000e-20
 216.4000000       5.00000e-20       5.00000e-20
 216.5000000       5.00000e-20       5.00000e-20
 216.6000000       5.00000e-20       5.00000e-20
 216.7000000       5.00000e-20       5.00000e-20
 216.8000000       5.00000e-20       5.00000e-20
 216.9000000       5.00000e-20       5.00000e-20
 217.0000000       5.34935e-20       5.34935e-20
 217.1000000       6.74186e-20       6.74186e-20
 217.2000000       8.24849e-20       8.24849e-20
 217.3000000       9.56148e-20       9.56148e-20
 217.4000000       1.04937e-19       1.04937e-19
 217.5000000       1.09040e-19       1.09040e-19
 217.6000000       1.07272e-19       1.07272e-19
 217.7000000       9.99155e-20       9.99155e-20
 217.8000000       8.81090e-20       8.81090e-20
 217.9000000       7.35605e-20       7.35605e-20
 218.0000000       5.91062e-20       5.91062e-20
 218.1000000       5.05009e-20       5.05009e-20
 218.2000000       5.00000e-20       5.00000e-20
 218.3000000       5.00000e-20       5.00000e-20
 218.4000000       5.00000e-20       5.00000e-20
 218.5000000       5.00000e-20       5.00000e-20
 218.6000000       5.00000e-20       5.00000e-20
 218.7000000       5.00000e-20       5.00000e-20
 218.8000000       5.00000e-20       5.00000e-20
 218.9000000       5.00000e-20       5.00000e-20
 219.0000000       5.00000e-20       5.00000e-20
 219.1000000       5.00000e-20       5.00000e-20
 219.2000000       5.00000e-20       5.00000e-20
 219.3000000       5.00000e-20       5.00000e-20
 219.4000000       5.00000e-20       5.00000e-20
 219.5000000       5.00000e-20       5.00000e-20
 219.6000000       5.00000e-20       5.00000e-20
 219.7000000       5.00000e-20       5.00000e-20
 219.8000000       5.00000e-20       5.00000e-20
 219.9000000       5.00000e-20       5.00000e-20
 220.0000000       5.00000e-20       5.00000e-20
 220.1000000       5.00000e-20       5.00000e-20
 220.2000000       5.00000e-20       5.00000e-20
 220.3000000       5.00000e-20       5.00000e-20
 220.4000000       5.00000e-20       5.00000e-20
 220.5000000       5.00000e-20       5.00000e-20
 220.6000000       5.00000e-20       5.00000e-20
 220.7000000       5.00000e-20       5.00000e-20
 220.8000000       5.00000e-20       5.00000e-20
 220.9000000       5.00000e-20       5.00000e-20
 221.0000000       5.00000e-20       5.00000e-20
 221.1000000       5.00000e-20       5.00000e-20
 221.2000000       5.00000e-20       5.00000e-20
 221.3000000       5.00000e-20       5.00000e-20
 221.4000000       5.00000e-20       5.00000e-20
 221.5000000       5.00000e-20       5.00000e-20
 221.6000000       5.00000e-20       5.00000e-20
 221.7000000       5.00000e-20       5.00000e-20
 221.8000000       5.00000e-20       5.00000e-20
 221.9000000       5.00000e-20       5.00000e-20
 222.0000000       5.00000e-20       5.00000e-20
 222.1000000       5.00000e-20       5.00000e-20
 222.2000000       5.00000e-20       5.00000e-20
 222.3000000       5.00000e-20       5.00000e-20
 222.4000000       5.00000e-20       5.00000e-20
 222.5000000       5.00000e-20       5.00000e-20
 222.6000000       5.00000e-20       5.00000e-20
 222.7000000       5.00000e-20       5.00000e-20
 222.8000000       5.00000e-20       5.00000e-20
 222.9000000       5.00000e-20       5.00000e-20
 223.0000000       5.00000e-20       5.00000e-20
 223.1000000       5.00000e-20       5.00000e-20
 223.2000000       5.00000e-20       5.00000e-20
 223.3000000       5.00000e-20       5.00000e-20
 223.4000000       5.00000e-20       5.00000e-20
 223.5000000       5.00000e-20       5.00000e-20
 223.6000000       5.00000e-20       5.00000e-20
 223.7000000       5.00000e-20       5.00000e-20
 223.8000000       5.00000e-20       5.00000e-20
 223.9000000       5.00000e-20       5.00000e-20
 224.0000000       5.00000e-20       5.00000e-20
 224.1000000       5.00000e-20       5.00000e-20
 224.2000000       5.00000e-20       5.00000e-20
 224.3000000       5.00000e-20       5.00000e-20
 224.4000000       5.00000e-20       5.00000e-20
 224.5000000       5.00000e-20       5.00000e-20
 224.6000000       5.00000e-20       5.00000e-20
 224.7000000       5.00000e-20       5.00000e-20
 224.8000000       5.00000e-20       5.00000e-20
 224.9000000       5.00000e-20       5.00000e-20
 225.0000000       5.00000e-20       5.00000e-20
 225.1000000       5.00000e-20       5.00000e-20
 225.2000000       5.00000e-20       5.00000e-20
 225.3000000       5.00000e-20       5.00000e-20
 225.4000000       5.00000e-20       5.00000e-20
 225.5000000       5.00000e-20       5.00000e-20
 225.6000000       5.00000e-20       5.00000e-20
 225.7000000       5.00000e-20       5.00000e-20
 225.8000000       5.00000e-20       5.00000e-20
 225.9000000       5.00000e-20       5.00000e-20
 226.0000000       5.00000e-20       5.00000e-20
 226.1000000       5.00000e-20       5.00000e-20
 226.2000000       5.00000e-20       5.00000e-20
 226.3000000       5.00000e-20       5.00000e-20
 226.4000000       5.00000e-20       5.00000e-20
 226.5000000       5.00000e-20       5.00000e-20
 226.6000000       5.00000e-20       5.00000e-20
 226.7000000       5.00000e-20       5.00000e-20
 226.8000000       5.00000e-20       5.00000e-20
 226.9000000       5.00000e-20       5.00000e-20
 227.0000000       5.00000e-20       5.00000e-20
 227.1000000       5.00000e-20       5.00000e-20
 227.2000000       5.00000e-20       5.00000e-20
 227.3000000       5.00000e-20       5.00000e-20
 227.4000000       5.00000e-20       5.00000e-20
 227.5000000       5.00000e-20       5.00000e-20
 227.6000000       5.00000e-20       5.00000e-20
 227.7000000       5.00000e-20       5.00000e-20
 227.8000000       5.00000e-20       5.00000e-20
 227.9000000       5.00000e-20       5.00000e-20
 228.0000000       5.00000e-20       5.00000e-20
 228.1000000       5.00000e-20       5.00000e-20
 228.2000000       5.00000e-20       5.00000e-20
 228.3000000       5.00000e-20       5.00000e-20
 228.4000000       5.00000e-20       5.00000e-20
 228.5000000       5.00000e-20       5.00000e-20
 228.6000000       5.00000e-20       5.00000e-20
 228.7000000       5.00000e-20       5.00000e-20
 228.8000000       5.00000e-20       5.00000e-20
 228.9000000       5.00000e-20       5.00000e-20
 229.0000000       5.00000e-20       5.00000e-20
 229.1000000       5.00000e-20       5.00000e-20
 229.2000000       5.00000e-20       5.00000e-20
 229.3000000       5.00000e-20       5.00000e-20
 229.4000000       5.00000e-20       5.00000e-20
 229.5000000       5.00000e-20       5.00000e-20
 229.6000000       5.00000e-20       5.00000e-20
 229.7000000       5.00000e-20       5.00000e-20
 229.8000000       5.00000e-20       5.00000e-20
 229.9000000       5.00000e-20       5.00000e-20
 230.0000000       5.00000e-20       5.00000e-20
 230.1000000       5.00000e-20       5.00000e-20
 230.2000000       5.00000e-20       5.00000e-20
 230.3000000       5.00000e-20       5.00000e-20
 230.4000000       5.00000e-20       5.00000e-20
 230.5000000       5.00000e-20       5.00000e-20
 230.6000000       5.00000e-20       5.00000e-20
 230.7000000       5.00000e-20       5.00000e-20
 230.8000000       5.00000e-20       5.00000e-20
 230.9000000       5.00000e-20       5.00000e-20
 231.0000000       5.00000e-20       5.00000e-20
 231.1000000       5.00000e-20       5.00000e-20
 231.2000000       5.00000e-20       5.00000e-20
 231.3000000       5.00000e-20       5.00000e-20
 231.4000000       5.00000e-20       5.00000e-20
 231.5000000       5.00000e-20       5.00000e-20
 231.6000000       5.00000e-20       5.00000e-20
 231.7000000       5.00000e-20       5.00000e-20
 231.8000000       5.00000e-20       5.00000e-20
 231.9000000       5.00000e-20       5.00000e-20
 232.0000000       5.00000e-20       5.00000e-20
 232.1000000       5.00000e-20       5.00000e-20
 232.2000000       5.00000e-20       5.00000e-20
 232.3000000       5.00000e-20       5.00000e-20
 232.4000000       5.00000e-20       5.00000e-20
 232.5000000       5.00000e-20       5.00000e-20
 232.6000000       5.00000e-20       5.00000e-20
 232.7000000       5.00000e-20       5.00000e-20
 232.8000000       5.00000e-20       5.00000e-20
 232.9000000       5.00000e-20       5.00000e-20
 233.0000000       5.00000e-20       5.00000e-20
 233.1000000       5.00000e-20       5.00000e-20
 233.2000000       5.00000e-20       5.00000e-20
 233.3000000       5.00000e-20       5.00000e-20
 233.4000000       5.00000e-20       5.00000e-20
 233.5000000       5.00000e-20       5.00000e-20
 233.6000000       5.00000e-20       5.00000e-20
 233.7000000       5.00000e-20       5.00000e-20
 233.8000000       5.00000e-20       5.00000e-20
 233.9000000       5.00000e-20       5.00000e-20
 234.0000000       5.00000e-20       5.00000e-20
 234.1000000       5.00000e-20       5.00000e-20
 234.2000000       5.00000e-20       5.00000e-20
 234.3000000       5.00000e-20       5.00000e-20
 234.4000000       5.00000e-20       5.00000e-20
 234.5000000       5.00000e-20       5.00000e-20
 234.6000000       5.00000e-20       5.00000e-20
 234.7000000       5.00000e-20       5.00000e-20
 234.8000000       5.00000e-20       5.00000e-20
 234.9000000       5.00000e-20       5.00000e-20
 235.0000000       5.00000e-20       5.00000e-20
 235.1000000       5.00000e-20       5.00000e-20
 235.2000000       5.00000e-20       5.00000e-20
 235.3000000       5.00000e-20       5.00000e-20
 235.4000000       5.00000e-20       5.00000e-20
 235.5000000       5.00000e-20       5.00000e-20
 235.6000000       5.00000e-20       5.00000e-20
 235.7000000       5.00000e-20       5.00000e-20
 235.8000000       5.00000e-20       5.00000e-20
 235.9000000       5.00000e-20       5.00000e-20
 236.0000000       5.00000e-20       5.00000e-20
 236.1000000       5.00000e-20       5.00000e-20
 236.2000000       5.00000e-20       5.00000e-20
 236.3000000       5.00000e-20       5.00000e-20
 236.4000000       5.00000e-20       5.00000e-20
 236.5000000       5.00000e-20       5.00000e-20
 236.6000000       5.00000e-20       5.00000e-20
 236.7000000       5.00000e-20       5.00000e-20
 236.8000000       5.00000e-20       5.00000e-20
 236.9000000       5.00000e-20       5.00000e-20
 237.0000000       5.00000e-20       5.00000e-20
 237.1000000       5.00000e-20       5.00000e-20
 237.2000000       5.00000e-20       5.00000e-20
 237.3000000       5.00000e-20       5.00000e-20
 237.4000000       5.00000e-20       5.00000e-20
 237.5000000       5.00000e-20       5.00000e-20
 237.6000000       5.00000e-20       5.00000e-20
 237.7000000       5.00000e-20       5.00000e-20
 237.8000000       5.00000e-20       5.00000e-20
 237.9000000       5.00000e-20       5.00000e-20
 238.0000000       5.00000e-20       5.00000e-20
 238.1000000       5.00000e-20       5.00000e-20
 238.2000000       5.00000e-20       5.00000e-20
 238.3000000       5.00000e-20       5.00000e-20
 238.4000000       5.00000e-20       5.00000e-20
 238.5000000       5.00000e-20       5.00000e-20
 238.6000000       5.00000e-20       5.00000e-20
 238.7000000       5.00000e-20       5.00000e-20
 238.8000000       5.00000e-20       5.00000e-20
 238.9000000       5.00000e-20       5.00000e-20
 239.0000000       5.00000e-20       5.00000e-20
 239.1000000       5.00000e-20       5.00000e-20
 239.2000000       5.00000e-20       5.00000e-20
 239.3000000       5.00000e-20       5.00000e-20
 239.4000000       5.00000e-20       5.00000e-20
 239.5000000       5.00000e-20       5.00000e-20
 239.6000000       5.00000e-20       5.00000e-20
 239.7000000       5.00000e-20       5.00000e-20
 239.8000000       5.00000e-20       5.00000e-20
 239.9000000       5.00000e-20       5.00000e-20
 240.0000000       5.00000e-20       5.00000e-20
 240.1000000       5.00000e-20       5.00000e-20
 240.2000000       5.00000e-20       5.00000e-20
 240.3000000       5.00000e-20       5.00000e-20
 240.4000000       5.00000e-20       5.00000e-20
 240.5000000       5.00000e-20       5.00000e-20
 240.6000000       5.00000e-20       5.00000e-20
 240.7000000       5.00000e-20       5.00000e-20
 240.8000000       5.00000e-20       5.00000e-20
 240.9000000       5.00000e-20       5.00000e-20
 241.0000000       5.00000e-20       5.00000e-20
 241.1000000       5.00000e-20       5.00000e-20
 241.2000000       5.00000e-20       5.00000e-20
 241.3000000       5.00000e-20       5.00000e-20
 241.4000000       5.12016e-20       5.12016e-20
 241.5000000       6.94008e-20       6.94008e-20
 241.6000000       1.52804e-19       1.52804e-19
 241.7000000       3.39634e-19       3.39634e-19
 241.8000000       7.14711e-19       7.14711e-19
 241.9000000       1.42394e-18       1.42394e-18
 242.0000000       2.68594e-18       2.68594e-18
 242.1000000       4.79666e-18       4.79666e-18
 242.2000000       8.10999e-18       8.10999e-18
 242.3000000       1.29820e-17       1.29820e-17
 242.4000000       1.96742e-17       1.96742e-17
 242.5000000       2.82289e-17       2.82289e-17
 242.6000000       3.83467e-17       3.83467e-17
 242.7000000       4.93174e-17       4.93174e-17
 242.8000000       6.00498e-17       6.00498e-17
 242.9000000       6.92251e-17       6.92251e-17
 243.0000000       7.55540e-17       7.55540e-17
 243.1000000       7.80719e-17       7.80719e-17
 243.2000000       7.63794e-17       7.63794e-17
 243.3000000       7.07465e-17       7.07465e-17
 243.4000000       6.20416e-17       6.20416e-17
 243.5000000       5.15125e-17       5.15125e-17
 243.6000000       4.04944e-17       4.04944e-17
 243.7000000       3.01394e-17       3.01394e-17
 243.8000000       2.12389e-17       2.12389e-17
 243.9000000       1.41707e-17       1.41707e-17
 244.0000000       8.95193e-18       8.95193e-18
 244.1000000       5.35437e-18       5.35437e-18
 244.2000000       3.03228e-18       3.03228e-18
 244.3000000       1.62594e-18       1.62594e-18
 244.4000000       8.25491e-19       8.25491e-19
 244.5000000       3.96825e-19       3.96825e-19
 244.6000000       1.80620e-19       1.80620e-19
 244.7000000       7.97584e-20       7.97584e-20
 244.8000000       5.27036e-20       5.27036e-20
 244.9000000       5.00000e-20       5.00000e-20
 245.0000000       5.00000e-20       5.00000e-20
 245.1000000       5.00000e-20       5.00000e-20
 245.2000000       5.00000e-20       5.00000e-20
 245.3000000       5.00000e-20       5.00000e-20
 245.4000000       5.00000e-20       5.00000e-20
 245.5000000       5.00000e-20       5.00000e-20
 245.6000000       5.00000e-20       5.00000e-20
 245.7000000       5.00000e-20       5.00000e-20
 245.8000000       5.00000e-20       5.00000e-20
 245.9000000       5.00000e-20       5.00000e-20
 246.0000000       5.00000e-20       5.00000e-20
 246.1000000       5.00000e-20       5.00000e-20
 246.2000000       5.00000e-20       5.00000e-20
