# Cross sections for l-C4H
# Converted from earlier Leiden database cross sections by Alan Heays 2016-02-24
# Photodissociation source: l-C4H van Hemert & van Dishoeck 2007
# Lines represented with gaussian of width 1.0 nm FWHM
# wavelength: (nm)
# photoabsorption:    cross section (cm2)
# photodissociation:  cross section (cm2)
# 
# wavelength   photoabsorption photodissociation
  91.3000000       5.00000e-20       5.00000e-20
  91.4000000       5.00000e-20       5.00000e-20
  91.5000000       5.00000e-20       5.00000e-20
  91.6000000       5.00000e-20       5.00000e-20
  91.7000000       5.00000e-20       5.00000e-20
  91.8000000       5.00000e-20       5.00000e-20
  91.9000000       5.00000e-20       5.00000e-20
  92.0000000       5.00000e-20       5.00000e-20
  92.1000000       5.00000e-20       5.00000e-20
  92.2000000       5.00000e-20       5.00000e-20
  92.3000000       5.00000e-20       5.00000e-20
  92.4000000       5.00000e-20       5.00000e-20
  92.5000000       5.00000e-20       5.00000e-20
  92.6000000       5.00000e-20       5.00000e-20
  92.7000000       5.00000e-20       5.00000e-20
  92.8000000       5.00000e-20       5.00000e-20
  92.9000000       5.00000e-20       5.00000e-20
  93.0000000       5.00000e-20       5.00000e-20
  93.1000000       5.00000e-20       5.00000e-20
  93.2000000       5.00000e-20       5.00000e-20
  93.3000000       5.00000e-20       5.00000e-20
  93.4000000       5.00000e-20       5.00000e-20
  93.5000000       5.00000e-20       5.00000e-20
  93.6000000       5.00000e-20       5.00000e-20
  93.7000000       5.00000e-20       5.00000e-20
  93.8000000       5.00000e-20       5.00000e-20
  93.9000000       5.00000e-20       5.00000e-20
  94.0000000       5.00000e-20       5.00000e-20
  94.1000000       5.00000e-20       5.00000e-20
  94.2000000       5.00000e-20       5.00000e-20
  94.3000000       5.00000e-20       5.00000e-20
  94.4000000       5.00000e-20       5.00000e-20
  94.5000000       5.00000e-20       5.00000e-20
  94.6000000       5.00000e-20       5.00000e-20
  94.7000000       5.00000e-20       5.00000e-20
  94.8000000       5.00000e-20       5.00000e-20
  94.9000000       5.00000e-20       5.00000e-20
  95.0000000       5.00000e-20       5.00000e-20
  95.1000000       5.00000e-20       5.00000e-20
  95.2000000       5.00000e-20       5.00000e-20
  95.3000000       5.00000e-20       5.00000e-20
  95.4000000       5.00000e-20       5.00000e-20
  95.5000000       5.00000e-20       5.00000e-20
  95.6000000       5.00000e-20       5.00000e-20
  95.7000000       5.00000e-20       5.00000e-20
  95.8000000       5.00000e-20       5.00000e-20
  95.9000000       5.00000e-20       5.00000e-20
  96.0000000       5.00000e-20       5.00000e-20
  96.1000000       5.00000e-20       5.00000e-20
  96.2000000       5.00000e-20       5.00000e-20
  96.3000000       5.00000e-20       5.00000e-20
  96.4000000       5.00000e-20       5.00000e-20
  96.5000000       5.00000e-20       5.00000e-20
  96.6000000       5.00000e-20       5.00000e-20
  96.7000000       5.00000e-20       5.00000e-20
  96.8000000       5.00000e-20       5.00000e-20
  96.9000000       5.00000e-20       5.00000e-20
  97.0000000       5.00000e-20       5.00000e-20
  97.1000000       5.00000e-20       5.00000e-20
  97.2000000       5.00000e-20       5.00000e-20
  97.3000000       5.00000e-20       5.00000e-20
  97.4000000       5.00000e-20       5.00000e-20
  97.5000000       5.00000e-20       5.00000e-20
  97.6000000       5.00000e-20       5.00000e-20
  97.7000000       5.00000e-20       5.00000e-20
  97.8000000       5.00000e-20       5.00000e-20
  97.9000000       5.00000e-20       5.00000e-20
  98.0000000       5.00000e-20       5.00000e-20
  98.1000000       5.00000e-20       5.00000e-20
  98.2000000       5.00000e-20       5.00000e-20
  98.3000000       5.00000e-20       5.00000e-20
  98.4000000       5.00000e-20       5.00000e-20
  98.5000000       5.00000e-20       5.00000e-20
  98.6000000       5.00000e-20       5.00000e-20
  98.7000000       5.00000e-20       5.00000e-20
  98.8000000       5.00000e-20       5.00000e-20
  98.9000000       5.00000e-20       5.00000e-20
  99.0000000       5.00000e-20       5.00000e-20
  99.1000000       5.00000e-20       5.00000e-20
  99.2000000       5.00000e-20       5.00000e-20
  99.3000000       5.00000e-20       5.00000e-20
  99.4000000       5.00000e-20       5.00000e-20
  99.5000000       5.00000e-20       5.00000e-20
  99.6000000       5.00000e-20       5.00000e-20
  99.7000000       5.00000e-20       5.00000e-20
  99.8000000       5.00000e-20       5.00000e-20
  99.9000000       5.00000e-20       5.00000e-20
 100.0000000       5.00000e-20       5.00000e-20
 100.1000000       5.00000e-20       5.00000e-20
 100.2000000       5.00000e-20       5.00000e-20
 100.3000000       5.00000e-20       5.00000e-20
 100.4000000       5.00000e-20       5.00000e-20
 100.5000000       5.00000e-20       5.00000e-20
 100.6000000       5.00000e-20       5.00000e-20
 100.7000000       5.00000e-20       5.00000e-20
 100.8000000       5.00000e-20       5.00000e-20
 100.9000000       5.00000e-20       5.00000e-20
 101.0000000       5.00000e-20       5.00000e-20
 101.1000000       5.00000e-20       5.00000e-20
 101.2000000       5.00000e-20       5.00000e-20
 101.3000000       5.00000e-20       5.00000e-20
 101.4000000       5.00000e-20       5.00000e-20
 101.5000000       5.00000e-20       5.00000e-20
 101.6000000       5.00000e-20       5.00000e-20
 101.7000000       5.00000e-20       5.00000e-20
 101.8000000       5.00000e-20       5.00000e-20
 101.9000000       5.00000e-20       5.00000e-20
 102.0000000       5.00000e-20       5.00000e-20
 102.1000000       5.00000e-20       5.00000e-20
 102.2000000       5.00000e-20       5.00000e-20
 102.3000000       5.00000e-20       5.00000e-20
 102.4000000       5.00000e-20       5.00000e-20
 102.5000000       5.00000e-20       5.00000e-20
 102.6000000       5.00000e-20       5.00000e-20
 102.7000000       5.00000e-20       5.00000e-20
 102.8000000       5.00000e-20       5.00000e-20
 102.9000000       5.00000e-20       5.00000e-20
 103.0000000       5.00000e-20       5.00000e-20
 103.1000000       5.00000e-20       5.00000e-20
 103.2000000       5.00000e-20       5.00000e-20
 103.3000000       5.00000e-20       5.00000e-20
 103.4000000       5.00000e-20       5.00000e-20
 103.5000000       5.00000e-20       5.00000e-20
 103.6000000       5.00000e-20       5.00000e-20
 103.7000000       5.00000e-20       5.00000e-20
 103.8000000       5.00000e-20       5.00000e-20
 103.9000000       5.00000e-20       5.00000e-20
 104.0000000       5.00000e-20       5.00000e-20
 104.1000000       5.00000e-20       5.00000e-20
 104.2000000       5.00000e-20       5.00000e-20
 104.3000000       5.00000e-20       5.00000e-20
 104.4000000       5.00000e-20       5.00000e-20
 104.5000000       5.00000e-20       5.00000e-20
 104.6000000       5.00000e-20       5.00000e-20
 104.7000000       5.00000e-20       5.00000e-20
 104.8000000       5.00000e-20       5.00000e-20
 104.9000000       5.00000e-20       5.00000e-20
 105.0000000       5.00000e-20       5.00000e-20
 105.1000000       5.00000e-20       5.00000e-20
 105.2000000       5.00000e-20       5.00000e-20
 105.3000000       5.00000e-20       5.00000e-20
 105.4000000       5.00000e-20       5.00000e-20
 105.5000000       5.00000e-20       5.00000e-20
 105.6000000       5.00000e-20       5.00000e-20
 105.7000000       5.00000e-20       5.00000e-20
 105.8000000       5.00000e-20       5.00000e-20
 105.9000000       5.00000e-20       5.00000e-20
 106.0000000       5.00000e-20       5.00000e-20
 106.1000000       5.00000e-20       5.00000e-20
 106.2000000       5.00000e-20       5.00000e-20
 106.3000000       5.00000e-20       5.00000e-20
 106.4000000       5.00000e-20       5.00000e-20
 106.5000000       5.00000e-20       5.00000e-20
 106.6000000       5.00000e-20       5.00000e-20
 106.7000000       5.00000e-20       5.00000e-20
 106.8000000       5.00000e-20       5.00000e-20
 106.9000000       5.00000e-20       5.00000e-20
 107.0000000       5.00000e-20       5.00000e-20
 107.1000000       5.00000e-20       5.00000e-20
 107.2000000       5.00000e-20       5.00000e-20
 107.3000000       5.00000e-20       5.00000e-20
 107.4000000       5.00000e-20       5.00000e-20
 107.5000000       5.00000e-20       5.00000e-20
 107.6000000       5.00000e-20       5.00000e-20
 107.7000000       5.00000e-20       5.00000e-20
 107.8000000       5.00000e-20       5.00000e-20
 107.9000000       5.00000e-20       5.00000e-20
 108.0000000       5.00000e-20       5.00000e-20
 108.1000000       5.00000e-20       5.00000e-20
 108.2000000       5.00000e-20       5.00000e-20
 108.3000000       5.00000e-20       5.00000e-20
 108.4000000       5.00000e-20       5.00000e-20
 108.5000000       5.00000e-20       5.00000e-20
 108.6000000       5.00000e-20       5.00000e-20
 108.7000000       5.00000e-20       5.00000e-20
 108.8000000       5.00000e-20       5.00000e-20
 108.9000000       5.00000e-20       5.00000e-20
 109.0000000       5.00000e-20       5.00000e-20
 109.1000000       5.00000e-20       5.00000e-20
 109.2000000       5.00000e-20       5.00000e-20
 109.3000000       5.00000e-20       5.00000e-20
 109.4000000       5.00000e-20       5.00000e-20
 109.5000000       5.00000e-20       5.00000e-20
 109.6000000       5.00000e-20       5.00000e-20
 109.7000000       5.00000e-20       5.00000e-20
 109.8000000       5.00000e-20       5.00000e-20
 109.9000000       5.00000e-20       5.00000e-20
 110.0000000       5.00000e-20       5.00000e-20
 110.1000000       5.00000e-20       5.00000e-20
 110.2000000       5.00000e-20       5.00000e-20
 110.3000000       5.00000e-20       5.00000e-20
 110.4000000       5.00000e-20       5.00000e-20
 110.5000000       5.00000e-20       5.00000e-20
 110.6000000       5.00000e-20       5.00000e-20
 110.7000000       5.00000e-20       5.00000e-20
 110.8000000       5.00000e-20       5.00000e-20
 110.9000000       5.00000e-20       5.00000e-20
 111.0000000       5.00000e-20       5.00000e-20
 111.1000000       5.00000e-20       5.00000e-20
 111.2000000       5.00000e-20       5.00000e-20
 111.3000000       5.00000e-20       5.00000e-20
 111.4000000       5.00000e-20       5.00000e-20
 111.5000000       5.00000e-20       5.00000e-20
 111.6000000       5.00000e-20       5.00000e-20
 111.7000000       5.00000e-20       5.00000e-20
 111.8000000       5.00000e-20       5.00000e-20
 111.9000000       5.00000e-20       5.00000e-20
 112.0000000       5.00000e-20       5.00000e-20
 112.1000000       5.00000e-20       5.00000e-20
 112.2000000       5.00000e-20       5.00000e-20
 112.3000000       5.00000e-20       5.00000e-20
 112.4000000       5.00000e-20       5.00000e-20
 112.5000000       5.00000e-20       5.00000e-20
 112.6000000       5.00000e-20       5.00000e-20
 112.7000000       5.00000e-20       5.00000e-20
 112.8000000       5.00000e-20       5.00000e-20
 112.9000000       5.00000e-20       5.00000e-20
 113.0000000       5.00000e-20       5.00000e-20
 113.1000000       5.00000e-20       5.00000e-20
 113.2000000       5.00000e-20       5.00000e-20
 113.3000000       5.00000e-20       5.00000e-20
 113.4000000       5.00000e-20       5.00000e-20
 113.5000000       5.00000e-20       5.00000e-20
 113.6000000       5.00000e-20       5.00000e-20
 113.7000000       5.00000e-20       5.00000e-20
 113.8000000       5.00000e-20       5.00000e-20
 113.9000000       5.00000e-20       5.00000e-20
 114.0000000       5.00000e-20       5.00000e-20
 114.1000000       5.00000e-20       5.00000e-20
 114.2000000       5.00000e-20       5.00000e-20
 114.3000000       5.00000e-20       5.00000e-20
 114.4000000       5.00000e-20       5.00000e-20
 114.5000000       5.00000e-20       5.00000e-20
 114.6000000       5.00000e-20       5.00000e-20
 114.7000000       5.00000e-20       5.00000e-20
 114.8000000       5.00000e-20       5.00000e-20
 114.9000000       5.00000e-20       5.00000e-20
 115.0000000       5.00000e-20       5.00000e-20
 115.1000000       5.00000e-20       5.00000e-20
 115.2000000       5.00000e-20       5.00000e-20
 115.3000000       5.00000e-20       5.00000e-20
 115.4000000       5.00000e-20       5.00000e-20
 115.5000000       5.00000e-20       5.00000e-20
 115.6000000       5.00000e-20       5.00000e-20
 115.7000000       5.00000e-20       5.00000e-20
 115.8000000       5.00000e-20       5.00000e-20
 115.9000000       5.00000e-20       5.00000e-20
 116.0000000       5.00000e-20       5.00000e-20
 116.1000000       5.00000e-20       5.00000e-20
 116.2000000       5.00000e-20       5.00000e-20
 116.3000000       5.00000e-20       5.00000e-20
 116.4000000       5.00000e-20       5.00000e-20
 116.5000000       5.00000e-20       5.00000e-20
 116.6000000       5.00000e-20       5.00000e-20
 116.7000000       5.00000e-20       5.00000e-20
 116.8000000       5.00000e-20       5.00000e-20
 116.9000000       5.00000e-20       5.00000e-20
 117.0000000       5.00000e-20       5.00000e-20
 117.1000000       5.00000e-20       5.00000e-20
 117.2000000       5.00000e-20       5.00000e-20
 117.3000000       5.00000e-20       5.00000e-20
 117.4000000       5.00000e-20       5.00000e-20
 117.5000000       5.00000e-20       5.00000e-20
 117.6000000       5.00000e-20       5.00000e-20
 117.7000000       5.00000e-20       5.00000e-20
 117.8000000       5.00000e-20       5.00000e-20
 117.9000000       5.00000e-20       5.00000e-20
 118.0000000       5.00000e-20       5.00000e-20
 118.1000000       5.00000e-20       5.00000e-20
 118.2000000       5.00000e-20       5.00000e-20
 118.3000000       5.00000e-20       5.00000e-20
 118.4000000       5.00000e-20       5.00000e-20
 118.5000000       5.00000e-20       5.00000e-20
 118.6000000       5.00000e-20       5.00000e-20
 118.7000000       5.00000e-20       5.00000e-20
 118.8000000       5.00000e-20       5.00000e-20
 118.9000000       5.00000e-20       5.00000e-20
 119.0000000       5.00000e-20       5.00000e-20
 119.1000000       5.00000e-20       5.00000e-20
 119.2000000       5.00000e-20       5.00000e-20
 119.3000000       5.00000e-20       5.00000e-20
 119.4000000       5.00000e-20       5.00000e-20
 119.5000000       5.00000e-20       5.00000e-20
 119.6000000       5.00000e-20       5.00000e-20
 119.7000000       5.00000e-20       5.00000e-20
 119.8000000       5.00000e-20       5.00000e-20
 119.9000000       5.00000e-20       5.00000e-20
 120.0000000       5.00000e-20       5.00000e-20
 120.1000000       5.00000e-20       5.00000e-20
 120.2000000       5.00000e-20       5.00000e-20
 120.3000000       5.00000e-20       5.00000e-20
 120.4000000       5.00000e-20       5.00000e-20
 120.5000000       5.00000e-20       5.00000e-20
 120.6000000       5.00000e-20       5.00000e-20
 120.7000000       5.00000e-20       5.00000e-20
 120.8000000       5.00000e-20       5.00000e-20
 120.9000000       5.00000e-20       5.00000e-20
 121.0000000       5.00000e-20       5.00000e-20
 121.1000000       5.00000e-20       5.00000e-20
 121.2000000       5.00000e-20       5.00000e-20
 121.3000000       5.00000e-20       5.00000e-20
 121.4000000       5.00000e-20       5.00000e-20
 121.5000000       5.00000e-20       5.00000e-20
 121.6000000       5.00000e-20       5.00000e-20
 121.7000000       5.00000e-20       5.00000e-20
 121.8000000       5.00000e-20       5.00000e-20
 121.9000000       5.00000e-20       5.00000e-20
 122.0000000       5.00000e-20       5.00000e-20
 122.1000000       5.00000e-20       5.00000e-20
 122.2000000       5.00000e-20       5.00000e-20
 122.3000000       5.00000e-20       5.00000e-20
 122.4000000       5.00000e-20       5.00000e-20
 122.5000000       5.00000e-20       5.00000e-20
 122.6000000       5.00000e-20       5.00000e-20
 122.7000000       5.00000e-20       5.00000e-20
 122.8000000       5.00000e-20       5.00000e-20
 122.9000000       5.00000e-20       5.00000e-20
 123.0000000       5.00000e-20       5.00000e-20
 123.1000000       5.00000e-20       5.00000e-20
 123.2000000       5.00000e-20       5.00000e-20
 123.3000000       5.00000e-20       5.00000e-20
 123.4000000       5.00000e-20       5.00000e-20
 123.5000000       5.00000e-20       5.00000e-20
 123.6000000       5.00000e-20       5.00000e-20
 123.7000000       5.00000e-20       5.00000e-20
 123.8000000       5.00000e-20       5.00000e-20
 123.9000000       5.00000e-20       5.00000e-20
 124.0000000       5.00000e-20       5.00000e-20
 124.1000000       5.00000e-20       5.00000e-20
 124.2000000       5.00000e-20       5.00000e-20
 124.3000000       5.00000e-20       5.00000e-20
 124.4000000       5.00000e-20       5.00000e-20
 124.5000000       5.00000e-20       5.00000e-20
 124.6000000       5.00000e-20       5.00000e-20
 124.7000000       5.00000e-20       5.00000e-20
 124.8000000       5.00000e-20       5.00000e-20
 124.9000000       5.00000e-20       5.00000e-20
 125.0000000       5.00000e-20       5.00000e-20
 125.1000000       5.00000e-20       5.00000e-20
 125.2000000       5.00000e-20       5.00000e-20
 125.3000000       5.00000e-20       5.00000e-20
 125.4000000       5.00000e-20       5.00000e-20
 125.5000000       5.00000e-20       5.00000e-20
 125.6000000       5.00000e-20       5.00000e-20
 125.7000000       5.00000e-20       5.00000e-20
 125.8000000       5.00000e-20       5.00000e-20
 125.9000000       5.00000e-20       5.00000e-20
 126.0000000       5.00000e-20       5.00000e-20
 126.1000000       5.00000e-20       5.00000e-20
 126.2000000       5.00000e-20       5.00000e-20
 126.3000000       5.00000e-20       5.00000e-20
 126.4000000       5.00000e-20       5.00000e-20
 126.5000000       5.00000e-20       5.00000e-20
 126.6000000       5.00000e-20       5.00000e-20
 126.7000000       5.00000e-20       5.00000e-20
 126.8000000       5.00000e-20       5.00000e-20
 126.9000000       5.00000e-20       5.00000e-20
 127.0000000       5.00000e-20       5.00000e-20
 127.1000000       5.00000e-20       5.00000e-20
 127.2000000       5.00000e-20       5.00000e-20
 127.3000000       5.00000e-20       5.00000e-20
 127.4000000       5.00000e-20       5.00000e-20
 127.5000000       5.00000e-20       5.00000e-20
 127.6000000       5.00000e-20       5.00000e-20
 127.7000000       5.00000e-20       5.00000e-20
 127.8000000       5.00000e-20       5.00000e-20
 127.9000000       5.00000e-20       5.00000e-20
 128.0000000       5.00000e-20       5.00000e-20
 128.1000000       5.00000e-20       5.00000e-20
 128.2000000       5.00000e-20       5.00000e-20
 128.3000000       5.00000e-20       5.00000e-20
 128.4000000       5.00000e-20       5.00000e-20
 128.5000000       5.00000e-20       5.00000e-20
 128.6000000       5.00000e-20       5.00000e-20
 128.7000000       5.00000e-20       5.00000e-20
 128.8000000       5.00000e-20       5.00000e-20
 128.9000000       5.00000e-20       5.00000e-20
 129.0000000       5.00000e-20       5.00000e-20
 129.1000000       5.00000e-20       5.00000e-20
 129.2000000       5.00000e-20       5.00000e-20
 129.3000000       5.00000e-20       5.00000e-20
 129.4000000       5.00000e-20       5.00000e-20
 129.5000000       5.00000e-20       5.00000e-20
 129.6000000       5.00000e-20       5.00000e-20
 129.7000000       5.00000e-20       5.00000e-20
 129.8000000       5.00000e-20       5.00000e-20
 129.9000000       5.00000e-20       5.00000e-20
 130.0000000       5.00000e-20       5.00000e-20
 130.1000000       5.00000e-20       5.00000e-20
 130.2000000       5.00000e-20       5.00000e-20
 130.3000000       5.00000e-20       5.00000e-20
 130.4000000       5.00000e-20       5.00000e-20
 130.5000000       5.00000e-20       5.00000e-20
 130.6000000       5.00000e-20       5.00000e-20
 130.7000000       5.00000e-20       5.00000e-20
 130.8000000       5.00000e-20       5.00000e-20
 130.9000000       5.00000e-20       5.00000e-20
 131.0000000       5.00000e-20       5.00000e-20
 131.1000000       5.00000e-20       5.00000e-20
 131.2000000       5.00000e-20       5.00000e-20
 131.3000000       5.00000e-20       5.00000e-20
 131.4000000       5.00000e-20       5.00000e-20
 131.5000000       5.00000e-20       5.00000e-20
 131.6000000       5.00000e-20       5.00000e-20
 131.7000000       5.00000e-20       5.00000e-20
 131.8000000       5.00000e-20       5.00000e-20
 131.9000000       5.00000e-20       5.00000e-20
 132.0000000       5.00000e-20       5.00000e-20
 132.1000000       5.00000e-20       5.00000e-20
 132.2000000       5.00000e-20       5.00000e-20
 132.3000000       5.00000e-20       5.00000e-20
 132.4000000       5.00000e-20       5.00000e-20
 132.5000000       5.00000e-20       5.00000e-20
 132.6000000       5.00000e-20       5.00000e-20
 132.7000000       5.00000e-20       5.00000e-20
 132.8000000       5.00000e-20       5.00000e-20
 132.9000000       5.00000e-20       5.00000e-20
 133.0000000       5.00000e-20       5.00000e-20
 133.1000000       5.00000e-20       5.00000e-20
 133.2000000       5.00000e-20       5.00000e-20
 133.3000000       5.00000e-20       5.00000e-20
 133.4000000       5.00000e-20       5.00000e-20
 133.5000000       5.00000e-20       5.00000e-20
 133.6000000       5.00000e-20       5.00000e-20
 133.7000000       5.00000e-20       5.00000e-20
 133.8000000       5.00000e-20       5.00000e-20
 133.9000000       5.00000e-20       5.00000e-20
 134.0000000       5.00000e-20       5.00000e-20
 134.1000000       5.00000e-20       5.00000e-20
 134.2000000       5.00000e-20       5.00000e-20
 134.3000000       5.00000e-20       5.00000e-20
 134.4000000       5.00000e-20       5.00000e-20
 134.5000000       5.00000e-20       5.00000e-20
 134.6000000       5.00000e-20       5.00000e-20
 134.7000000       5.00000e-20       5.00000e-20
 134.8000000       5.00000e-20       5.00000e-20
 134.9000000       5.00000e-20       5.00000e-20
 135.0000000       5.00000e-20       5.00000e-20
 135.1000000       5.00000e-20       5.00000e-20
 135.2000000       5.00000e-20       5.00000e-20
 135.3000000       5.00000e-20       5.00000e-20
 135.4000000       5.00000e-20       5.00000e-20
 135.5000000       5.00000e-20       5.00000e-20
 135.6000000       5.00000e-20       5.00000e-20
 135.7000000       5.00000e-20       5.00000e-20
 135.8000000       5.00000e-20       5.00000e-20
 135.9000000       5.00000e-20       5.00000e-20
 136.0000000       5.00000e-20       5.00000e-20
 136.1000000       5.00000e-20       5.00000e-20
 136.2000000       5.00000e-20       5.00000e-20
 136.3000000       5.00000e-20       5.00000e-20
 136.4000000       5.00000e-20       5.00000e-20
 136.5000000       5.00000e-20       5.00000e-20
 136.6000000       5.00000e-20       5.00000e-20
 136.7000000       5.00000e-20       5.00000e-20
 136.8000000       5.00000e-20       5.00000e-20
 136.9000000       5.00000e-20       5.00000e-20
 137.0000000       5.00000e-20       5.00000e-20
 137.1000000       5.00000e-20       5.00000e-20
 137.2000000       5.00000e-20       5.00000e-20
 137.3000000       5.00000e-20       5.00000e-20
 137.4000000       5.00000e-20       5.00000e-20
 137.5000000       5.00000e-20       5.00000e-20
 137.6000000       5.00000e-20       5.00000e-20
 137.7000000       5.00000e-20       5.00000e-20
 137.8000000       5.00000e-20       5.00000e-20
 137.9000000       5.00000e-20       5.00000e-20
 138.0000000       5.00000e-20       5.00000e-20
 138.1000000       5.00000e-20       5.00000e-20
 138.2000000       5.00000e-20       5.00000e-20
 138.3000000       5.00000e-20       5.00000e-20
 138.4000000       5.00000e-20       5.00000e-20
 138.5000000       5.00000e-20       5.00000e-20
 138.6000000       5.00000e-20       5.00000e-20
 138.7000000       5.00000e-20       5.00000e-20
 138.8000000       5.00000e-20       5.00000e-20
 138.9000000       5.00000e-20       5.00000e-20
 139.0000000       5.00000e-20       5.00000e-20
 139.1000000       5.00000e-20       5.00000e-20
 139.2000000       5.00000e-20       5.00000e-20
 139.3000000       5.00000e-20       5.00000e-20
 139.4000000       5.00000e-20       5.00000e-20
 139.5000000       5.00000e-20       5.00000e-20
 139.6000000       5.03248e-20       5.03248e-20
 139.7000000       8.95896e-20       8.95896e-20
 139.8000000       2.29329e-19       2.29329e-19
 139.9000000       5.78674e-19       5.78674e-19
 140.0000000       1.38223e-18       1.38223e-18
 140.1000000       3.12536e-18       3.12536e-18
 140.2000000       6.68964e-18       6.68964e-18
 140.3000000       1.35548e-17       1.35548e-17
 140.4000000       2.60001e-17       2.60001e-17
 140.5000000       4.72126e-17       4.72126e-17
 140.6000000       8.11605e-17       8.11605e-17
 140.7000000       1.32081e-16       1.32081e-16
 140.8000000       2.03495e-16       2.03495e-16
 140.9000000       2.96815e-16       2.96815e-16
 141.0000000       4.09868e-16       4.09868e-16
 141.1000000       5.35837e-16       5.35837e-16
 141.2000000       6.63218e-16       6.63218e-16
 141.3000000       7.77175e-16       7.77175e-16
 141.4000000       8.62232e-16       8.62232e-16
 141.5000000       9.05682e-16       9.05682e-16
 141.6000000       9.00693e-16       9.00693e-16
 141.7000000       8.48066e-16       8.48066e-16
 141.8000000       7.56027e-16       7.56027e-16
 141.9000000       6.38118e-16       6.38118e-16
 142.0000000       5.09944e-16       5.09944e-16
 142.1000000       3.85835e-16       3.85835e-16
 142.2000000       2.76402e-16       2.76402e-16
 142.3000000       1.87473e-16       1.87473e-16
 142.4000000       1.20391e-16       1.20391e-16
 142.5000000       7.31992e-17       7.31992e-17
 142.6000000       4.21381e-17       4.21381e-17
 142.7000000       2.29666e-17       2.29666e-17
 142.8000000       1.18514e-17       1.18514e-17
 142.9000000       5.79018e-18       5.79018e-18
 143.0000000       2.67830e-18       2.67830e-18
 143.1000000       1.17291e-18       1.17291e-18
 143.2000000       4.86307e-19       4.86307e-19
 143.3000000       1.90936e-19       1.90936e-19
 143.4000000       7.63063e-20       7.63063e-20
 143.5000000       5.00000e-20       5.00000e-20
 143.6000000       5.00000e-20       5.00000e-20
 143.7000000       5.00000e-20       5.00000e-20
 143.8000000       5.00000e-20       5.00000e-20
 143.9000000       5.00000e-20       5.00000e-20
 144.0000000       5.00000e-20       5.00000e-20
 144.1000000       5.00000e-20       5.00000e-20
 144.2000000       5.00000e-20       5.00000e-20
 144.3000000       5.00000e-20       5.00000e-20
 144.4000000       5.00000e-20       5.00000e-20
 144.5000000       5.00000e-20       5.00000e-20
 144.6000000       5.00000e-20       5.00000e-20
 144.7000000       5.00000e-20       5.00000e-20
 144.8000000       5.00000e-20       5.00000e-20
 144.9000000       5.00000e-20       5.00000e-20
 145.0000000       5.00000e-20       5.00000e-20
 145.1000000       5.00000e-20       5.00000e-20
 145.2000000       5.00000e-20       5.00000e-20
 145.3000000       5.00000e-20       5.00000e-20
 145.4000000       5.00000e-20       5.00000e-20
 145.5000000       5.00000e-20       5.00000e-20
 145.6000000       5.00000e-20       5.00000e-20
 145.7000000       5.00000e-20       5.00000e-20
 145.8000000       5.00000e-20       5.00000e-20
 145.9000000       5.00000e-20       5.00000e-20
 146.0000000       5.00000e-20       5.00000e-20
 146.1000000       5.01418e-20       5.01418e-20
 146.2000000       6.72152e-20       6.72152e-20
 146.3000000       1.20030e-19       1.20030e-19
 146.4000000       2.16767e-19       2.16767e-19
 146.5000000       3.70596e-19       3.70596e-19
 146.6000000       5.99817e-19       5.99817e-19
 146.7000000       9.19078e-19       9.19078e-19
 146.8000000       1.33324e-18       1.33324e-18
 146.9000000       1.83100e-18       1.83100e-18
 147.0000000       2.38068e-18       2.38068e-18
 147.1000000       2.93054e-18       2.93054e-18
 147.2000000       3.41534e-18       3.41534e-18
 147.3000000       3.76846e-18       3.76846e-18
 147.4000000       3.93677e-18       3.93677e-18
 147.5000000       3.89374e-18       3.89374e-18
 147.6000000       3.64624e-18       3.64624e-18
 147.7000000       3.23279e-18       3.23279e-18
 147.8000000       2.71373e-18       2.71373e-18
 147.9000000       2.15682e-18       2.15682e-18
 148.0000000       1.62300e-18       1.62300e-18
 148.1000000       1.15634e-18       1.15634e-18
 148.2000000       7.80023e-19       7.80023e-19
 148.3000000       4.98183e-19       4.98183e-19
 148.4000000       3.01250e-19       3.01250e-19
 148.5000000       1.72473e-19       1.72473e-19
 148.6000000       9.35703e-20       9.35703e-20
 148.7000000       5.75286e-20       5.75286e-20
 148.8000000       5.00000e-20       5.00000e-20
 148.9000000       5.00000e-20       5.00000e-20
 149.0000000       5.00000e-20       5.00000e-20
 149.1000000       5.00000e-20       5.00000e-20
 149.2000000       5.00000e-20       5.00000e-20
 149.3000000       5.00000e-20       5.00000e-20
 149.4000000       5.00000e-20       5.00000e-20
 149.5000000       5.00000e-20       5.00000e-20
 149.6000000       5.00000e-20       5.00000e-20
 149.7000000       5.00000e-20       5.00000e-20
 149.8000000       5.00000e-20       5.00000e-20
 149.9000000       5.00000e-20       5.00000e-20
 150.0000000       5.00000e-20       5.00000e-20
 150.1000000       5.00000e-20       5.00000e-20
 150.2000000       5.00000e-20       5.00000e-20
 150.3000000       5.00000e-20       5.00000e-20
 150.4000000       5.00000e-20       5.00000e-20
 150.5000000       5.00000e-20       5.00000e-20
 150.6000000       5.00000e-20       5.00000e-20
 150.7000000       5.00000e-20       5.00000e-20
 150.8000000       5.00000e-20       5.00000e-20
 150.9000000       5.00000e-20       5.00000e-20
 151.0000000       5.00000e-20       5.00000e-20
 151.1000000       5.00000e-20       5.00000e-20
 151.2000000       5.00000e-20       5.00000e-20
 151.3000000       5.00000e-20       5.00000e-20
 151.4000000       5.00000e-20       5.00000e-20
 151.5000000       5.00000e-20       5.00000e-20
 151.6000000       5.00000e-20       5.00000e-20
 151.7000000       5.00000e-20       5.00000e-20
 151.8000000       5.00000e-20       5.00000e-20
 151.9000000       5.00000e-20       5.00000e-20
 152.0000000       5.00000e-20       5.00000e-20
 152.1000000       5.00000e-20       5.00000e-20
 152.2000000       5.00000e-20       5.00000e-20
 152.3000000       5.00000e-20       5.00000e-20
 152.4000000       5.00000e-20       5.00000e-20
 152.5000000       5.00000e-20       5.00000e-20
 152.6000000       5.00000e-20       5.00000e-20
 152.7000000       5.00000e-20       5.00000e-20
 152.8000000       5.00000e-20       5.00000e-20
 152.9000000       5.00000e-20       5.00000e-20
 153.0000000       5.00000e-20       5.00000e-20
 153.1000000       5.00000e-20       5.00000e-20
 153.2000000       5.00000e-20       5.00000e-20
 153.3000000       5.00000e-20       5.00000e-20
 153.4000000       5.00000e-20       5.00000e-20
 153.5000000       5.00000e-20       5.00000e-20
 153.6000000       5.00000e-20       5.00000e-20
 153.7000000       5.00000e-20       5.00000e-20
 153.8000000       5.00000e-20       5.00000e-20
 153.9000000       5.00000e-20       5.00000e-20
 154.0000000       5.00000e-20       5.00000e-20
 154.1000000       5.00000e-20       5.00000e-20
 154.2000000       5.00000e-20       5.00000e-20
 154.3000000       5.00000e-20       5.00000e-20
 154.4000000       5.00000e-20       5.00000e-20
 154.5000000       5.00000e-20       5.00000e-20
 154.6000000       5.00000e-20       5.00000e-20
 154.7000000       5.00000e-20       5.00000e-20
 154.8000000       5.00000e-20       5.00000e-20
 154.9000000       5.00000e-20       5.00000e-20
 155.0000000       5.00000e-20       5.00000e-20
 155.1000000       5.00000e-20       5.00000e-20
 155.2000000       5.00000e-20       5.00000e-20
 155.3000000       5.00298e-20       5.00298e-20
 155.4000000       5.38934e-20       5.38934e-20
 155.5000000       9.77689e-20       9.77689e-20
 155.6000000       2.09270e-19       2.09270e-19
 155.7000000       4.24037e-19       4.24037e-19
 155.8000000       8.13390e-19       8.13390e-19
 155.9000000       1.47707e-18       1.47707e-18
 156.0000000       2.53935e-18       2.53935e-18
 156.1000000       4.13314e-18       4.13314e-18
 156.2000000       6.36938e-18       6.36938e-18
 156.3000000       9.29419e-18       9.29419e-18
 156.4000000       1.28435e-17       1.28435e-17
 156.5000000       1.68118e-17       1.68118e-17
 156.6000000       2.08532e-17       2.08532e-17
 156.7000000       2.45271e-17       2.45271e-17
 156.8000000       2.73857e-17       2.73857e-17
 156.9000000       2.90822e-17       2.90822e-17
 157.0000000       2.94658e-17       2.94658e-17
 157.1000000       2.86290e-17       2.86290e-17
 157.2000000       2.68851e-17       2.68851e-17
 157.3000000       2.46802e-17       2.46802e-17
 157.4000000       2.24679e-17       2.24679e-17
 157.5000000       2.05882e-17       2.05882e-17
 157.6000000       1.91899e-17       1.91899e-17
 157.7000000       1.82197e-17       1.82197e-17
 157.8000000       1.74735e-17       1.74735e-17
 157.9000000       1.66883e-17       1.66883e-17
 158.0000000       1.56383e-17       1.56383e-17
 158.1000000       1.42053e-17       1.42053e-17
 158.2000000       1.24042e-17       1.24042e-17
 158.3000000       1.03677e-17       1.03677e-17
 158.4000000       8.30590e-18       8.30590e-18
 158.5000000       6.46956e-18       6.46956e-18
 158.6000000       5.14354e-18       5.14354e-18
 158.7000000       4.69270e-18       4.69270e-18
 158.8000000       5.67009e-18       5.67009e-18
 158.9000000       8.98229e-18       8.98229e-18
 159.0000000       1.60826e-17       1.60826e-17
 159.1000000       2.91295e-17       2.91295e-17
 159.2000000       5.10088e-17       5.10088e-17
 159.3000000       8.50940e-17       8.50940e-17
 159.4000000       1.34639e-16       1.34639e-16
 159.5000000       2.01788e-16       2.01788e-16
 159.6000000       2.86359e-16       2.86359e-16
 159.7000000       3.84747e-16       3.84747e-16
 159.8000000       4.89417e-16       4.89417e-16
 159.9000000       5.89414e-16       5.89414e-16
 160.0000000       6.72053e-16       6.72053e-16
 160.1000000       7.25490e-16       7.25490e-16
 160.2000000       7.41494e-16       7.41494e-16
 160.3000000       7.17520e-16       7.17520e-16
 160.4000000       6.57376e-16       6.57376e-16
 160.5000000       5.70229e-16       5.70229e-16
 160.6000000       4.68319e-16       4.68319e-16
 160.7000000       3.64160e-16       3.64160e-16
 160.8000000       2.68103e-16       2.68103e-16
 160.9000000       1.86883e-16       1.86883e-16
 161.0000000       1.23338e-16       1.23338e-16
 161.1000000       7.70691e-17       7.70691e-17
 161.2000000       4.55954e-17       4.55954e-17
 161.3000000       2.55398e-17       2.55398e-17
 161.4000000       1.35446e-17       1.35446e-17
 161.5000000       6.80085e-18       6.80085e-18
 161.6000000       3.23302e-18       3.23302e-18
 161.7000000       1.45511e-18       1.45511e-18
 161.8000000       6.20043e-19       6.20043e-19
 161.9000000       2.50140e-19       2.50140e-19
 162.0000000       9.56889e-20       9.56889e-20
 162.1000000       5.26370e-20       5.26370e-20
 162.2000000       5.00000e-20       5.00000e-20
 162.3000000       5.00000e-20       5.00000e-20
 162.4000000       5.00000e-20       5.00000e-20
 162.5000000       5.00000e-20       5.00000e-20
 162.6000000       5.00000e-20       5.00000e-20
 162.7000000       5.00000e-20       5.00000e-20
 162.8000000       5.00000e-20       5.00000e-20
 162.9000000       5.00000e-20       5.00000e-20
 163.0000000       5.00000e-20       5.00000e-20
 163.1000000       5.00000e-20       5.00000e-20
 163.2000000       5.00000e-20       5.00000e-20
 163.3000000       5.00000e-20       5.00000e-20
 163.4000000       5.00000e-20       5.00000e-20
 163.5000000       5.00000e-20       5.00000e-20
 163.6000000       5.00000e-20       5.00000e-20
 163.7000000       5.00000e-20       5.00000e-20
 163.8000000       5.00000e-20       5.00000e-20
 163.9000000       5.00000e-20       5.00000e-20
 164.0000000       5.00000e-20       5.00000e-20
 164.1000000       5.00000e-20       5.00000e-20
 164.2000000       5.00000e-20       5.00000e-20
 164.3000000       5.00000e-20       5.00000e-20
 164.4000000       5.00000e-20       5.00000e-20
 164.5000000       5.00000e-20       5.00000e-20
 164.6000000       5.00000e-20       5.00000e-20
 164.7000000       5.00000e-20       5.00000e-20
 164.8000000       5.00000e-20       5.00000e-20
 164.9000000       5.00000e-20       5.00000e-20
 165.0000000       5.00000e-20       5.00000e-20
 165.1000000       5.00000e-20       5.00000e-20
 165.2000000       5.00000e-20       5.00000e-20
 165.3000000       5.00000e-20       5.00000e-20
 165.4000000       5.00000e-20       5.00000e-20
 165.5000000       5.00000e-20       5.00000e-20
 165.6000000       5.00000e-20       5.00000e-20
 165.7000000       5.00000e-20       5.00000e-20
 165.8000000       5.00000e-20       5.00000e-20
 165.9000000       5.00000e-20       5.00000e-20
 166.0000000       5.00000e-20       5.00000e-20
 166.1000000       5.00000e-20       5.00000e-20
 166.2000000       5.00000e-20       5.00000e-20
 166.3000000       5.00000e-20       5.00000e-20
 166.4000000       5.00000e-20       5.00000e-20
 166.5000000       5.00000e-20       5.00000e-20
 166.6000000       5.00000e-20       5.00000e-20
 166.7000000       5.00000e-20       5.00000e-20
 166.8000000       5.00000e-20       5.00000e-20
 166.9000000       5.00000e-20       5.00000e-20
 167.0000000       5.00000e-20       5.00000e-20
 167.1000000       5.00000e-20       5.00000e-20
 167.2000000       5.00000e-20       5.00000e-20
 167.3000000       6.14994e-20       6.14994e-20
 167.4000000       1.03335e-19       1.03335e-19
 167.5000000       1.79432e-19       1.79432e-19
 167.6000000       2.95112e-19       2.95112e-19
 167.7000000       4.59548e-19       4.59548e-19
 167.8000000       6.77538e-19       6.77538e-19
 167.9000000       9.45791e-19       9.45791e-19
 168.0000000       1.25002e-18       1.25002e-18
 168.1000000       1.56421e-18       1.56421e-18
 168.2000000       1.85324e-18       1.85324e-18
 168.3000000       2.07885e-18       2.07885e-18
 168.4000000       2.20785e-18       2.20785e-18
 168.5000000       2.22008e-18       2.22008e-18
 168.6000000       2.11357e-18       2.11357e-18
 168.7000000       1.90508e-18       1.90508e-18
 168.8000000       1.62574e-18       1.62574e-18
 168.9000000       1.31349e-18       1.31349e-18
 169.0000000       1.00470e-18       1.00470e-18
 169.1000000       7.27578e-19       7.27578e-19
 169.2000000       4.98823e-19       4.98823e-19
 169.3000000       3.23768e-19       3.23768e-19
 169.4000000       1.98947e-19       1.98947e-19
 169.5000000       1.15731e-19       1.15731e-19
 169.6000000       6.37337e-20       6.37337e-20
 169.7000000       3.32266e-20       3.32266e-20
 169.8000000       1.63982e-20       1.63982e-20
 169.9000000       7.66114e-21       7.66114e-21
 170.0000000       3.38822e-21       3.38822e-21
 170.1000000       1.41849e-21       1.41849e-21
 170.2000000       5.62149e-22       5.62149e-22
 170.3000000       2.10883e-22       2.10883e-22
 170.4000000       7.48840e-23       7.48840e-23
 170.5000000       2.51709e-23       2.51709e-23
 170.6000000       8.01054e-24       8.01054e-24
 170.7000000       2.42207e-24       2.42207e-24
 170.8000000       7.31787e-25       7.31787e-25
 170.9000000       3.65318e-25       3.65318e-25
 171.0000000       7.38279e-25       7.38279e-25
 171.1000000       2.52432e-24       2.52432e-24
 171.2000000       8.65457e-24       8.65457e-24
 171.3000000       2.82012e-23       2.82012e-23
 171.4000000       8.70186e-23       8.70186e-23
 171.5000000       2.54201e-22       2.54201e-22
 171.6000000       7.03011e-22       7.03011e-22
 171.7000000       1.84065e-21       1.84065e-21
 171.8000000       4.56258e-21       4.56258e-21
 171.9000000       1.07074e-20       1.07074e-20
 172.0000000       2.37901e-20       2.37901e-20
 172.1000000       5.00440e-20       5.00440e-20
 172.2000000       9.96676e-20       9.96676e-20
 172.3000000       1.87934e-19       1.87934e-19
 172.4000000       3.35514e-19       3.35514e-19
 172.5000000       5.67112e-19       5.67112e-19
 172.6000000       9.07580e-19       9.07580e-19
 172.7000000       1.37518e-18       1.37518e-18
 172.8000000       1.97283e-18       1.97283e-18
 172.9000000       2.67967e-18       2.67967e-18
 173.0000000       3.44612e-18       3.44612e-18
 173.1000000       4.19603e-18       4.19603e-18
 173.2000000       4.83730e-18       4.83730e-18
 173.3000000       5.27987e-18       5.27987e-18
 173.4000000       5.45627e-18       5.45627e-18
 173.5000000       5.33851e-18       5.33851e-18
 173.6000000       4.94530e-18       4.94530e-18
 173.7000000       4.33719e-18       4.33719e-18
 173.8000000       3.60136e-18       3.60136e-18
 173.9000000       2.83114e-18       2.83114e-18
 174.0000000       2.10711e-18       2.10711e-18
 174.1000000       1.48471e-18       1.48471e-18
 174.2000000       9.90424e-19       9.90424e-19
 174.3000000       6.25486e-19       6.25486e-19
 174.4000000       3.73961e-19       3.73961e-19
 174.5000000       2.11662e-19       2.11662e-19
 174.6000000       1.13413e-19       1.13413e-19
 174.7000000       5.75274e-20       5.75274e-20
 174.8000000       2.76236e-20       2.76236e-20
 174.9000000       1.25565e-20       1.25565e-20
 175.0000000       5.40301e-21       5.40301e-21
 175.1000000       2.20078e-21       2.20078e-21
 175.2000000       8.48563e-22       8.48563e-22
 175.3000000       3.09709e-22       3.09709e-22
 175.4000000       1.06999e-22       1.06999e-22
 175.5000000       3.49908e-23       3.49908e-23
 175.6000000       1.08311e-23       1.08311e-23
 175.7000000       3.17347e-24       3.17347e-24
 175.8000000       8.80097e-25       8.80097e-25
 175.9000000       2.31026e-25       2.31026e-25
 176.0000000       5.73975e-26       5.73975e-26
 176.1000000       1.34974e-26       1.34974e-26
 176.2000000       3.00556e-27       3.00556e-27
 176.3000000       6.31089e-28       6.31089e-28
 176.4000000       1.38051e-28       1.38051e-28
 176.5000000       2.36658e-29       2.36658e-29
 176.6000000       0.00000e+00       0.00000e+00
 176.7000000       0.00000e+00       0.00000e+00
 176.8000000       0.00000e+00       0.00000e+00
 176.9000000       0.00000e+00       0.00000e+00
 177.0000000       0.00000e+00       0.00000e+00
 177.1000000       0.00000e+00       0.00000e+00
 177.2000000       0.00000e+00       0.00000e+00
 177.3000000       0.00000e+00       0.00000e+00
 177.4000000       0.00000e+00       0.00000e+00
 177.5000000       0.00000e+00       0.00000e+00
 177.6000000       0.00000e+00       0.00000e+00
 177.7000000       0.00000e+00       0.00000e+00
 177.8000000       0.00000e+00       0.00000e+00
 177.9000000       0.00000e+00       0.00000e+00
 178.0000000       0.00000e+00       0.00000e+00
 178.1000000       0.00000e+00       0.00000e+00
 178.2000000       0.00000e+00       0.00000e+00
 178.3000000       0.00000e+00       0.00000e+00
 178.4000000       0.00000e+00       0.00000e+00
 178.5000000       0.00000e+00       0.00000e+00
 178.6000000       0.00000e+00       0.00000e+00
 178.7000000       0.00000e+00       0.00000e+00
 178.8000000       0.00000e+00       0.00000e+00
 178.9000000       0.00000e+00       0.00000e+00
 179.0000000       0.00000e+00       0.00000e+00
 179.1000000       0.00000e+00       0.00000e+00
 179.2000000       0.00000e+00       0.00000e+00
 179.3000000       0.00000e+00       0.00000e+00
 179.4000000       0.00000e+00       0.00000e+00
 179.5000000       0.00000e+00       0.00000e+00
 179.6000000       0.00000e+00       0.00000e+00
 179.7000000       0.00000e+00       0.00000e+00
 179.8000000       0.00000e+00       0.00000e+00
 179.9000000       0.00000e+00       0.00000e+00
 180.0000000       0.00000e+00       0.00000e+00
 180.1000000       0.00000e+00       0.00000e+00
 180.2000000       0.00000e+00       0.00000e+00
 180.3000000       0.00000e+00       0.00000e+00
 180.4000000       0.00000e+00       0.00000e+00
 180.5000000       0.00000e+00       0.00000e+00
 180.6000000       0.00000e+00       0.00000e+00
 180.7000000       0.00000e+00       0.00000e+00
 180.8000000       0.00000e+00       0.00000e+00
 180.9000000       0.00000e+00       0.00000e+00
 181.0000000       0.00000e+00       0.00000e+00
 181.1000000       0.00000e+00       0.00000e+00
 181.2000000       0.00000e+00       0.00000e+00
 181.3000000       0.00000e+00       0.00000e+00
 181.4000000       0.00000e+00       0.00000e+00
 181.5000000       0.00000e+00       0.00000e+00
 181.6000000       0.00000e+00       0.00000e+00
 181.7000000       0.00000e+00       0.00000e+00
 181.8000000       0.00000e+00       0.00000e+00
 181.9000000       0.00000e+00       0.00000e+00
 182.0000000       0.00000e+00       0.00000e+00
 182.1000000       0.00000e+00       0.00000e+00
 182.2000000       0.00000e+00       0.00000e+00
 182.3000000       0.00000e+00       0.00000e+00
 182.4000000       0.00000e+00       0.00000e+00
 182.5000000       0.00000e+00       0.00000e+00
 182.6000000       0.00000e+00       0.00000e+00
 182.7000000       0.00000e+00       0.00000e+00
 182.8000000       0.00000e+00       0.00000e+00
 182.9000000       0.00000e+00       0.00000e+00
 183.0000000       0.00000e+00       0.00000e+00
 183.1000000       0.00000e+00       0.00000e+00
 183.2000000       0.00000e+00       0.00000e+00
 183.3000000       0.00000e+00       0.00000e+00
 183.4000000       0.00000e+00       0.00000e+00
 183.5000000       0.00000e+00       0.00000e+00
 183.6000000       0.00000e+00       0.00000e+00
 183.7000000       0.00000e+00       0.00000e+00
 183.8000000       0.00000e+00       0.00000e+00
 183.9000000       0.00000e+00       0.00000e+00
 184.0000000       0.00000e+00       0.00000e+00
 184.1000000       0.00000e+00       0.00000e+00
 184.2000000       0.00000e+00       0.00000e+00
 184.3000000       0.00000e+00       0.00000e+00
 184.4000000       0.00000e+00       0.00000e+00
 184.5000000       0.00000e+00       0.00000e+00
 184.6000000       0.00000e+00       0.00000e+00
 184.7000000       0.00000e+00       0.00000e+00
 184.8000000       0.00000e+00       0.00000e+00
 184.9000000       0.00000e+00       0.00000e+00
 185.0000000       0.00000e+00       0.00000e+00
 185.1000000       0.00000e+00       0.00000e+00
 185.2000000       0.00000e+00       0.00000e+00
 185.3000000       0.00000e+00       0.00000e+00
 185.4000000       0.00000e+00       0.00000e+00
 185.5000000       0.00000e+00       0.00000e+00
 185.6000000       0.00000e+00       0.00000e+00
 185.7000000       0.00000e+00       0.00000e+00
 185.8000000       0.00000e+00       0.00000e+00
 185.9000000       0.00000e+00       0.00000e+00
 186.0000000       0.00000e+00       0.00000e+00
 186.1000000       0.00000e+00       0.00000e+00
 186.2000000       0.00000e+00       0.00000e+00
 186.3000000       0.00000e+00       0.00000e+00
 186.4000000       0.00000e+00       0.00000e+00
 186.5000000       0.00000e+00       0.00000e+00
 186.6000000       0.00000e+00       0.00000e+00
 186.7000000       0.00000e+00       0.00000e+00
 186.8000000       0.00000e+00       0.00000e+00
 186.9000000       0.00000e+00       0.00000e+00
 187.0000000       0.00000e+00       0.00000e+00
 187.1000000       0.00000e+00       0.00000e+00
 187.2000000       0.00000e+00       0.00000e+00
 187.3000000       0.00000e+00       0.00000e+00
 187.4000000       0.00000e+00       0.00000e+00
 187.5000000       0.00000e+00       0.00000e+00
 187.6000000       0.00000e+00       0.00000e+00
 187.7000000       0.00000e+00       0.00000e+00
 187.8000000       0.00000e+00       0.00000e+00
 187.9000000       0.00000e+00       0.00000e+00
 188.0000000       0.00000e+00       0.00000e+00
 188.1000000       0.00000e+00       0.00000e+00
 188.2000000       0.00000e+00       0.00000e+00
 188.3000000       0.00000e+00       0.00000e+00
 188.4000000       0.00000e+00       0.00000e+00
 188.5000000       0.00000e+00       0.00000e+00
 188.6000000       0.00000e+00       0.00000e+00
 188.7000000       0.00000e+00       0.00000e+00
 188.8000000       0.00000e+00       0.00000e+00
 188.9000000       0.00000e+00       0.00000e+00
 189.0000000       0.00000e+00       0.00000e+00
 189.1000000       0.00000e+00       0.00000e+00
 189.2000000       0.00000e+00       0.00000e+00
 189.3000000       0.00000e+00       0.00000e+00
 189.4000000       0.00000e+00       0.00000e+00
 189.5000000       0.00000e+00       0.00000e+00
 189.6000000       0.00000e+00       0.00000e+00
 189.7000000       0.00000e+00       0.00000e+00
 189.8000000       0.00000e+00       0.00000e+00
 189.9000000       0.00000e+00       0.00000e+00
 190.0000000       0.00000e+00       0.00000e+00
 190.1000000       0.00000e+00       0.00000e+00
 190.2000000       0.00000e+00       0.00000e+00
 190.3000000       0.00000e+00       0.00000e+00
 190.4000000       0.00000e+00       0.00000e+00
 190.5000000       0.00000e+00       0.00000e+00
 190.6000000       0.00000e+00       0.00000e+00
 190.7000000       0.00000e+00       0.00000e+00
 190.8000000       0.00000e+00       0.00000e+00
 190.9000000       0.00000e+00       0.00000e+00
 191.0000000       0.00000e+00       0.00000e+00
 191.1000000       0.00000e+00       0.00000e+00
 191.2000000       0.00000e+00       0.00000e+00
 191.3000000       0.00000e+00       0.00000e+00
 191.4000000       0.00000e+00       0.00000e+00
 191.5000000       0.00000e+00       0.00000e+00
 191.6000000       0.00000e+00       0.00000e+00
 191.7000000       0.00000e+00       0.00000e+00
 191.8000000       0.00000e+00       0.00000e+00
 191.9000000       0.00000e+00       0.00000e+00
 192.0000000       0.00000e+00       0.00000e+00
 192.1000000       0.00000e+00       0.00000e+00
 192.2000000       0.00000e+00       0.00000e+00
 192.3000000       0.00000e+00       0.00000e+00
 192.4000000       0.00000e+00       0.00000e+00
 192.5000000       0.00000e+00       0.00000e+00
 192.6000000       0.00000e+00       0.00000e+00
 192.7000000       0.00000e+00       0.00000e+00
 192.8000000       0.00000e+00       0.00000e+00
 192.9000000       0.00000e+00       0.00000e+00
 193.0000000       0.00000e+00       0.00000e+00
 193.1000000       0.00000e+00       0.00000e+00
 193.2000000       0.00000e+00       0.00000e+00
 193.3000000       0.00000e+00       0.00000e+00
 193.4000000       0.00000e+00       0.00000e+00
 193.5000000       0.00000e+00       0.00000e+00
 193.6000000       0.00000e+00       0.00000e+00
 193.7000000       0.00000e+00       0.00000e+00
 193.8000000       0.00000e+00       0.00000e+00
 193.9000000       0.00000e+00       0.00000e+00
 194.0000000       0.00000e+00       0.00000e+00
 194.1000000       0.00000e+00       0.00000e+00
 194.2000000       0.00000e+00       0.00000e+00
 194.3000000       0.00000e+00       0.00000e+00
 194.4000000       0.00000e+00       0.00000e+00
 194.5000000       0.00000e+00       0.00000e+00
 194.6000000       0.00000e+00       0.00000e+00
 194.7000000       0.00000e+00       0.00000e+00
 194.8000000       0.00000e+00       0.00000e+00
 194.9000000       0.00000e+00       0.00000e+00
 195.0000000       0.00000e+00       0.00000e+00
 195.1000000       0.00000e+00       0.00000e+00
 195.2000000       0.00000e+00       0.00000e+00
 195.3000000       0.00000e+00       0.00000e+00
 195.4000000       0.00000e+00       0.00000e+00
 195.5000000       0.00000e+00       0.00000e+00
 195.6000000       0.00000e+00       0.00000e+00
 195.7000000       0.00000e+00       0.00000e+00
 195.8000000       0.00000e+00       0.00000e+00
 195.9000000       0.00000e+00       0.00000e+00
 196.0000000       0.00000e+00       0.00000e+00
 196.1000000       0.00000e+00       0.00000e+00
 196.2000000       0.00000e+00       0.00000e+00
 196.3000000       0.00000e+00       0.00000e+00
 196.4000000       0.00000e+00       0.00000e+00
 196.5000000       0.00000e+00       0.00000e+00
 196.6000000       0.00000e+00       0.00000e+00
 196.7000000       0.00000e+00       0.00000e+00
 196.8000000       0.00000e+00       0.00000e+00
 196.9000000       0.00000e+00       0.00000e+00
 197.0000000       0.00000e+00       0.00000e+00
 197.1000000       0.00000e+00       0.00000e+00
 197.2000000       0.00000e+00       0.00000e+00
 197.3000000       0.00000e+00       0.00000e+00
 197.4000000       0.00000e+00       0.00000e+00
 197.5000000       0.00000e+00       0.00000e+00
 197.6000000       0.00000e+00       0.00000e+00
 197.7000000       0.00000e+00       0.00000e+00
 197.8000000       0.00000e+00       0.00000e+00
 197.9000000       0.00000e+00       0.00000e+00
 198.0000000       0.00000e+00       0.00000e+00
 198.1000000       0.00000e+00       0.00000e+00
 198.2000000       0.00000e+00       0.00000e+00
 198.3000000       0.00000e+00       0.00000e+00
 198.4000000       0.00000e+00       0.00000e+00
 198.5000000       0.00000e+00       0.00000e+00
 198.6000000       0.00000e+00       0.00000e+00
 198.7000000       0.00000e+00       0.00000e+00
 198.8000000       0.00000e+00       0.00000e+00
 198.9000000       0.00000e+00       0.00000e+00
 199.0000000       0.00000e+00       0.00000e+00
 199.1000000       0.00000e+00       0.00000e+00
 199.2000000       0.00000e+00       0.00000e+00
 199.3000000       0.00000e+00       0.00000e+00
 199.4000000       0.00000e+00       0.00000e+00
 199.5000000       0.00000e+00       0.00000e+00
 199.6000000       0.00000e+00       0.00000e+00
 199.7000000       0.00000e+00       0.00000e+00
 199.8000000       0.00000e+00       0.00000e+00
 199.9000000       0.00000e+00       0.00000e+00
 200.0000000       0.00000e+00       0.00000e+00
 200.1000000       0.00000e+00       0.00000e+00
 200.2000000       0.00000e+00       0.00000e+00
 200.3000000       0.00000e+00       0.00000e+00
 200.4000000       0.00000e+00       0.00000e+00
 200.5000000       0.00000e+00       0.00000e+00
 200.6000000       0.00000e+00       0.00000e+00
 200.7000000       0.00000e+00       0.00000e+00
 200.8000000       0.00000e+00       0.00000e+00
 200.9000000       0.00000e+00       0.00000e+00
 201.0000000       0.00000e+00       0.00000e+00
 201.1000000       0.00000e+00       0.00000e+00
 201.2000000       0.00000e+00       0.00000e+00
 201.3000000       0.00000e+00       0.00000e+00
 201.4000000       0.00000e+00       0.00000e+00
 201.5000000       0.00000e+00       0.00000e+00
 201.6000000       0.00000e+00       0.00000e+00
 201.7000000       0.00000e+00       0.00000e+00
 201.8000000       0.00000e+00       0.00000e+00
 201.9000000       0.00000e+00       0.00000e+00
 202.0000000       0.00000e+00       0.00000e+00
 202.1000000       0.00000e+00       0.00000e+00
 202.2000000       0.00000e+00       0.00000e+00
 202.3000000       0.00000e+00       0.00000e+00
 202.4000000       0.00000e+00       0.00000e+00
 202.5000000       0.00000e+00       0.00000e+00
 202.6000000       0.00000e+00       0.00000e+00
 202.7000000       0.00000e+00       0.00000e+00
 202.8000000       0.00000e+00       0.00000e+00
 202.9000000       0.00000e+00       0.00000e+00
 203.0000000       0.00000e+00       0.00000e+00
 203.1000000       0.00000e+00       0.00000e+00
 203.2000000       0.00000e+00       0.00000e+00
 203.3000000       0.00000e+00       0.00000e+00
 203.4000000       0.00000e+00       0.00000e+00
 203.5000000       0.00000e+00       0.00000e+00
 203.6000000       0.00000e+00       0.00000e+00
 203.7000000       0.00000e+00       0.00000e+00
 203.8000000       0.00000e+00       0.00000e+00
 203.9000000       0.00000e+00       0.00000e+00
 204.0000000       0.00000e+00       0.00000e+00
 204.1000000       0.00000e+00       0.00000e+00
 204.2000000       0.00000e+00       0.00000e+00
 204.3000000       0.00000e+00       0.00000e+00
 204.4000000       0.00000e+00       0.00000e+00
 204.5000000       0.00000e+00       0.00000e+00
 204.6000000       0.00000e+00       0.00000e+00
 204.7000000       0.00000e+00       0.00000e+00
 204.8000000       0.00000e+00       0.00000e+00
 204.9000000       0.00000e+00       0.00000e+00
 205.0000000       0.00000e+00       0.00000e+00
 205.1000000       0.00000e+00       0.00000e+00
 205.2000000       0.00000e+00       0.00000e+00
 205.3000000       0.00000e+00       0.00000e+00
 205.4000000       0.00000e+00       0.00000e+00
 205.5000000       0.00000e+00       0.00000e+00
 205.6000000       0.00000e+00       0.00000e+00
 205.7000000       0.00000e+00       0.00000e+00
 205.8000000       0.00000e+00       0.00000e+00
 205.9000000       0.00000e+00       0.00000e+00
 206.0000000       0.00000e+00       0.00000e+00
 206.1000000       0.00000e+00       0.00000e+00
 206.2000000       0.00000e+00       0.00000e+00
 206.3000000       0.00000e+00       0.00000e+00
 206.4000000       0.00000e+00       0.00000e+00
 206.5000000       0.00000e+00       0.00000e+00
 206.6000000       0.00000e+00       0.00000e+00
 206.7000000       0.00000e+00       0.00000e+00
 206.8000000       0.00000e+00       0.00000e+00
 206.9000000       0.00000e+00       0.00000e+00
 207.0000000       0.00000e+00       0.00000e+00
 207.1000000       0.00000e+00       0.00000e+00
 207.2000000       0.00000e+00       0.00000e+00
 207.3000000       0.00000e+00       0.00000e+00
 207.4000000       0.00000e+00       0.00000e+00
 207.5000000       0.00000e+00       0.00000e+00
 207.6000000       0.00000e+00       0.00000e+00
 207.7000000       0.00000e+00       0.00000e+00
 207.8000000       0.00000e+00       0.00000e+00
 207.9000000       0.00000e+00       0.00000e+00
 208.0000000       0.00000e+00       0.00000e+00
 208.1000000       0.00000e+00       0.00000e+00
 208.2000000       0.00000e+00       0.00000e+00
 208.3000000       0.00000e+00       0.00000e+00
 208.4000000       0.00000e+00       0.00000e+00
 208.5000000       0.00000e+00       0.00000e+00
 208.6000000       0.00000e+00       0.00000e+00
 208.7000000       0.00000e+00       0.00000e+00
 208.8000000       0.00000e+00       0.00000e+00
 208.9000000       0.00000e+00       0.00000e+00
 209.0000000       0.00000e+00       0.00000e+00
 209.1000000       0.00000e+00       0.00000e+00
 209.2000000       0.00000e+00       0.00000e+00
 209.3000000       0.00000e+00       0.00000e+00
 209.4000000       0.00000e+00       0.00000e+00
 209.5000000       0.00000e+00       0.00000e+00
 209.6000000       0.00000e+00       0.00000e+00
 209.7000000       0.00000e+00       0.00000e+00
 209.8000000       0.00000e+00       0.00000e+00
 209.9000000       0.00000e+00       0.00000e+00
 210.0000000       0.00000e+00       0.00000e+00
 210.1000000       0.00000e+00       0.00000e+00
 210.2000000       0.00000e+00       0.00000e+00
 210.3000000       0.00000e+00       0.00000e+00
 210.4000000       0.00000e+00       0.00000e+00
 210.5000000       0.00000e+00       0.00000e+00
 210.6000000       0.00000e+00       0.00000e+00
 210.7000000       0.00000e+00       0.00000e+00
 210.8000000       0.00000e+00       0.00000e+00
 210.9000000       0.00000e+00       0.00000e+00
 211.0000000       0.00000e+00       0.00000e+00
 211.1000000       0.00000e+00       0.00000e+00
 211.2000000       0.00000e+00       0.00000e+00
 211.3000000       0.00000e+00       0.00000e+00
 211.4000000       0.00000e+00       0.00000e+00
 211.5000000       0.00000e+00       0.00000e+00
 211.6000000       0.00000e+00       0.00000e+00
 211.7000000       0.00000e+00       0.00000e+00
 211.8000000       0.00000e+00       0.00000e+00
 211.9000000       0.00000e+00       0.00000e+00
 212.0000000       0.00000e+00       0.00000e+00
 212.1000000       0.00000e+00       0.00000e+00
 212.2000000       0.00000e+00       0.00000e+00
 212.3000000       0.00000e+00       0.00000e+00
 212.4000000       0.00000e+00       0.00000e+00
 212.5000000       0.00000e+00       0.00000e+00
 212.6000000       0.00000e+00       0.00000e+00
 212.7000000       0.00000e+00       0.00000e+00
 212.8000000       0.00000e+00       0.00000e+00
 212.9000000       0.00000e+00       0.00000e+00
 213.0000000       0.00000e+00       0.00000e+00
 213.1000000       0.00000e+00       0.00000e+00
 213.2000000       0.00000e+00       0.00000e+00
 213.3000000       0.00000e+00       0.00000e+00
 213.4000000       0.00000e+00       0.00000e+00
 213.5000000       0.00000e+00       0.00000e+00
 213.6000000       0.00000e+00       0.00000e+00
 213.7000000       0.00000e+00       0.00000e+00
 213.8000000       0.00000e+00       0.00000e+00
 213.9000000       0.00000e+00       0.00000e+00
 214.0000000       0.00000e+00       0.00000e+00
 214.1000000       0.00000e+00       0.00000e+00
 214.2000000       0.00000e+00       0.00000e+00
 214.3000000       0.00000e+00       0.00000e+00
 214.4000000       0.00000e+00       0.00000e+00
 214.5000000       0.00000e+00       0.00000e+00
 214.6000000       0.00000e+00       0.00000e+00
 214.7000000       0.00000e+00       0.00000e+00
 214.8000000       0.00000e+00       0.00000e+00
 214.9000000       0.00000e+00       0.00000e+00
 215.0000000       0.00000e+00       0.00000e+00
 215.1000000       0.00000e+00       0.00000e+00
 215.2000000       0.00000e+00       0.00000e+00
 215.3000000       0.00000e+00       0.00000e+00
 215.4000000       0.00000e+00       0.00000e+00
 215.5000000       0.00000e+00       0.00000e+00
 215.6000000       0.00000e+00       0.00000e+00
 215.7000000       0.00000e+00       0.00000e+00
 215.8000000       0.00000e+00       0.00000e+00
 215.9000000       0.00000e+00       0.00000e+00
 216.0000000       0.00000e+00       0.00000e+00
 216.1000000       0.00000e+00       0.00000e+00
 216.2000000       0.00000e+00       0.00000e+00
 216.3000000       0.00000e+00       0.00000e+00
 216.4000000       0.00000e+00       0.00000e+00
 216.5000000       0.00000e+00       0.00000e+00
 216.6000000       0.00000e+00       0.00000e+00
 216.7000000       0.00000e+00       0.00000e+00
 216.8000000       0.00000e+00       0.00000e+00
 216.9000000       0.00000e+00       0.00000e+00
 217.0000000       0.00000e+00       0.00000e+00
 217.1000000       0.00000e+00       0.00000e+00
 217.2000000       0.00000e+00       0.00000e+00
 217.3000000       0.00000e+00       0.00000e+00
 217.4000000       0.00000e+00       0.00000e+00
 217.5000000       0.00000e+00       0.00000e+00
 217.6000000       0.00000e+00       0.00000e+00
 217.7000000       0.00000e+00       0.00000e+00
 217.8000000       0.00000e+00       0.00000e+00
 217.9000000       0.00000e+00       0.00000e+00
 218.0000000       0.00000e+00       0.00000e+00
 218.1000000       0.00000e+00       0.00000e+00
 218.2000000       0.00000e+00       0.00000e+00
 218.3000000       0.00000e+00       0.00000e+00
 218.4000000       0.00000e+00       0.00000e+00
 218.5000000       0.00000e+00       0.00000e+00
 218.6000000       0.00000e+00       0.00000e+00
 218.7000000       0.00000e+00       0.00000e+00
 218.8000000       0.00000e+00       0.00000e+00
 218.9000000       0.00000e+00       0.00000e+00
 219.0000000       0.00000e+00       0.00000e+00
 219.1000000       0.00000e+00       0.00000e+00
 219.2000000       0.00000e+00       0.00000e+00
 219.3000000       0.00000e+00       0.00000e+00
 219.4000000       0.00000e+00       0.00000e+00
 219.5000000       0.00000e+00       0.00000e+00
 219.6000000       0.00000e+00       0.00000e+00
 219.7000000       0.00000e+00       0.00000e+00
 219.8000000       0.00000e+00       0.00000e+00
 219.9000000       0.00000e+00       0.00000e+00
 220.0000000       0.00000e+00       0.00000e+00
 220.1000000       0.00000e+00       0.00000e+00
 220.2000000       0.00000e+00       0.00000e+00
 220.3000000       0.00000e+00       0.00000e+00
 220.4000000       0.00000e+00       0.00000e+00
 220.5000000       0.00000e+00       0.00000e+00
 220.6000000       0.00000e+00       0.00000e+00
 220.7000000       0.00000e+00       0.00000e+00
 220.8000000       0.00000e+00       0.00000e+00
 220.9000000       0.00000e+00       0.00000e+00
 221.0000000       0.00000e+00       0.00000e+00
 221.1000000       0.00000e+00       0.00000e+00
 221.2000000       0.00000e+00       0.00000e+00
 221.3000000       0.00000e+00       0.00000e+00
 221.4000000       0.00000e+00       0.00000e+00
 221.5000000       0.00000e+00       0.00000e+00
 221.6000000       0.00000e+00       0.00000e+00
 221.7000000       0.00000e+00       0.00000e+00
 221.8000000       0.00000e+00       0.00000e+00
 221.9000000       0.00000e+00       0.00000e+00
 222.0000000       0.00000e+00       0.00000e+00
 222.1000000       0.00000e+00       0.00000e+00
 222.2000000       0.00000e+00       0.00000e+00
 222.3000000       0.00000e+00       0.00000e+00
 222.4000000       0.00000e+00       0.00000e+00
 222.5000000       0.00000e+00       0.00000e+00
 222.6000000       0.00000e+00       0.00000e+00
 222.7000000       0.00000e+00       0.00000e+00
 222.8000000       0.00000e+00       0.00000e+00
 222.9000000       0.00000e+00       0.00000e+00
 223.0000000       0.00000e+00       0.00000e+00
 223.1000000       0.00000e+00       0.00000e+00
 223.2000000       0.00000e+00       0.00000e+00
 223.3000000       0.00000e+00       0.00000e+00
 223.4000000       0.00000e+00       0.00000e+00
 223.5000000       0.00000e+00       0.00000e+00
 223.6000000       0.00000e+00       0.00000e+00
 223.7000000       0.00000e+00       0.00000e+00
 223.8000000       0.00000e+00       0.00000e+00
 223.9000000       0.00000e+00       0.00000e+00
 224.0000000       0.00000e+00       0.00000e+00
 224.1000000       0.00000e+00       0.00000e+00
 224.2000000       0.00000e+00       0.00000e+00
 224.3000000       0.00000e+00       0.00000e+00
 224.4000000       0.00000e+00       0.00000e+00
 224.5000000       0.00000e+00       0.00000e+00
 224.6000000       0.00000e+00       0.00000e+00
 224.7000000       0.00000e+00       0.00000e+00
 224.8000000       0.00000e+00       0.00000e+00
 224.9000000       0.00000e+00       0.00000e+00
 225.0000000       0.00000e+00       0.00000e+00
 225.1000000       0.00000e+00       0.00000e+00
 225.2000000       0.00000e+00       0.00000e+00
 225.3000000       0.00000e+00       0.00000e+00
 225.4000000       0.00000e+00       0.00000e+00
 225.5000000       0.00000e+00       0.00000e+00
 225.6000000       0.00000e+00       0.00000e+00
 225.7000000       0.00000e+00       0.00000e+00
 225.8000000       0.00000e+00       0.00000e+00
 225.9000000       0.00000e+00       0.00000e+00
 226.0000000       0.00000e+00       0.00000e+00
 226.1000000       0.00000e+00       0.00000e+00
 226.2000000       0.00000e+00       0.00000e+00
 226.3000000       0.00000e+00       0.00000e+00
 226.4000000       0.00000e+00       0.00000e+00
 226.5000000       0.00000e+00       0.00000e+00
 226.6000000       0.00000e+00       0.00000e+00
 226.7000000       0.00000e+00       0.00000e+00
 226.8000000       0.00000e+00       0.00000e+00
 226.9000000       0.00000e+00       0.00000e+00
 227.0000000       0.00000e+00       0.00000e+00
 227.1000000       0.00000e+00       0.00000e+00
 227.2000000       0.00000e+00       0.00000e+00
 227.3000000       0.00000e+00       0.00000e+00
 227.4000000       0.00000e+00       0.00000e+00
 227.5000000       0.00000e+00       0.00000e+00
 227.6000000       0.00000e+00       0.00000e+00
 227.7000000       0.00000e+00       0.00000e+00
 227.8000000       0.00000e+00       0.00000e+00
 227.9000000       0.00000e+00       0.00000e+00
 228.0000000       0.00000e+00       0.00000e+00
 228.1000000       0.00000e+00       0.00000e+00
 228.2000000       0.00000e+00       0.00000e+00
 228.3000000       0.00000e+00       0.00000e+00
 228.4000000       0.00000e+00       0.00000e+00
 228.5000000       0.00000e+00       0.00000e+00
 228.6000000       0.00000e+00       0.00000e+00
 228.7000000       0.00000e+00       0.00000e+00
 228.8000000       0.00000e+00       0.00000e+00
 228.9000000       0.00000e+00       0.00000e+00
 229.0000000       0.00000e+00       0.00000e+00
 229.1000000       0.00000e+00       0.00000e+00
 229.2000000       0.00000e+00       0.00000e+00
 229.3000000       0.00000e+00       0.00000e+00
 229.4000000       0.00000e+00       0.00000e+00
 229.5000000       0.00000e+00       0.00000e+00
 229.6000000       0.00000e+00       0.00000e+00
 229.7000000       0.00000e+00       0.00000e+00
 229.8000000       0.00000e+00       0.00000e+00
 229.9000000       0.00000e+00       0.00000e+00
 230.0000000       0.00000e+00       0.00000e+00
 230.1000000       0.00000e+00       0.00000e+00
 230.2000000       0.00000e+00       0.00000e+00
 230.3000000       0.00000e+00       0.00000e+00
 230.4000000       3.94430e-30       3.94430e-30
 230.5000000       3.94430e-29       3.94430e-29
 230.6000000       1.89327e-28       1.89327e-28
 230.7000000       8.87469e-28       8.87469e-28
 230.8000000       3.95614e-27       3.95614e-27
 230.9000000       1.67317e-26       1.67317e-26
 231.0000000       6.70295e-26       6.70295e-26
 231.1000000       2.54222e-25       2.54222e-25
 231.2000000       9.13004e-25       9.13004e-25
 231.3000000       3.10469e-24       3.10469e-24
 231.4000000       9.99657e-24       9.99657e-24
 231.5000000       3.04770e-23       3.04770e-23
 231.6000000       8.79796e-23       8.79796e-23
 231.7000000       2.40480e-22       2.40480e-22
 231.8000000       6.22390e-22       6.22390e-22
 231.9000000       1.52522e-21       1.52522e-21
 232.0000000       3.53902e-21       3.53902e-21
 232.1000000       7.77530e-21       7.77530e-21
 232.2000000       1.61745e-20       1.61745e-20
 232.3000000       3.18583e-20       3.18583e-20
 232.4000000       5.94139e-20       5.94139e-20
 232.5000000       1.04912e-19       1.04912e-19
 232.6000000       1.75402e-19       1.75402e-19
 232.7000000       2.77658e-19       2.77658e-19
 232.8000000       4.16151e-19       4.16151e-19
 232.9000000       5.90545e-19       5.90545e-19
 233.0000000       7.93439e-19       7.93439e-19
 233.1000000       1.00932e-18       1.00932e-18
 233.2000000       1.21563e-18       1.21563e-18
 233.3000000       1.38619e-18       1.38619e-18
 233.4000000       1.49656e-18       1.49656e-18
 233.5000000       1.52972e-18       1.52972e-18
 233.6000000       1.48039e-18       1.48039e-18
 233.7000000       1.35638e-18       1.35638e-18
 233.8000000       1.17660e-18       1.17660e-18
 233.9000000       9.66314e-19       9.66314e-19
 234.0000000       7.51356e-19       7.51356e-19
 234.1000000       5.53111e-19       5.53111e-19
 234.2000000       3.85493e-19       3.85493e-19
 234.3000000       2.54366e-19       2.54366e-19
 234.4000000       1.58905e-19       1.58905e-19
 234.5000000       9.39847e-20       9.39847e-20
 234.6000000       5.26277e-20       5.26277e-20
 234.7000000       2.79005e-20       2.79005e-20
 234.8000000       1.40039e-20       1.40039e-20
 234.9000000       6.65471e-21       6.65471e-21
 235.0000000       2.99401e-21       2.99401e-21
 235.1000000       1.27533e-21       1.27533e-21
 235.2000000       5.14327e-22       5.14327e-22
 235.3000000       1.96384e-22       1.96384e-22
 235.4000000       7.09947e-23       7.09947e-23
 235.5000000       2.42996e-23       2.42996e-23
 235.6000000       7.87465e-24       7.87465e-24
 235.7000000       2.41614e-24       2.41614e-24
 235.8000000       7.01901e-25       7.01901e-25
 235.9000000       1.93062e-25       1.93062e-25
 236.0000000       5.02780e-26       5.02780e-26
 236.1000000       1.23969e-26       1.23969e-26
 236.2000000       2.89512e-27       2.89512e-27
 236.3000000       6.38977e-28       6.38977e-28
 236.4000000       1.41995e-28       1.41995e-28
 236.5000000       5.12760e-29       5.12760e-29
 236.6000000       3.94430e-30       3.94430e-30
 236.7000000       0.00000e+00       0.00000e+00
 236.8000000       0.00000e+00       0.00000e+00
 236.9000000       0.00000e+00       0.00000e+00
 237.0000000       0.00000e+00       0.00000e+00
 237.1000000       0.00000e+00       0.00000e+00
 237.2000000       0.00000e+00       0.00000e+00
 237.3000000       0.00000e+00       0.00000e+00
 237.4000000       0.00000e+00       0.00000e+00
 237.5000000       0.00000e+00       0.00000e+00
 237.6000000       0.00000e+00       0.00000e+00
 237.7000000       0.00000e+00       0.00000e+00
 237.8000000       0.00000e+00       0.00000e+00
 237.9000000       0.00000e+00       0.00000e+00
 238.0000000       0.00000e+00       0.00000e+00
 238.1000000       0.00000e+00       0.00000e+00
 238.2000000       0.00000e+00       0.00000e+00
 238.3000000       0.00000e+00       0.00000e+00
 238.4000000       0.00000e+00       0.00000e+00
 238.5000000       0.00000e+00       0.00000e+00
 238.6000000       0.00000e+00       0.00000e+00
 238.7000000       0.00000e+00       0.00000e+00
 238.8000000       0.00000e+00       0.00000e+00
 238.9000000       0.00000e+00       0.00000e+00
 239.0000000       0.00000e+00       0.00000e+00
 239.1000000       0.00000e+00       0.00000e+00
 239.2000000       0.00000e+00       0.00000e+00
 239.3000000       0.00000e+00       0.00000e+00
 239.4000000       0.00000e+00       0.00000e+00
 239.5000000       0.00000e+00       0.00000e+00
 239.6000000       0.00000e+00       0.00000e+00
 239.7000000       0.00000e+00       0.00000e+00
 239.8000000       0.00000e+00       0.00000e+00
 239.9000000       7.88861e-30       7.88861e-30
 240.0000000       2.76101e-29       2.76101e-29
 240.1000000       1.22273e-28       1.22273e-28
 240.2000000       4.61484e-28       4.61484e-28
 240.3000000       1.70394e-27       1.70394e-27
 240.4000000       5.94801e-27       5.94801e-27
 240.5000000       1.96347e-26       1.96347e-26
 240.6000000       6.13655e-26       6.13655e-26
 240.7000000       1.81521e-25       1.81521e-25
 240.8000000       5.08303e-25       5.08303e-25
 240.9000000       1.34741e-24       1.34741e-24
 241.0000000       3.38111e-24       3.38111e-24
 241.1000000       8.03162e-24       8.03162e-24
 241.2000000       1.80608e-23       1.80608e-23
 241.3000000       3.84468e-23       3.84468e-23
 241.4000000       7.74783e-23       7.74783e-23
 241.5000000       1.47808e-22       1.47808e-22
 241.6000000       2.66943e-22       2.66943e-22
 241.7000000       4.56399e-22       4.56399e-22
 241.8000000       7.38723e-22       7.38723e-22
 241.9000000       1.13196e-21       1.13196e-21
 242.0000000       1.64211e-21       1.64211e-21
 242.1000000       2.25525e-21       2.25525e-21
 242.2000000       2.93234e-21       2.93234e-21
 242.3000000       3.60966e-21       3.60966e-21
 242.4000000       4.20681e-21       4.20681e-21
 242.5000000       4.64172e-21       4.64172e-21
 242.6000000       4.84896e-21       4.84896e-21
 242.7000000       4.79586e-21       4.79586e-21
 242.8000000       4.49092e-21       4.49092e-21
 242.9000000       3.98161e-21       3.98161e-21
 243.0000000       3.34225e-21       3.34225e-21
 243.1000000       2.65632e-21       2.65632e-21
 243.2000000       1.99888e-21       1.99888e-21
 243.3000000       1.42415e-21       1.42415e-21
 243.4000000       9.60715e-22       9.60715e-22
 243.5000000       6.13623e-22       6.13623e-22
 243.6000000       3.71089e-22       3.71089e-22
 243.7000000       2.12484e-22       2.12484e-22
 243.8000000       1.15198e-22       1.15198e-22
 243.9000000       5.91337e-23       5.91337e-23
 244.0000000       2.87406e-23       2.87406e-23
 244.1000000       1.32259e-23       1.32259e-23
 244.2000000       5.76264e-24       5.76264e-24
 244.3000000       2.37730e-24       2.37730e-24
 244.4000000       9.28560e-25       9.28560e-25
 244.5000000       3.43395e-25       3.43395e-25
 244.6000000       1.20238e-25       1.20238e-25
 244.7000000       3.98572e-26       3.98572e-26
 244.8000000       1.25113e-26       1.25113e-26
 244.9000000       3.71553e-27       3.71553e-27
 245.0000000       1.04919e-27       1.04919e-27
 245.1000000       2.80046e-28       2.80046e-28
 245.2000000       7.09975e-29       7.09975e-29
 245.3000000       1.57772e-29       1.57772e-29
 245.4000000       3.94430e-30       3.94430e-30
 245.5000000       0.00000e+00       0.00000e+00
 245.6000000       0.00000e+00       0.00000e+00
 245.7000000       0.00000e+00       0.00000e+00
