# Mg photoionisation cross section
# Alan Heays 2016-02-03
# Reference: yih1998, mendoza1996, TOPbase_database
# photoionisation: Photoionisation cross section (cm2)
# Mg+: Mg + hnu -> Mg+ + e- cross section (cm2)
# 
# wavelength   photoabsorption   photoionisation
   8.1000000       3.09309e-21       3.09309e-21
   8.2000000       3.17937e-21       3.17937e-21
   8.3000000       3.29694e-21       3.29694e-21
   8.4000000       3.41746e-21       3.41746e-21
   8.5000000       3.54154e-21       3.54154e-21
   8.6000000       3.66768e-21       3.66768e-21
   8.7000000       3.79733e-21       3.79733e-21
   8.8000000       3.92933e-21       3.92933e-21
   8.9000000       4.06449e-21       4.06449e-21
   9.0000000       4.20336e-21       4.20336e-21
   9.1000000       4.34490e-21       4.34490e-21
   9.2000000       4.49019e-21       4.49019e-21
   9.3000000       4.63743e-21       4.63743e-21
   9.4000000       4.78932e-21       4.78932e-21
   9.5000000       4.94319e-21       4.94319e-21
   9.6000000       5.10181e-21       5.10181e-21
   9.7000000       5.26236e-21       5.26236e-21
   9.8000000       5.42742e-21       5.42742e-21
   9.9000000       5.59457e-21       5.59457e-21
  10.0000000       5.76664e-21       5.76664e-21
  10.1000000       5.94073e-21       5.94073e-21
  10.2000000       6.11958e-21       6.11958e-21
  10.3000000       6.30039e-21       6.30039e-21
  10.4000000       6.48640e-21       6.48640e-21
  10.5000000       6.67418e-21       6.67418e-21
  10.6000000       6.86764e-21       6.86764e-21
  10.7000000       7.06268e-21       7.06268e-21
  10.8000000       7.26390e-21       7.26390e-21
  10.9000000       7.46664e-21       7.46664e-21
  11.0000000       7.67508e-21       7.67508e-21
  11.1000000       7.88540e-21       7.88540e-21
  11.2000000       8.10112e-21       8.10112e-21
  11.3000000       8.32035e-21       8.32035e-21
  11.4000000       8.54276e-21       8.54276e-21
  11.5000000       8.77041e-21       8.77041e-21
  11.6000000       8.99963e-21       8.99963e-21
  11.7000000       9.23566e-21       9.23566e-21
  11.8000000       9.47280e-21       9.47280e-21
  11.9000000       9.71679e-21       9.71679e-21
  12.0000000       9.96378e-21       9.96378e-21
  12.1000000       1.02143e-20       1.02143e-20
  12.2000000       1.04713e-20       1.04713e-20
  12.3000000       1.07291e-20       1.07291e-20
  12.4000000       1.09932e-20       1.09932e-20
  12.5000000       1.12589e-20       1.12589e-20
  12.6000000       1.15299e-20       1.15299e-20
  12.7000000       1.18082e-20       1.18082e-20
  12.8000000       1.20875e-20       1.20875e-20
  12.9000000       1.23756e-20       1.23756e-20
  13.0000000       1.26661e-20       1.26661e-20
  13.1000000       1.29602e-20       1.29602e-20
  13.2000000       1.32619e-20       1.32619e-20
  13.3000000       1.35640e-20       1.35640e-20
  13.4000000       1.38729e-20       1.38729e-20
  13.5000000       1.41858e-20       1.41858e-20
  13.6000000       1.45002e-20       1.45002e-20
  13.7000000       1.48255e-20       1.48255e-20
  13.8000000       1.51530e-20       1.51530e-20
  13.9000000       1.54839e-20       1.54839e-20
  14.0000000       1.58246e-20       1.58246e-20
  14.1000000       1.61659e-20       1.61659e-20
  14.2000000       1.65125e-20       1.65125e-20
  14.3000000       1.68669e-20       1.68669e-20
  14.4000000       1.72215e-20       1.72215e-20
  14.5000000       1.75826e-20       1.75826e-20
  14.6000000       1.79495e-20       1.79495e-20
  14.7000000       1.83164e-20       1.83164e-20
  14.8000000       1.86930e-20       1.86930e-20
  14.9000000       1.90757e-20       1.90757e-20
  15.0000000       1.94585e-20       1.94585e-20
  15.1000000       1.98506e-20       1.98506e-20
  15.2000000       2.02482e-20       2.02482e-20
  15.3000000       2.06459e-20       2.06459e-20
  15.4000000       2.10543e-20       2.10543e-20
  15.5000000       2.14696e-20       2.14696e-20
  15.6000000       2.18850e-20       2.18850e-20
  15.7000000       2.23091e-20       2.23091e-20
  15.8000000       2.27416e-20       2.27416e-20
  15.9000000       2.31740e-20       2.31740e-20
  16.0000000       2.36136e-20       2.36136e-20
  16.1000000       2.40655e-20       2.40655e-20
  16.2000000       2.45176e-20       2.45176e-20
  16.3000000       2.49727e-20       2.49727e-20
  16.4000000       2.54391e-20       2.54391e-20
  16.5000000       2.59065e-20       2.59065e-20
  16.6000000       2.63750e-20       2.63750e-20
  16.7000000       2.68563e-20       2.68563e-20
  16.8000000       2.73415e-20       2.73415e-20
  16.9000000       2.78268e-20       2.78268e-20
  17.0000000       2.83233e-20       2.83233e-20
  17.1000000       2.88322e-20       2.88322e-20
  17.2000000       2.93411e-20       2.93411e-20
  17.3000000       2.98529e-20       2.98529e-20
  17.4000000       3.03791e-20       3.03791e-20
  17.5000000       3.09073e-20       3.09073e-20
  17.6000000       3.14355e-20       3.14355e-20
  17.7000000       3.19757e-20       3.19757e-20
  17.8000000       3.25255e-20       3.25255e-20
  17.9000000       3.30752e-20       3.30752e-20
  18.0000000       3.36275e-20       3.36275e-20
  18.1000000       3.41951e-20       3.41951e-20
  18.2000000       3.47653e-20       3.47653e-20
  18.3000000       3.53355e-20       3.53355e-20
  18.4000000       3.59151e-20       3.59151e-20
  18.5000000       3.65105e-20       3.65105e-20
  18.6000000       3.71062e-20       3.71062e-20
  18.7000000       3.77021e-20       3.77021e-20
  18.8000000       3.83133e-20       3.83133e-20
  18.9000000       3.89333e-20       3.89333e-20
  19.0000000       3.95533e-20       3.95533e-20
  19.1000000       4.01748e-20       4.01748e-20
  19.2000000       4.08133e-20       4.08133e-20
  19.3000000       4.14565e-20       4.14565e-20
  19.4000000       4.20997e-20       4.20997e-20
  19.5000000       4.27464e-20       4.27464e-20
  19.6000000       4.34139e-20       4.34139e-20
  19.7000000       4.40848e-20       4.40848e-20
  19.8000000       4.47558e-20       4.47558e-20
  19.9000000       4.54313e-20       4.54313e-20
  20.0000000       4.61287e-20       4.61287e-20
  20.1000000       4.68288e-20       4.68288e-20
  20.2000000       4.75289e-20       4.75289e-20
  20.3000000       4.82327e-20       4.82327e-20
  20.4000000       4.89553e-20       4.89553e-20
  20.5000000       4.96804e-20       4.96804e-20
  20.6000000       5.04056e-20       5.04056e-20
  20.7000000       5.11339e-20       5.11339e-20
  20.8000000       5.18861e-20       5.18861e-20
  20.9000000       5.26432e-20       5.26432e-20
  21.0000000       5.34002e-20       5.34002e-20
  21.1000000       5.41584e-20       5.41584e-20
  21.2000000       5.49376e-20       5.49376e-20
  21.3000000       5.57252e-20       5.57252e-20
  21.4000000       5.65127e-20       5.65127e-20
  21.5000000       5.73003e-20       5.73003e-20
  21.6000000       5.81034e-20       5.81034e-20
  21.7000000       5.89225e-20       5.89225e-20
  21.8000000       5.97416e-20       5.97416e-20
  21.9000000       6.05607e-20       6.05607e-20
  22.0000000       6.13870e-20       6.13870e-20
  22.1000000       6.22388e-20       6.22388e-20
  22.2000000       6.30928e-20       6.30928e-20
  22.3000000       6.39467e-20       6.39467e-20
  22.4000000       6.48014e-20       6.48014e-20
  22.5000000       6.56781e-20       6.56781e-20
  22.6000000       6.65656e-20       6.65656e-20
  22.7000000       6.74531e-20       6.74531e-20
  22.8000000       6.83406e-20       6.83406e-20
  22.9000000       6.92363e-20       6.92363e-20
  23.0000000       7.01583e-20       7.01583e-20
  23.1000000       7.10823e-20       7.10823e-20
  23.2000000       7.20064e-20       7.20064e-20
  23.3000000       7.29305e-20       7.29305e-20
  23.4000000       7.38748e-20       7.38748e-20
  23.5000000       7.48362e-20       7.48362e-20
  23.6000000       7.57976e-20       7.57976e-20
  23.7000000       7.67589e-20       7.67589e-20
  23.8000000       7.77225e-20       7.77225e-20
  23.9000000       7.87151e-20       7.87151e-20
  24.0000000       7.97166e-20       7.97166e-20
  24.1000000       8.07182e-20       8.07182e-20
  24.2000000       8.17198e-20       8.17198e-20
  24.3000000       8.27268e-20       8.27268e-20
  24.4000000       8.37641e-20       8.37641e-20
  24.5000000       8.48060e-20       8.48060e-20
  24.6000000       8.58479e-20       8.58479e-20
  24.7000000       8.68898e-20       8.68898e-20
  24.8000000       8.79398e-20       8.79398e-20
  24.9000000       8.90217e-20       8.90217e-20
  25.0000000       9.01070e-20       9.01070e-20
  25.1000000       9.11922e-20       9.11922e-20
  25.2000000       9.22774e-20       9.22774e-20
  25.3000000       9.33705e-20       9.33705e-20
  25.4000000       9.44953e-20       9.44953e-20
  25.5000000       9.56235e-20       9.56235e-20
  25.6000000       9.67518e-20       9.67518e-20
  25.7000000       9.78800e-20       9.78800e-20
  25.8000000       9.90137e-20       9.90137e-20
  25.9000000       1.00181e-19       1.00181e-19
  26.0000000       1.01355e-19       1.01355e-19
  26.1000000       1.02528e-19       1.02528e-19
  26.2000000       1.03702e-19       1.03702e-19
  26.3000000       1.04877e-19       1.04877e-19
  26.4000000       1.06088e-19       1.06088e-19
  26.5000000       1.07311e-19       1.07311e-19
  26.6000000       1.08534e-19       1.08534e-19
  26.7000000       1.09758e-19       1.09758e-19
  26.8000000       1.10981e-19       1.10981e-19
  26.9000000       1.12231e-19       1.12231e-19
  27.0000000       1.13512e-19       1.13512e-19
  27.1000000       1.14793e-19       1.14793e-19
  27.2000000       1.16074e-19       1.16074e-19
  27.3000000       1.17355e-19       1.17355e-19
  27.4000000       1.18641e-19       1.18641e-19
  27.5000000       1.19954e-19       1.19954e-19
  27.6000000       1.21272e-19       1.21272e-19
  27.7000000       1.22589e-19       1.22589e-19
  27.8000000       1.23907e-19       1.23907e-19
  27.9000000       1.25224e-19       1.25224e-19
  28.0000000       1.26569e-19       1.26569e-19
  28.1000000       1.27941e-19       1.27941e-19
  28.2000000       1.29313e-19       1.29313e-19
  28.3000000       1.30685e-19       1.30685e-19
  28.4000000       1.32057e-19       1.32057e-19
  28.5000000       1.33434e-19       1.33434e-19
  28.6000000       1.34863e-19       1.34863e-19
  28.7000000       1.36306e-19       1.36306e-19
  28.8000000       1.37750e-19       1.37750e-19
  28.9000000       1.39194e-19       1.39194e-19
  29.0000000       1.40637e-19       1.40637e-19
  29.1000000       1.42090e-19       1.42090e-19
  29.2000000       1.43578e-19       1.43578e-19
  29.3000000       1.45071e-19       1.45071e-19
  29.4000000       1.46563e-19       1.46563e-19
  29.5000000       1.48056e-19       1.48056e-19
  29.6000000       1.49548e-19       1.49548e-19
  29.7000000       1.51058e-19       1.51058e-19
  29.8000000       1.52614e-19       1.52614e-19
  29.9000000       1.54172e-19       1.54172e-19
  30.0000000       1.55730e-19       1.55730e-19
  30.1000000       1.57288e-19       1.57288e-19
  30.2000000       1.58846e-19       1.58846e-19
  30.3000000       1.60416e-19       1.60416e-19
  30.4000000       1.62016e-19       1.62016e-19
  30.5000000       1.63617e-19       1.63617e-19
  30.6000000       1.65219e-19       1.65219e-19
  30.7000000       1.66820e-19       1.66820e-19
  30.8000000       1.68422e-19       1.68422e-19
  30.9000000       1.70041e-19       1.70041e-19
  31.0000000       1.71732e-19       1.71732e-19
  31.1000000       1.73430e-19       1.73430e-19
  31.2000000       1.75127e-19       1.75127e-19
  31.3000000       1.76825e-19       1.76825e-19
  31.4000000       1.78523e-19       1.78523e-19
  31.5000000       1.80225e-19       1.80225e-19
  31.6000000       1.81967e-19       1.81967e-19
  31.7000000       1.83721e-19       1.83721e-19
  31.8000000       1.85474e-19       1.85474e-19
  31.9000000       1.87228e-19       1.87228e-19
  32.0000000       1.88982e-19       1.88982e-19
  32.1000000       1.90735e-19       1.90735e-19
  32.2000000       1.92525e-19       1.92525e-19
  32.3000000       1.94349e-19       1.94349e-19
  32.4000000       1.96173e-19       1.96173e-19
  32.5000000       1.97998e-19       1.97998e-19
  32.6000000       1.99822e-19       1.99822e-19
  32.7000000       2.01646e-19       2.01646e-19
  32.8000000       2.03479e-19       2.03479e-19
  32.9000000       2.05362e-19       2.05362e-19
  33.0000000       2.07254e-19       2.07254e-19
  33.1000000       2.09145e-19       2.09145e-19
  33.2000000       2.11036e-19       2.11036e-19
  33.3000000       2.12927e-19       2.12927e-19
  33.4000000       2.14818e-19       2.14818e-19
  33.5000000       2.16741e-19       2.16741e-19
  33.6000000       2.18712e-19       2.18712e-19
  33.7000000       2.20683e-19       2.20683e-19
  33.8000000       2.22655e-19       2.22655e-19
  33.9000000       2.24627e-19       2.24627e-19
  34.0000000       2.26598e-19       2.26598e-19
  34.1000000       2.28570e-19       2.28570e-19
  34.2000000       2.30600e-19       2.30600e-19
  34.3000000       2.32664e-19       2.32664e-19
  34.4000000       2.34729e-19       2.34729e-19
  34.5000000       2.36794e-19       2.36794e-19
  34.6000000       2.38859e-19       2.38859e-19
  34.7000000       2.40924e-19       2.40924e-19
  34.8000000       2.42991e-19       2.42991e-19
  34.9000000       2.45106e-19       2.45106e-19
  35.0000000       2.47243e-19       2.47243e-19
  35.1000000       2.49381e-19       2.49381e-19
  35.2000000       2.51518e-19       2.51518e-19
  35.3000000       2.53655e-19       2.53655e-19
  35.4000000       2.55792e-19       2.55792e-19
  35.5000000       2.57900e-19       2.57900e-19
  35.6000000       2.58996e-19       2.58996e-19
  35.7000000       2.59586e-19       2.59586e-19
  35.8000000       2.60176e-19       2.60176e-19
  35.9000000       2.60766e-19       2.60766e-19
  36.0000000       2.61356e-19       2.61356e-19
  36.1000000       2.61946e-19       2.61946e-19
  36.2000000       2.62537e-19       2.62537e-19
  36.3000000       2.63127e-19       2.63127e-19
  36.4000000       2.63717e-19       2.63717e-19
  36.5000000       2.64307e-19       2.64307e-19
  36.6000000       2.64897e-19       2.64897e-19
  36.7000000       2.65487e-19       2.65487e-19
  36.8000000       2.66077e-19       2.66077e-19
  36.9000000       2.66668e-19       2.66668e-19
  37.0000000       2.67258e-19       2.67258e-19
  37.1000000       2.67848e-19       2.67848e-19
  37.2000000       2.68438e-19       2.68438e-19
  37.3000000       2.69028e-19       2.69028e-19
  37.4000000       2.69618e-19       2.69618e-19
  37.5000000       2.70208e-19       2.70208e-19
  37.6000000       2.70799e-19       2.70799e-19
  37.7000000       2.71389e-19       2.71389e-19
  37.8000000       2.71979e-19       2.71979e-19
  37.9000000       2.72569e-19       2.72569e-19
  38.0000000       2.73159e-19       2.73159e-19
  38.1000000       2.73749e-19       2.73749e-19
  38.2000000       2.74340e-19       2.74340e-19
  38.3000000       2.74930e-19       2.74930e-19
  38.4000000       2.75431e-19       2.75431e-19
  38.5000000       2.75600e-19       2.75600e-19
  38.6000000       2.75736e-19       2.75736e-19
  38.7000000       2.75873e-19       2.75873e-19
  38.8000000       2.76009e-19       2.76009e-19
  38.9000000       2.76145e-19       2.76145e-19
  39.0000000       2.76281e-19       2.76281e-19
  39.1000000       2.76418e-19       2.76418e-19
  39.2000000       2.76554e-19       2.76554e-19
  39.3000000       2.76690e-19       2.76690e-19
  39.4000000       2.76827e-19       2.76827e-19
  39.5000000       2.76963e-19       2.76963e-19
  39.6000000       2.77099e-19       2.77099e-19
  39.7000000       2.77236e-19       2.77236e-19
  39.8000000       2.77372e-19       2.77372e-19
  39.9000000       2.77508e-19       2.77508e-19
  40.0000000       2.77645e-19       2.77645e-19
  40.1000000       2.77781e-19       2.77781e-19
  40.2000000       2.77917e-19       2.77917e-19
  40.3000000       2.78054e-19       2.78054e-19
  40.4000000       2.78190e-19       2.78190e-19
  40.5000000       2.78326e-19       2.78326e-19
  40.6000000       2.78462e-19       2.78462e-19
  40.7000000       2.78599e-19       2.78599e-19
  40.8000000       2.78735e-19       2.78735e-19
  40.9000000       2.78871e-19       2.78871e-19
  41.0000000       2.79008e-19       2.79008e-19
  41.1000000       2.79144e-19       2.79144e-19
  41.2000000       2.79280e-19       2.79280e-19
  41.3000000       2.79417e-19       2.79417e-19
  41.4000000       2.79553e-19       2.79553e-19
  41.5000000       2.79689e-19       2.79689e-19
  41.6000000       2.79826e-19       2.79826e-19
  41.7000000       2.79962e-19       2.79962e-19
  41.8000000       2.80098e-19       2.80098e-19
  41.9000000       2.80235e-19       2.80235e-19
  42.0000000       2.80371e-19       2.80371e-19
  42.1000000       2.80507e-19       2.80507e-19
  42.2000000       2.80644e-19       2.80644e-19
  42.3000000       2.80780e-19       2.80780e-19
  42.4000000       2.80916e-19       2.80916e-19
  42.5000000       2.81052e-19       2.81052e-19
  42.6000000       2.81189e-19       2.81189e-19
  42.7000000       2.81325e-19       2.81325e-19
  42.8000000       2.81461e-19       2.81461e-19
  42.9000000       2.81598e-19       2.81598e-19
  43.0000000       2.81734e-19       2.81734e-19
  43.1000000       2.81870e-19       2.81870e-19
  43.2000000       2.82007e-19       2.82007e-19
  43.3000000       2.82143e-19       2.82143e-19
  43.4000000       2.82279e-19       2.82279e-19
  43.5000000       2.82416e-19       2.82416e-19
  43.6000000       2.82552e-19       2.82552e-19
  43.7000000       2.82809e-19       2.82809e-19
  43.8000000       2.83200e-19       2.83200e-19
  43.9000000       2.83591e-19       2.83591e-19
  44.0000000       2.83982e-19       2.83982e-19
  44.1000000       2.84372e-19       2.84372e-19
  44.2000000       2.84763e-19       2.84763e-19
  44.3000000       2.85154e-19       2.85154e-19
  44.4000000       2.85545e-19       2.85545e-19
  44.5000000       2.85935e-19       2.85935e-19
  44.6000000       2.86326e-19       2.86326e-19
  44.7000000       2.86717e-19       2.86717e-19
  44.8000000       2.87108e-19       2.87108e-19
  44.9000000       2.87498e-19       2.87498e-19
  45.0000000       2.87889e-19       2.87889e-19
  45.1000000       2.88280e-19       2.88280e-19
  45.2000000       2.88671e-19       2.88671e-19
  45.3000000       2.89061e-19       2.89061e-19
  45.4000000       2.89452e-19       2.89452e-19
  45.5000000       2.89843e-19       2.89843e-19
  45.6000000       2.90234e-19       2.90234e-19
  45.7000000       2.90624e-19       2.90624e-19
  45.8000000       2.91015e-19       2.91015e-19
  45.9000000       2.91406e-19       2.91406e-19
  46.0000000       2.91797e-19       2.91797e-19
  46.1000000       2.92187e-19       2.92187e-19
  46.2000000       2.92578e-19       2.92578e-19
  46.3000000       2.92969e-19       2.92969e-19
  46.4000000       2.93360e-19       2.93360e-19
  46.5000000       2.93750e-19       2.93750e-19
  46.6000000       2.94141e-19       2.94141e-19
  46.7000000       2.94532e-19       2.94532e-19
  46.8000000       2.94923e-19       2.94923e-19
  46.9000000       2.95313e-19       2.95313e-19
  47.0000000       2.95704e-19       2.95704e-19
  47.1000000       2.96095e-19       2.96095e-19
  47.2000000       2.96486e-19       2.96486e-19
  47.3000000       2.96876e-19       2.96876e-19
  47.4000000       2.97267e-19       2.97267e-19
  47.5000000       2.97658e-19       2.97658e-19
  47.6000000       2.98049e-19       2.98049e-19
  47.7000000       2.98439e-19       2.98439e-19
  47.8000000       2.98830e-19       2.98830e-19
  47.9000000       2.99221e-19       2.99221e-19
  48.0000000       2.99612e-19       2.99612e-19
  48.1000000       3.00002e-19       3.00002e-19
  48.2000000       3.00393e-19       3.00393e-19
  48.3000000       3.00784e-19       3.00784e-19
  48.4000000       3.01175e-19       3.01175e-19
  48.5000000       3.01565e-19       3.01565e-19
  48.6000000       3.01956e-19       3.01956e-19
  48.7000000       3.02347e-19       3.02347e-19
  48.8000000       3.02738e-19       3.02738e-19
  48.9000000       3.03128e-19       3.03128e-19
  49.0000000       3.03519e-19       3.03519e-19
  49.1000000       3.03910e-19       3.03910e-19
  49.2000000       3.04301e-19       3.04301e-19
  49.3000000       3.04691e-19       3.04691e-19
  49.4000000       3.05082e-19       3.05082e-19
  49.5000000       3.05473e-19       3.05473e-19
  49.6000000       3.05864e-19       3.05864e-19
  49.7000000       3.06254e-19       3.06254e-19
  49.8000000       3.06645e-19       3.06645e-19
  49.9000000       3.07036e-19       3.07036e-19
  50.0000000       3.07427e-19       3.07427e-19
  50.1000000       3.07817e-19       3.07817e-19
  50.2000000       3.08208e-19       3.08208e-19
  50.3000000       3.08599e-19       3.08599e-19
  50.4000000       3.08990e-19       3.08990e-19
  50.5000000       3.09380e-19       3.09380e-19
  50.6000000       3.09657e-19       3.09657e-19
  50.7000000       3.09450e-19       3.09450e-19
  50.8000000       3.09188e-19       3.09188e-19
  50.9000000       3.08927e-19       3.08927e-19
  51.0000000       3.08665e-19       3.08665e-19
  51.1000000       3.08404e-19       3.08404e-19
  51.2000000       3.08142e-19       3.08142e-19
  51.3000000       3.07881e-19       3.07881e-19
  51.4000000       3.07619e-19       3.07619e-19
  51.5000000       3.07358e-19       3.07358e-19
  51.6000000       3.07096e-19       3.07096e-19
  51.7000000       3.06835e-19       3.06835e-19
  51.8000000       3.06573e-19       3.06573e-19
  51.9000000       3.06312e-19       3.06312e-19
  52.0000000       3.06050e-19       3.06050e-19
  52.1000000       3.05789e-19       3.05789e-19
  52.2000000       3.05527e-19       3.05527e-19
  52.3000000       3.05266e-19       3.05266e-19
  52.4000000       3.05004e-19       3.05004e-19
  52.5000000       3.04743e-19       3.04743e-19
  52.6000000       3.04481e-19       3.04481e-19
  52.7000000       3.04220e-19       3.04220e-19
  52.8000000       3.03958e-19       3.03958e-19
  52.9000000       3.03697e-19       3.03697e-19
  53.0000000       3.03435e-19       3.03435e-19
  53.1000000       3.03174e-19       3.03174e-19
  53.2000000       3.02912e-19       3.02912e-19
  53.3000000       3.02651e-19       3.02651e-19
  53.4000000       3.02389e-19       3.02389e-19
  53.5000000       3.02128e-19       3.02128e-19
  53.6000000       3.01866e-19       3.01866e-19
  53.7000000       3.01605e-19       3.01605e-19
  53.8000000       3.01343e-19       3.01343e-19
  53.9000000       3.01082e-19       3.01082e-19
  54.0000000       3.00820e-19       3.00820e-19
  54.1000000       3.00559e-19       3.00559e-19
  54.2000000       3.00297e-19       3.00297e-19
  54.3000000       3.00036e-19       3.00036e-19
  54.4000000       2.99774e-19       2.99774e-19
  54.5000000       2.99513e-19       2.99513e-19
  54.6000000       2.99251e-19       2.99251e-19
  54.7000000       2.98990e-19       2.98990e-19
  54.8000000       2.98728e-19       2.98728e-19
  54.9000000       2.98467e-19       2.98467e-19
  55.0000000       2.98205e-19       2.98205e-19
  55.1000000       2.97944e-19       2.97944e-19
  55.2000000       2.97682e-19       2.97682e-19
  55.3000000       2.97421e-19       2.97421e-19
  55.4000000       2.97159e-19       2.97159e-19
  55.5000000       2.96898e-19       2.96898e-19
  55.6000000       2.96636e-19       2.96636e-19
  55.7000000       2.96375e-19       2.96375e-19
  55.8000000       2.96113e-19       2.96113e-19
  55.9000000       2.95852e-19       2.95852e-19
  56.0000000       2.95590e-19       2.95590e-19
  56.1000000       2.95329e-19       2.95329e-19
  56.2000000       2.95067e-19       2.95067e-19
  56.3000000       2.94806e-19       2.94806e-19
  56.4000000       2.94544e-19       2.94544e-19
  56.5000000       2.94283e-19       2.94283e-19
  56.6000000       2.94021e-19       2.94021e-19
  56.7000000       2.93760e-19       2.93760e-19
  56.8000000       2.93498e-19       2.93498e-19
  56.9000000       2.93237e-19       2.93237e-19
  57.0000000       2.92975e-19       2.92975e-19
  57.1000000       2.92714e-19       2.92714e-19
  57.2000000       2.92452e-19       2.92452e-19
  57.3000000       2.92191e-19       2.92191e-19
  57.4000000       2.91929e-19       2.91929e-19
  57.5000000       2.91668e-19       2.91668e-19
  57.6000000       2.91406e-19       2.91406e-19
  57.7000000       2.91145e-19       2.91145e-19
  57.8000000       2.90883e-19       2.90883e-19
  57.9000000       2.90622e-19       2.90622e-19
  58.0000000       2.90360e-19       2.90360e-19
  58.1000000       2.90099e-19       2.90099e-19
  58.2000000       2.89837e-19       2.89837e-19
  58.3000000       2.89576e-19       2.89576e-19
  58.4000000       2.89314e-19       2.89314e-19
  58.5000000       2.89053e-19       2.89053e-19
  58.6000000       2.88791e-19       2.88791e-19
  58.7000000       2.88530e-19       2.88530e-19
  58.8000000       2.88268e-19       2.88268e-19
  58.9000000       2.88007e-19       2.88007e-19
  59.0000000       2.87745e-19       2.87745e-19
  59.1000000       2.87484e-19       2.87484e-19
  59.2000000       2.87222e-19       2.87222e-19
  59.3000000       2.86961e-19       2.86961e-19
  59.4000000       2.86699e-19       2.86699e-19
  59.5000000       2.86438e-19       2.86438e-19
  59.6000000       2.86176e-19       2.86176e-19
  59.7000000       2.85915e-19       2.85915e-19
  59.8000000       2.85653e-19       2.85653e-19
  59.9000000       2.85392e-19       2.85392e-19
  60.0000000       2.85130e-19       2.85130e-19
  60.1000000       2.84869e-19       2.84869e-19
  60.2000000       2.84607e-19       2.84607e-19
  60.3000000       2.84346e-19       2.84346e-19
  60.4000000       2.84084e-19       2.84084e-19
  60.5000000       2.83823e-19       2.83823e-19
  60.6000000       2.83561e-19       2.83561e-19
  60.7000000       2.83300e-19       2.83300e-19
  60.8000000       2.83038e-19       2.83038e-19
  60.9000000       2.82777e-19       2.82777e-19
  61.0000000       2.82515e-19       2.82515e-19
  61.1000000       2.82254e-19       2.82254e-19
  61.2000000       2.81992e-19       2.81992e-19
  61.3000000       2.81731e-19       2.81731e-19
  61.4000000       2.81469e-19       2.81469e-19
  61.5000000       2.81208e-19       2.81208e-19
  61.6000000       2.80946e-19       2.80946e-19
  61.7000000       2.80685e-19       2.80685e-19
  61.8000000       2.80423e-19       2.80423e-19
  61.9000000       2.80162e-19       2.80162e-19
  62.0000000       2.79900e-19       2.79900e-19
  62.1000000       2.79639e-19       2.79639e-19
  62.2000000       2.79377e-19       2.79377e-19
  62.3000000       2.79116e-19       2.79116e-19
  62.4000000       2.78854e-19       2.78854e-19
  62.5000000       2.78593e-19       2.78593e-19
  62.6000000       2.78331e-19       2.78331e-19
  62.7000000       2.78070e-19       2.78070e-19
  62.8000000       2.77808e-19       2.77808e-19
  62.9000000       2.77547e-19       2.77547e-19
  63.0000000       2.77285e-19       2.77285e-19
  63.1000000       2.77024e-19       2.77024e-19
  63.2000000       2.76762e-19       2.76762e-19
  63.3000000       2.76501e-19       2.76501e-19
  63.4000000       2.76239e-19       2.76239e-19
  63.5000000       2.75978e-19       2.75978e-19
  63.6000000       2.75716e-19       2.75716e-19
  63.7000000       2.75455e-19       2.75455e-19
  63.8000000       2.75193e-19       2.75193e-19
  63.9000000       2.74932e-19       2.74932e-19
  64.0000000       2.74670e-19       2.74670e-19
  64.1000000       2.74409e-19       2.74409e-19
  64.2000000       2.74147e-19       2.74147e-19
  64.3000000       2.73886e-19       2.73886e-19
  64.4000000       2.72065e-19       2.72065e-19
  64.5000000       2.70553e-19       2.70553e-19
  64.6000000       2.69827e-19       2.69827e-19
  64.7000000       2.70585e-19       2.70585e-19
  64.8000000       2.70354e-19       2.70354e-19
  64.9000000       2.67293e-19       2.67293e-19
  65.0000000       2.68977e-19       2.68977e-19
  65.1000000       2.64448e-19       2.64448e-19
  65.2000000       2.76310e-19       2.76310e-19
  65.3000000       2.58820e-19       2.58820e-19
  65.4000000       2.65013e-19       2.65013e-19
  65.5000000       2.68504e-19       2.68504e-19
  65.6000000       2.69642e-19       2.69642e-19
  65.7000000       2.57309e-19       2.57309e-19
  65.8000000       2.70730e-19       2.70730e-19
  65.9000000       2.63987e-19       2.63987e-19
  66.0000000       2.66920e-19       2.66920e-19
  66.1000000       2.67318e-19       2.67318e-19
  66.2000000       2.52974e-19       2.52974e-19
  66.3000000       2.58320e-19       2.58320e-19
  66.4000000       2.71265e-19       2.71265e-19
  66.5000000       2.63158e-19       2.63158e-19
  66.6000000       2.60633e-19       2.60633e-19
  66.7000000       2.62451e-19       2.62451e-19
  66.8000000       2.64270e-19       2.64270e-19
  66.9000000       2.66089e-19       2.66089e-19
  67.0000000       2.67436e-19       2.67436e-19
  67.1000000       2.61375e-19       2.61375e-19
  67.2000000       2.52937e-19       2.52937e-19
  67.3000000       2.54485e-19       2.54485e-19
  67.4000000       2.55490e-19       2.55490e-19
  67.5000000       2.54184e-19       2.54184e-19
  67.6000000       2.54781e-19       2.54781e-19
  67.7000000       2.55513e-19       2.55513e-19
  67.8000000       2.56246e-19       2.56246e-19
  67.9000000       2.56979e-19       2.56979e-19
  68.0000000       2.57711e-19       2.57711e-19
  68.1000000       2.58444e-19       2.58444e-19
  68.2000000       2.59177e-19       2.59177e-19
  68.3000000       2.59909e-19       2.59909e-19
  68.4000000       2.60642e-19       2.60642e-19
  68.5000000       2.61375e-19       2.61375e-19
  68.6000000       2.62108e-19       2.62108e-19
  68.7000000       2.62277e-19       2.62277e-19
  68.8000000       2.59686e-19       2.59686e-19
  68.9000000       2.56724e-19       2.56724e-19
  69.0000000       2.53876e-19       2.53876e-19
  69.1000000       2.52314e-19       2.52314e-19
  69.2000000       2.51112e-19       2.51112e-19
  69.3000000       2.49910e-19       2.49910e-19
  69.4000000       2.48709e-19       2.48709e-19
  69.5000000       2.47507e-19       2.47507e-19
  69.6000000       2.46305e-19       2.46305e-19
  69.7000000       2.45104e-19       2.45104e-19
  69.8000000       2.43902e-19       2.43902e-19
  69.9000000       2.42701e-19       2.42701e-19
  70.0000000       2.41499e-19       2.41499e-19
  70.1000000       2.40297e-19       2.40297e-19
  70.2000000       2.39096e-19       2.39096e-19
  70.3000000       2.37894e-19       2.37894e-19
  70.4000000       2.36692e-19       2.36692e-19
  70.5000000       2.35491e-19       2.35491e-19
  70.6000000       2.34289e-19       2.34289e-19
  70.7000000       2.31673e-19       2.31673e-19
  70.8000000       2.40115e-19       2.40115e-19
  70.9000000       2.39009e-19       2.39009e-19
  71.0000000       2.34887e-19       2.34887e-19
  71.1000000       2.28901e-19       2.28901e-19
  71.2000000       2.48617e-19       2.48617e-19
  71.3000000       2.31755e-19       2.31755e-19
  71.4000000       2.23552e-19       2.23552e-19
  71.5000000       2.39845e-19       2.39845e-19
  71.6000000       2.49661e-19       2.49661e-19
  71.7000000       2.29559e-19       2.29559e-19
  71.8000000       2.27825e-19       2.27825e-19
  71.9000000       2.20624e-19       2.20624e-19
  72.0000000       2.25322e-19       2.25322e-19
  72.1000000       2.40063e-19       2.40063e-19
  72.2000000       2.54707e-19       2.54707e-19
  72.3000000       2.38679e-19       2.38679e-19
  72.4000000       2.23824e-19       2.23824e-19
  72.5000000       2.28798e-19       2.28798e-19
  72.6000000       2.28791e-19       2.28791e-19
  72.7000000       2.16268e-19       2.16268e-19
  72.8000000       2.16177e-19       2.16177e-19
  72.9000000       2.17201e-19       2.17201e-19
  73.0000000       2.22391e-19       2.22391e-19
  73.1000000       2.27976e-19       2.27976e-19
  73.2000000       2.33561e-19       2.33561e-19
  73.3000000       2.39146e-19       2.39146e-19
  73.4000000       2.44730e-19       2.44730e-19
  73.5000000       2.44652e-19       2.44652e-19
  73.6000000       2.35571e-19       2.35571e-19
  73.7000000       2.27657e-19       2.27657e-19
  73.8000000       2.20605e-19       2.20605e-19
  73.9000000       2.21910e-19       2.21910e-19
  74.0000000       2.30368e-19       2.30368e-19
  74.1000000       2.18983e-19       2.18983e-19
  74.2000000       2.06317e-19       2.06317e-19
  74.3000000       2.05421e-19       2.05421e-19
  74.4000000       2.06103e-19       2.06103e-19
  74.5000000       2.06785e-19       2.06785e-19
  74.6000000       2.07468e-19       2.07468e-19
  74.7000000       2.08150e-19       2.08150e-19
  74.8000000       2.08832e-19       2.08832e-19
  74.9000000       2.09515e-19       2.09515e-19
  75.0000000       2.10197e-19       2.10197e-19
  75.1000000       2.10880e-19       2.10880e-19
  75.2000000       2.11562e-19       2.11562e-19
  75.3000000       2.12244e-19       2.12244e-19
  75.4000000       2.12927e-19       2.12927e-19
  75.5000000       2.11332e-19       2.11332e-19
  75.6000000       2.22321e-19       2.22321e-19
  75.7000000       2.02689e-19       2.02689e-19
  75.8000000       2.34833e-19       2.34833e-19
  75.9000000       2.04701e-19       2.04701e-19
  76.0000000       2.42254e-19       2.42254e-19
  76.1000000       2.23428e-19       2.23428e-19
  76.2000000       2.12483e-19       2.12483e-19
  76.3000000       2.36971e-19       2.36971e-19
  76.4000000       2.69223e-19       2.69223e-19
  76.5000000       2.15038e-19       2.15038e-19
  76.6000000       1.93547e-19       1.93547e-19
  76.7000000       2.46472e-19       2.46472e-19
  76.8000000       1.98657e-19       1.98657e-19
  76.9000000       2.66430e-19       2.66430e-19
  77.0000000       2.25682e-19       2.25682e-19
  77.1000000       2.05543e-19       2.05543e-19
  77.2000000       1.86682e-19       1.86682e-19
  77.3000000       1.80528e-19       1.80528e-19
  77.4000000       1.94394e-19       1.94394e-19
  77.5000000       1.97485e-19       1.97485e-19
  77.6000000       1.81709e-19       1.81709e-19
  77.7000000       1.69060e-19       1.69060e-19
  77.8000000       2.10752e-19       2.10752e-19
  77.9000000       2.16278e-19       2.16278e-19
  78.0000000       2.22429e-19       2.22429e-19
  78.1000000       1.98674e-19       1.98674e-19
  78.2000000       1.93972e-19       1.93972e-19
  78.3000000       1.89463e-19       1.89463e-19
  78.4000000       1.84954e-19       1.84954e-19
  78.5000000       1.80445e-19       1.80445e-19
  78.6000000       1.75936e-19       1.75936e-19
  78.7000000       1.73081e-19       1.73081e-19
  78.8000000       1.72172e-19       1.72172e-19
  78.9000000       1.71266e-19       1.71266e-19
  79.0000000       1.71956e-19       1.71956e-19
  79.1000000       2.08195e-19       2.08195e-19
  79.2000000       1.75304e-19       1.75304e-19
  79.3000000       1.67885e-19       1.67885e-19
  79.4000000       1.65830e-19       1.65830e-19
  79.5000000       1.65793e-19       1.65793e-19
  79.6000000       1.82591e-19       1.82591e-19
  79.7000000       1.97271e-19       1.97271e-19
  79.8000000       1.96291e-19       1.96291e-19
  79.9000000       1.94493e-19       1.94493e-19
  80.0000000       1.92531e-19       1.92531e-19
  80.1000000       1.90563e-19       1.90563e-19
  80.2000000       1.88595e-19       1.88595e-19
  80.3000000       1.86627e-19       1.86627e-19
  80.4000000       1.84986e-19       1.84986e-19
  80.5000000       1.87805e-19       1.87805e-19
  80.6000000       1.92036e-19       1.92036e-19
  80.7000000       1.98242e-19       1.98242e-19
  80.8000000       2.21308e-19       2.21308e-19
  80.9000000       2.67953e-19       2.67953e-19
  81.0000000       2.34711e-19       2.34711e-19
  81.1000000       1.85362e-19       1.85362e-19
  81.2000000       1.71676e-19       1.71676e-19
  81.3000000       1.68631e-19       1.68631e-19
  81.4000000       1.67667e-19       1.67667e-19
  81.5000000       1.66702e-19       1.66702e-19
  81.6000000       1.65738e-19       1.65738e-19
  81.7000000       1.64773e-19       1.64773e-19
  81.8000000       1.63809e-19       1.63809e-19
  81.9000000       1.62845e-19       1.62845e-19
  82.0000000       1.61880e-19       1.61880e-19
  82.1000000       1.60916e-19       1.60916e-19
  82.2000000       1.59952e-19       1.59952e-19
  82.3000000       1.58987e-19       1.58987e-19
  82.4000000       1.58023e-19       1.58023e-19
  82.5000000       1.57713e-19       1.57713e-19
  82.6000000       1.58047e-19       1.58047e-19
  82.7000000       1.58380e-19       1.58380e-19
  82.8000000       1.58714e-19       1.58714e-19
  82.9000000       1.59048e-19       1.59048e-19
  83.0000000       1.59382e-19       1.59382e-19
  83.1000000       1.59716e-19       1.59716e-19
  83.2000000       1.59996e-19       1.59996e-19
  83.3000000       1.60179e-19       1.60179e-19
  83.4000000       1.60360e-19       1.60360e-19
  83.5000000       1.60541e-19       1.60541e-19
  83.6000000       1.60722e-19       1.60722e-19
  83.7000000       1.60903e-19       1.60903e-19
  83.8000000       1.61084e-19       1.61084e-19
  83.9000000       1.61266e-19       1.61266e-19
  84.0000000       1.61447e-19       1.61447e-19
  84.1000000       1.61628e-19       1.61628e-19
  84.2000000       1.61809e-19       1.61809e-19
  84.3000000       1.61990e-19       1.61990e-19
  84.4000000       1.62171e-19       1.62171e-19
  84.5000000       1.62352e-19       1.62352e-19
  84.6000000       1.62533e-19       1.62533e-19
  84.7000000       1.62714e-19       1.62714e-19
  84.8000000       1.63036e-19       1.63036e-19
  84.9000000       1.64265e-19       1.64265e-19
  85.0000000       1.65657e-19       1.65657e-19
  85.1000000       1.67048e-19       1.67048e-19
  85.2000000       1.68440e-19       1.68440e-19
  85.3000000       1.69832e-19       1.69832e-19
  85.4000000       1.71223e-19       1.71223e-19
  85.5000000       1.72615e-19       1.72615e-19
  85.6000000       1.74007e-19       1.74007e-19
  85.7000000       1.75605e-19       1.75605e-19
  85.8000000       1.80205e-19       1.80205e-19
  85.9000000       1.85793e-19       1.85793e-19
  86.0000000       1.91380e-19       1.91380e-19
  86.1000000       1.96979e-19       1.96979e-19
  86.2000000       2.06919e-19       2.06919e-19
  86.3000000       2.20398e-19       2.20398e-19
  86.4000000       2.34611e-19       2.34611e-19
  86.5000000       2.57230e-19       2.57230e-19
  86.6000000       2.83644e-19       2.83644e-19
  86.7000000       3.18602e-19       3.18602e-19
  86.8000000       3.54994e-19       3.54994e-19
  86.9000000       3.88196e-19       3.88196e-19
  87.0000000       4.03643e-19       4.03643e-19
  87.1000000       3.92972e-19       3.92972e-19
  87.2000000       3.60448e-19       3.60448e-19
  87.3000000       3.25955e-19       3.25955e-19
  87.4000000       2.91463e-19       2.91463e-19
  87.5000000       2.58505e-19       2.58505e-19
  87.6000000       2.36354e-19       2.36354e-19
  87.7000000       2.16677e-19       2.16677e-19
  87.8000000       2.03281e-19       2.03281e-19
  87.9000000       1.92127e-19       1.92127e-19
  88.0000000       1.83958e-19       1.83958e-19
  88.1000000       1.78195e-19       1.78195e-19
  88.2000000       1.72433e-19       1.72433e-19
  88.3000000       1.67278e-19       1.67278e-19
  88.4000000       1.64844e-19       1.64844e-19
  88.5000000       1.62736e-19       1.62736e-19
  88.6000000       1.60629e-19       1.60629e-19
  88.7000000       1.58522e-19       1.58522e-19
  88.8000000       1.56414e-19       1.56414e-19
  88.9000000       1.54307e-19       1.54307e-19
  89.0000000       1.52200e-19       1.52200e-19
  89.1000000       1.50092e-19       1.50092e-19
  89.2000000       1.48534e-19       1.48534e-19
  89.3000000       1.48035e-19       1.48035e-19
  89.4000000       1.47563e-19       1.47563e-19
  89.5000000       1.47090e-19       1.47090e-19
  89.6000000       1.46618e-19       1.46618e-19
  89.7000000       1.46145e-19       1.46145e-19
  89.8000000       1.45672e-19       1.45672e-19
  89.9000000       1.45200e-19       1.45200e-19
  90.0000000       1.44727e-19       1.44727e-19
  90.1000000       1.44255e-19       1.44255e-19
  90.2000000       1.43782e-19       1.43782e-19
  90.3000000       1.43310e-19       1.43310e-19
  90.4000000       1.42837e-19       1.42837e-19
  90.5000000       1.42364e-19       1.42364e-19
  90.6000000       1.41892e-19       1.41892e-19
  90.7000000       1.41419e-19       1.41419e-19
  90.8000000       1.40947e-19       1.40947e-19
  90.9000000       1.40474e-19       1.40474e-19
  91.0000000       1.40002e-19       1.40002e-19
  91.1000000       1.39529e-19       1.39529e-19
  91.2000000       1.39056e-19       1.39056e-19
  91.3000000       1.38584e-19       1.38584e-19
  91.4000000       1.38111e-19       1.38111e-19
  91.5000000       1.37639e-19       1.37639e-19
  91.6000000       1.37303e-19       1.37303e-19
  91.7000000       1.37342e-19       1.37342e-19
  91.8000000       1.37403e-19       1.37403e-19
  91.9000000       1.37464e-19       1.37464e-19
  92.0000000       1.37526e-19       1.37526e-19
  92.1000000       1.37587e-19       1.37587e-19
  92.2000000       1.37648e-19       1.37648e-19
  92.3000000       1.37709e-19       1.37709e-19
  92.4000000       1.37770e-19       1.37770e-19
  92.5000000       1.37831e-19       1.37831e-19
  92.6000000       1.37893e-19       1.37893e-19
  92.7000000       1.37954e-19       1.37954e-19
  92.8000000       1.38015e-19       1.38015e-19
  92.9000000       1.38076e-19       1.38076e-19
  93.0000000       1.38137e-19       1.38137e-19
  93.1000000       1.38198e-19       1.38198e-19
  93.2000000       1.38260e-19       1.38260e-19
  93.3000000       1.38321e-19       1.38321e-19
  93.4000000       1.38382e-19       1.38382e-19
  93.5000000       1.38443e-19       1.38443e-19
  93.6000000       1.38504e-19       1.38504e-19
  93.7000000       1.38565e-19       1.38565e-19
  93.8000000       1.38627e-19       1.38627e-19
  93.9000000       1.38688e-19       1.38688e-19
  94.0000000       1.38749e-19       1.38749e-19
  94.1000000       1.38810e-19       1.38810e-19
  94.2000000       1.38871e-19       1.38871e-19
  94.3000000       1.38932e-19       1.38932e-19
  94.4000000       1.38994e-19       1.38994e-19
  94.5000000       1.39055e-19       1.39055e-19
  94.6000000       1.39116e-19       1.39116e-19
  94.7000000       1.39177e-19       1.39177e-19
  94.8000000       1.39238e-19       1.39238e-19
  94.9000000       1.39299e-19       1.39299e-19
  95.0000000       1.39361e-19       1.39361e-19
  95.1000000       1.39422e-19       1.39422e-19
  95.2000000       1.39483e-19       1.39483e-19
  95.3000000       1.39544e-19       1.39544e-19
  95.4000000       1.39605e-19       1.39605e-19
  95.5000000       1.39666e-19       1.39666e-19
  95.6000000       1.39728e-19       1.39728e-19
  95.7000000       1.39789e-19       1.39789e-19
  95.8000000       1.39850e-19       1.39850e-19
  95.9000000       1.39911e-19       1.39911e-19
  96.0000000       1.39972e-19       1.39972e-19
  96.1000000       1.40034e-19       1.40034e-19
  96.2000000       1.40100e-19       1.40100e-19
  96.3000000       1.40413e-19       1.40413e-19
  96.4000000       1.40865e-19       1.40865e-19
  96.5000000       1.41317e-19       1.41317e-19
  96.6000000       1.41769e-19       1.41769e-19
  96.7000000       1.42220e-19       1.42220e-19
  96.8000000       1.42672e-19       1.42672e-19
  96.9000000       1.43124e-19       1.43124e-19
  97.0000000       1.43576e-19       1.43576e-19
  97.1000000       1.44028e-19       1.44028e-19
  97.2000000       1.44479e-19       1.44479e-19
  97.3000000       1.44931e-19       1.44931e-19
  97.4000000       1.45383e-19       1.45383e-19
  97.5000000       1.45835e-19       1.45835e-19
  97.6000000       1.46286e-19       1.46286e-19
  97.7000000       1.46738e-19       1.46738e-19
  97.8000000       1.47190e-19       1.47190e-19
  97.9000000       1.47642e-19       1.47642e-19
  98.0000000       1.48094e-19       1.48094e-19
  98.1000000       1.48545e-19       1.48545e-19
  98.2000000       1.48997e-19       1.48997e-19
  98.3000000       1.49449e-19       1.49449e-19
  98.4000000       1.49901e-19       1.49901e-19
  98.5000000       1.50352e-19       1.50352e-19
  98.6000000       1.50804e-19       1.50804e-19
  98.7000000       1.51256e-19       1.51256e-19
  98.8000000       1.51708e-19       1.51708e-19
  98.9000000       1.52160e-19       1.52160e-19
  99.0000000       1.52611e-19       1.52611e-19
  99.1000000       1.53063e-19       1.53063e-19
  99.2000000       1.53515e-19       1.53515e-19
  99.3000000       1.53967e-19       1.53967e-19
  99.4000000       1.54418e-19       1.54418e-19
  99.5000000       1.54870e-19       1.54870e-19
  99.6000000       1.55322e-19       1.55322e-19
  99.7000000       1.55774e-19       1.55774e-19
  99.8000000       1.56226e-19       1.56226e-19
  99.9000000       1.56677e-19       1.56677e-19
 100.0000000       1.57129e-19       1.57129e-19
 100.1000000       1.57581e-19       1.57581e-19
 100.2000000       1.58033e-19       1.58033e-19
 100.3000000       1.58485e-19       1.58485e-19
 100.4000000       1.58936e-19       1.58936e-19
 100.5000000       1.59388e-19       1.59388e-19
 100.6000000       1.59840e-19       1.59840e-19
 100.7000000       1.60292e-19       1.60292e-19
 100.8000000       1.60743e-19       1.60743e-19
 100.9000000       1.61195e-19       1.61195e-19
 101.0000000       1.61647e-19       1.61647e-19
 101.1000000       1.62099e-19       1.62099e-19
 101.2000000       1.62551e-19       1.62551e-19
 101.3000000       1.63002e-19       1.63002e-19
 101.4000000       1.63454e-19       1.63454e-19
 101.5000000       1.63906e-19       1.63906e-19
 101.6000000       1.64358e-19       1.64358e-19
 101.7000000       1.64809e-19       1.64809e-19
 101.8000000       1.65261e-19       1.65261e-19
 101.9000000       1.65713e-19       1.65713e-19
 102.0000000       1.66165e-19       1.66165e-19
 102.1000000       1.66617e-19       1.66617e-19
 102.2000000       1.67068e-19       1.67068e-19
 102.3000000       1.67520e-19       1.67520e-19
 102.4000000       1.67972e-19       1.67972e-19
 102.5000000       1.68424e-19       1.68424e-19
 102.6000000       1.68876e-19       1.68876e-19
 102.7000000       1.69327e-19       1.69327e-19
 102.8000000       1.69779e-19       1.69779e-19
 102.9000000       1.70231e-19       1.70231e-19
 103.0000000       1.70683e-19       1.70683e-19
 103.1000000       1.68890e-19       1.68890e-19
 103.2000000       1.36183e-19       1.36183e-19
 103.3000000       9.36185e-20       9.36185e-20
 103.4000000       5.10536e-20       5.10536e-20
 103.5000000       1.07575e-20       1.07575e-20
 103.6000000       1.84245e-19       1.84245e-19
 103.7000000       2.60388e-19       2.60388e-19
 103.8000000       2.56483e-20       2.56483e-20
 103.9000000       8.76201e-20       8.76201e-20
 104.0000000       5.12311e-19       5.12311e-19
 104.1000000       8.76311e-20       8.76311e-20
 104.2000000       3.84507e-21       3.84507e-21
 104.3000000       3.17572e-20       3.17572e-20
 104.4000000       3.23217e-19       3.23217e-19
 104.5000000       5.32029e-19       5.32029e-19
 104.6000000       5.13796e-20       5.13796e-20
 104.7000000       2.76268e-19       2.76268e-19
 104.8000000       1.75101e-21       1.75101e-21
 104.9000000       1.94497e-20       1.94497e-20
 105.0000000       8.09347e-20       8.09347e-20
 105.1000000       3.44510e-19       3.44510e-19
 105.2000000       7.76646e-19       7.76646e-19
 105.3000000       2.27784e-19       2.27784e-19
 105.4000000       4.39702e-20       4.39702e-20
 105.5000000       4.14895e-20       4.14895e-20
 105.6000000       3.52398e-19       3.52398e-19
 105.7000000       1.19348e-21       1.19348e-21
 105.8000000       9.52254e-21       9.52254e-21
 105.9000000       2.75140e-20       2.75140e-20
 106.0000000       6.12405e-20       6.12405e-20
 106.1000000       1.28632e-19       1.28632e-19
 106.2000000       2.88841e-19       2.88841e-19
 106.3000000       6.65617e-19       6.65617e-19
 106.4000000       8.52415e-19       8.52415e-19
 106.5000000       4.04073e-19       4.04073e-19
 106.6000000       1.42481e-19       1.42481e-19
 106.7000000       5.11908e-20       5.11908e-20
 106.8000000       1.55973e-20       1.55973e-20
 106.9000000       1.98559e-21       1.98559e-21
 107.0000000       1.25184e-19       1.25184e-19
 107.1000000       2.74687e-21       2.74687e-21
 107.2000000       8.75860e-22       8.75860e-22
 107.3000000       5.21615e-21       5.21615e-21
 107.4000000       1.26221e-20       1.26221e-20
 107.5000000       2.29555e-20       2.29555e-20
 107.6000000       3.67184e-20       3.67184e-20
 107.7000000       5.50833e-20       5.50833e-20
 107.8000000       7.99736e-20       7.99736e-20
 107.9000000       1.14625e-19       1.14625e-19
 108.0000000       1.63667e-19       1.63667e-19
 108.1000000       2.37667e-19       2.37667e-19
 108.2000000       3.53587e-19       3.53587e-19
 108.3000000       5.32839e-19       5.32839e-19
 108.4000000       7.72103e-19       7.72103e-19
 108.5000000       9.63542e-19       9.63542e-19
 108.6000000       8.73069e-19       8.73069e-19
 108.7000000       5.90651e-19       5.90651e-19
 108.8000000       3.46303e-19       3.46303e-19
 108.9000000       1.96063e-19       1.96063e-19
 109.0000000       1.09693e-19       1.09693e-19
 109.1000000       6.03992e-20       6.03992e-20
 109.2000000       3.07048e-20       3.07048e-20
 109.3000000       1.33161e-20       1.33161e-20
 109.4000000       3.54090e-21       3.54090e-21
 109.5000000       8.81351e-22       8.81351e-22
 109.6000000       5.33943e-20       5.33943e-20
 109.7000000       4.38088e-19       4.38088e-19
 109.8000000       2.43584e-20       2.43584e-20
 109.9000000       1.98398e-21       1.98398e-21
 110.0000000       2.42247e-22       2.42247e-22
 110.1000000       1.94715e-21       1.94715e-21
 110.2000000       5.23211e-21       5.23211e-21
 110.3000000       9.59757e-21       9.59757e-21
 110.4000000       1.47620e-20       1.47620e-20
 110.5000000       2.07437e-20       2.07437e-20
 110.6000000       2.76518e-20       2.76518e-20
 110.7000000       3.53622e-20       3.53622e-20
 110.8000000       4.36745e-20       4.36745e-20
 110.9000000       5.36901e-20       5.36901e-20
 111.0000000       6.39454e-20       6.39454e-20
 111.1000000       7.66234e-20       7.66234e-20
 111.2000000       9.01935e-20       9.01935e-20
 111.3000000       1.05284e-19       1.05284e-19
 111.4000000       1.24155e-19       1.24155e-19
 111.5000000       1.43239e-19       1.43239e-19
 111.6000000       1.67012e-19       1.67012e-19
 111.7000000       1.94073e-19       1.94073e-19
 111.8000000       2.25857e-19       2.25857e-19
 111.9000000       2.64923e-19       2.64923e-19
 112.0000000       3.07035e-19       3.07035e-19
 112.1000000       3.61739e-19       3.61739e-19
 112.2000000       4.25259e-19       4.25259e-19
 112.3000000       5.03272e-19       5.03272e-19
 112.4000000       5.97934e-19       5.97934e-19
 112.5000000       7.09721e-19       7.09721e-19
 112.6000000       8.21549e-19       8.21549e-19
 112.7000000       9.33632e-19       9.33632e-19
 112.8000000       1.04576e-18       1.04576e-18
 112.9000000       1.12283e-18       1.12283e-18
 113.0000000       1.12533e-18       1.12533e-18
 113.1000000       1.04646e-18       1.04646e-18
 113.2000000       9.15109e-19       9.15109e-19
 113.3000000       7.59004e-19       7.59004e-19
 113.4000000       6.04253e-19       6.04253e-19
 113.5000000       4.72542e-19       4.72542e-19
 113.6000000       3.61460e-19       3.61460e-19
 113.7000000       2.74861e-19       2.74861e-19
 113.8000000       2.07010e-19       2.07010e-19
 113.9000000       1.56078e-19       1.56078e-19
 114.0000000       1.17195e-19       1.17195e-19
 114.1000000       8.73413e-20       8.73413e-20
 114.2000000       6.42794e-20       6.42794e-20
 114.3000000       4.65044e-20       4.65044e-20
 114.4000000       3.28915e-20       3.28915e-20
 114.5000000       2.24792e-20       2.24792e-20
 114.6000000       1.45978e-20       1.45978e-20
 114.7000000       8.76665e-21       8.76665e-21
 114.8000000       4.62313e-21       4.62313e-21
 114.9000000       1.91153e-21       1.91153e-21
 115.0000000       4.55956e-22       4.55956e-22
 115.1000000       1.58642e-22       1.58642e-22
 115.2000000       1.04003e-21       1.04003e-21
 115.3000000       3.29353e-21       3.29353e-21
 115.4000000       7.46886e-21       7.46886e-21
 115.5000000       1.50997e-20       1.50997e-20
 115.6000000       3.14532e-20       3.14532e-20
 115.7000000       8.99352e-20       8.99352e-20
 115.8000000       2.12527e-18       2.12527e-18
 115.9000000       4.76726e-18       4.76726e-18
 116.0000000       2.21228e-19       2.21228e-19
 116.1000000       4.59470e-21       4.59470e-21
 116.2000000       5.51894e-22       5.51894e-22
 116.3000000       2.20764e-21       2.20764e-21
 116.4000000       5.17313e-21       5.17313e-21
 116.5000000       8.61490e-21       8.61490e-21
 116.6000000       1.21615e-20       1.21615e-20
 116.7000000       1.60534e-20       1.60534e-20
 116.8000000       1.99877e-20       1.99877e-20
 116.9000000       2.39220e-20       2.39220e-20
 117.0000000       2.78563e-20       2.78563e-20
 117.1000000       3.17918e-20       3.17918e-20
 117.2000000       3.60710e-20       3.60710e-20
 117.3000000       4.06212e-20       4.06212e-20
 117.4000000       4.51713e-20       4.51713e-20
 117.5000000       4.97215e-20       4.97215e-20
 117.6000000       5.42716e-20       5.42716e-20
 117.7000000       5.88218e-20       5.88218e-20
 117.8000000       6.33719e-20       6.33719e-20
 117.9000000       6.83831e-20       6.83831e-20
 118.0000000       7.38608e-20       7.38608e-20
 118.1000000       7.93385e-20       7.93385e-20
 118.2000000       8.48162e-20       8.48162e-20
 118.3000000       9.02939e-20       9.02939e-20
 118.4000000       9.57717e-20       9.57717e-20
 118.5000000       1.01249e-19       1.01249e-19
 118.6000000       1.06727e-19       1.06727e-19
 118.7000000       1.12208e-19       1.12208e-19
 118.8000000       1.18479e-19       1.18479e-19
 118.9000000       1.25371e-19       1.25371e-19
 119.0000000       1.32263e-19       1.32263e-19
 119.1000000       1.39156e-19       1.39156e-19
 119.2000000       1.46048e-19       1.46048e-19
 119.3000000       1.52940e-19       1.52940e-19
 119.4000000       1.59833e-19       1.59833e-19
 119.5000000       1.66725e-19       1.66725e-19
 119.6000000       1.73617e-19       1.73617e-19
 119.7000000       1.78778e-19       1.78778e-19
 119.8000000       1.55775e-19       1.55775e-19
 119.9000000       1.22884e-19       1.22884e-19
 120.0000000       8.99937e-20       8.99937e-20
 120.1000000       5.71033e-20       5.71033e-20
 120.2000000       2.70569e-20       2.70569e-20
 120.3000000       1.18442e-20       1.18442e-20
 120.4000000       1.11331e-20       1.11331e-20
 120.5000000       1.04689e-20       1.04689e-20
 120.6000000       9.80462e-21       9.80462e-21
 120.7000000       9.89628e-21       9.89628e-21
 120.8000000       1.99986e-20       1.99986e-20
 120.9000000       3.29197e-20       3.29197e-20
 121.0000000       4.01579e-20       4.01579e-20
 121.1000000       4.52239e-20       4.52239e-20
 121.2000000       5.02899e-20       5.02899e-20
 121.3000000       5.55533e-20       5.55533e-20
 121.4000000       6.14086e-20       6.14086e-20
 121.5000000       6.73038e-20       6.73038e-20
 121.6000000       7.32429e-20       7.32429e-20
 121.7000000       8.43697e-20       8.43697e-20
 121.8000000       9.90482e-20       9.90482e-20
 121.9000000       1.07405e-19       1.07405e-19
 122.0000000       1.10351e-19       1.10351e-19
 122.1000000       1.13296e-19       1.13296e-19
 122.2000000       1.16242e-19       1.16242e-19
 122.3000000       1.21369e-19       1.21369e-19
 122.4000000       1.29241e-19       1.29241e-19
 122.5000000       1.37122e-19       1.37122e-19
 122.6000000       1.44246e-19       1.44246e-19
 122.7000000       1.50145e-19       1.50145e-19
 122.8000000       1.56426e-19       1.56426e-19
 122.9000000       1.69011e-19       1.69011e-19
 123.0000000       1.83678e-19       1.83678e-19
 123.1000000       1.96315e-19       1.96315e-19
 123.2000000       2.08278e-19       2.08278e-19
 123.3000000       2.25418e-19       2.25418e-19
 123.4000000       2.44614e-19       2.44614e-19
 123.5000000       2.62279e-19       2.62279e-19
 123.6000000       2.77260e-19       2.77260e-19
 123.7000000       2.90554e-19       2.90554e-19
 123.8000000       3.07391e-19       3.07391e-19
 123.9000000       3.26179e-19       3.26179e-19
 124.0000000       3.40196e-19       3.40196e-19
 124.1000000       3.54168e-19       3.54168e-19
 124.2000000       3.72815e-19       3.72815e-19
 124.3000000       3.95376e-19       3.95376e-19
 124.4000000       4.15532e-19       4.15532e-19
 124.5000000       4.26206e-19       4.26206e-19
 124.6000000       4.36866e-19       4.36866e-19
 124.7000000       4.48400e-19       4.48400e-19
 124.8000000       4.60896e-19       4.60896e-19
 124.9000000       4.85722e-19       4.85722e-19
 125.0000000       5.15803e-19       5.15803e-19
 125.1000000       5.58181e-19       5.58181e-19
 125.2000000       5.88202e-19       5.88202e-19
 125.3000000       6.15408e-19       6.15408e-19
 125.4000000       6.44600e-19       6.44600e-19
 125.5000000       6.78950e-19       6.78950e-19
 125.6000000       7.18640e-19       7.18640e-19
 125.7000000       7.41716e-19       7.41716e-19
 125.8000000       7.60862e-19       7.60862e-19
 125.9000000       7.88458e-19       7.88458e-19
 126.0000000       8.15600e-19       8.15600e-19
 126.1000000       8.46944e-19       8.46944e-19
 126.2000000       8.88720e-19       8.88720e-19
 126.3000000       9.18278e-19       9.18278e-19
 126.4000000       9.47661e-19       9.47661e-19
 126.5000000       9.82818e-19       9.82818e-19
 126.6000000       1.00167e-18       1.00167e-18
 126.7000000       1.00953e-18       1.00953e-18
 126.8000000       1.01736e-18       1.01736e-18
 126.9000000       1.02467e-18       1.02467e-18
 127.0000000       1.03174e-18       1.03174e-18
 127.1000000       1.04925e-18       1.04925e-18
 127.2000000       1.08642e-18       1.08642e-18
 127.3000000       1.09621e-18       1.09621e-18
 127.4000000       1.09265e-18       1.09265e-18
 127.5000000       1.08846e-18       1.08846e-18
 127.6000000       1.08103e-18       1.08103e-18
 127.7000000       1.07313e-18       1.07313e-18
 127.8000000       1.06316e-18       1.06316e-18
 127.9000000       1.03879e-18       1.03879e-18
 128.0000000       1.00955e-18       1.00955e-18
 128.1000000       9.77365e-19       9.77365e-19
 128.2000000       9.35065e-19       9.35065e-19
 128.3000000       8.93300e-19       8.93300e-19
 128.4000000       8.45344e-19       8.45344e-19
 128.5000000       8.08185e-19       8.08185e-19
 128.6000000       7.71765e-19       7.71765e-19
 128.7000000       7.20421e-19       7.20421e-19
 128.8000000       6.82371e-19       6.82371e-19
 128.9000000       6.39231e-19       6.39231e-19
 129.0000000       6.08864e-19       6.08864e-19
 129.1000000       5.71770e-19       5.71770e-19
 129.2000000       5.35761e-19       5.35761e-19
 129.3000000       4.93807e-19       4.93807e-19
 129.4000000       4.56082e-19       4.56082e-19
 129.5000000       4.17753e-19       4.17753e-19
 129.6000000       3.88067e-19       3.88067e-19
 129.7000000       3.58480e-19       3.58480e-19
 129.8000000       3.36173e-19       3.36173e-19
 129.9000000       3.16221e-19       3.16221e-19
 130.0000000       2.89481e-19       2.89481e-19
 130.1000000       2.70605e-19       2.70605e-19
 130.2000000       2.46279e-19       2.46279e-19
 130.3000000       2.21831e-19       2.21831e-19
 130.4000000       2.01172e-19       2.01172e-19
 130.5000000       1.76117e-19       1.76117e-19
 130.6000000       1.55387e-19       1.55387e-19
 130.7000000       1.31130e-19       1.31130e-19
 130.8000000       1.10199e-19       1.10199e-19
 130.9000000       1.00682e-19       1.00682e-19
 131.0000000       9.11337e-20       9.11337e-20
 131.1000000       8.07182e-20       8.07182e-20
 131.2000000       7.00680e-20       7.00680e-20
 131.3000000       6.20769e-20       6.20769e-20
 131.4000000       5.93862e-20       5.93862e-20
 131.5000000       5.68418e-20       5.68418e-20
 131.6000000       5.39250e-20       5.39250e-20
 131.7000000       4.14722e-20       4.14722e-20
 131.8000000       2.48445e-20       2.48445e-20
 131.9000000       1.20593e-20       1.20593e-20
 132.0000000       1.12008e-20       1.12008e-20
 132.1000000       1.11932e-20       1.11932e-20
 132.2000000       1.11777e-20       1.11777e-20
 132.3000000       1.00158e-20       1.00158e-20
 132.4000000       8.03825e-21       8.03825e-21
 132.5000000       6.06068e-21       6.06068e-21
 132.6000000       4.08310e-21       4.08310e-21
 132.7000000       2.33247e-21       2.33247e-21
 132.8000000       2.05855e-21       2.05855e-21
 132.9000000       2.05098e-21       2.05098e-21
 133.0000000       2.04342e-21       2.04342e-21
 133.1000000       2.03585e-21       2.03585e-21
 133.2000000       2.02828e-21       2.02828e-21
 133.3000000       2.02071e-21       2.02071e-21
 133.4000000       2.01314e-21       2.01314e-21
 133.5000000       2.00557e-21       2.00557e-21
 133.6000000       1.99800e-21       1.99800e-21
 133.7000000       1.87101e-21       1.87101e-21
 133.8000000       1.45210e-21       1.45210e-21
 133.9000000       1.01993e-21       1.01993e-21
 134.0000000       5.87756e-22       5.87756e-22
 134.1000000       1.76775e-22       1.76775e-22
 134.2000000       1.10744e-21       1.10744e-21
 134.3000000       2.83782e-21       2.83782e-21
 134.4000000       4.56819e-21       4.56819e-21
 134.5000000       6.29857e-21       6.29857e-21
 134.6000000       7.78485e-21       7.78485e-21
 134.7000000       7.96924e-21       7.96924e-21
 134.8000000       7.96167e-21       7.96167e-21
 134.9000000       7.95410e-21       7.95410e-21
 135.0000000       7.94654e-21       7.94654e-21
 135.1000000       1.00801e-20       1.00801e-20
 135.2000000       1.51159e-20       1.51159e-20
 135.3000000       2.01678e-20       2.01678e-20
 135.4000000       2.49845e-20       2.49845e-20
 135.5000000       2.66865e-20       2.66865e-20
 135.6000000       2.74191e-20       2.74191e-20
 135.7000000       2.81517e-20       2.81517e-20
 135.8000000       2.89384e-20       2.89384e-20
 135.9000000       3.10086e-20       3.10086e-20
 136.0000000       3.36221e-20       3.36221e-20
 136.1000000       3.62355e-20       3.62355e-20
 136.2000000       3.88490e-20       3.88490e-20
 136.3000000       4.20958e-20       4.20958e-20
 136.4000000       4.77667e-20       4.77667e-20
 136.5000000       5.36756e-20       5.36756e-20
 136.6000000       6.00275e-20       6.00275e-20
 136.7000000       6.85692e-20       6.85692e-20
 136.8000000       7.74075e-20       7.74075e-20
 136.9000000       8.57044e-20       8.57044e-20
 137.0000000       9.03295e-20       9.03295e-20
 137.1000000       9.42662e-20       9.42662e-20
 137.2000000       9.81237e-20       9.81237e-20
 137.3000000       1.01248e-19       1.01248e-19
 137.4000000       1.04194e-19       1.04194e-19
 137.5000000       1.07140e-19       1.07140e-19
 137.6000000       1.09986e-19       1.09986e-19
 137.7000000       1.11260e-19       1.11260e-19
 137.8000000       1.11990e-19       1.11990e-19
 137.9000000       1.12721e-19       1.12721e-19
 138.0000000       1.13625e-19       1.13625e-19
 138.1000000       1.20262e-19       1.20262e-19
 138.2000000       1.29677e-19       1.29677e-19
 138.3000000       1.37810e-19       1.37810e-19
 138.4000000       1.41203e-19       1.41203e-19
 138.5000000       1.44154e-19       1.44154e-19
 138.6000000       1.47412e-19       1.47412e-19
 138.7000000       1.52129e-19       1.52129e-19
 138.8000000       1.57036e-19       1.57036e-19
 138.9000000       1.61547e-19       1.61547e-19
 139.0000000       1.63484e-19       1.63484e-19
 139.1000000       1.64957e-19       1.64957e-19
 139.2000000       1.66429e-19       1.66429e-19
 139.3000000       1.68238e-19       1.68238e-19
 139.4000000       1.73306e-19       1.73306e-19
 139.5000000       1.79195e-19       1.79195e-19
 139.6000000       1.84944e-19       1.84944e-19
 139.7000000       1.88590e-19       1.88590e-19
 139.8000000       1.91536e-19       1.91536e-19
 139.9000000       1.94482e-19       1.94482e-19
 140.0000000       1.97514e-19       1.97514e-19
 140.1000000       2.03162e-19       2.03162e-19
 140.2000000       2.10034e-19       2.10034e-19
 140.3000000       2.16868e-19       2.16868e-19
 140.4000000       2.20841e-19       2.20841e-19
 140.5000000       2.23048e-19       2.23048e-19
 140.6000000       2.25256e-19       2.25256e-19
 140.7000000       2.27471e-19       2.27471e-19
 140.8000000       2.38915e-19       2.38915e-19
 140.9000000       2.56347e-19       2.56347e-19
 141.0000000       2.59924e-19       2.59924e-19
 141.1000000       2.61099e-19       2.61099e-19
 141.2000000       2.64321e-19       2.64321e-19
 141.3000000       2.70219e-19       2.70219e-19
 141.4000000       2.76127e-19       2.76127e-19
 141.5000000       2.81214e-19       2.81214e-19
 141.6000000       2.84920e-19       2.84920e-19
 141.7000000       2.88604e-19       2.88604e-19
 141.8000000       2.92289e-19       2.92289e-19
 141.9000000       2.99983e-19       2.99983e-19
 142.0000000       3.16782e-19       3.16782e-19
 142.1000000       3.22768e-19       3.22768e-19
 142.2000000       3.23501e-19       3.23501e-19
 142.3000000       3.24233e-19       3.24233e-19
 142.4000000       3.24974e-19       3.24974e-19
 142.5000000       3.26458e-19       3.26458e-19
 142.6000000       3.28417e-19       3.28417e-19
 142.7000000       3.30388e-19       3.30388e-19
 142.8000000       3.40825e-19       3.40825e-19
 142.9000000       3.56719e-19       3.56719e-19
 143.0000000       3.61874e-19       3.61874e-19
 143.1000000       3.65240e-19       3.65240e-19
 143.2000000       3.68605e-19       3.68605e-19
 143.3000000       3.71975e-19       3.71975e-19
 143.4000000       3.75350e-19       3.75350e-19
 143.5000000       3.78724e-19       3.78724e-19
 143.6000000       3.82290e-19       3.82290e-19
 143.7000000       3.88377e-19       3.88377e-19
 143.8000000       3.95249e-19       3.95249e-19
 143.9000000       4.02122e-19       4.02122e-19
 144.0000000       4.08995e-19       4.08995e-19
 144.1000000       4.15867e-19       4.15867e-19
 144.2000000       4.22896e-19       4.22896e-19
 144.3000000       4.36856e-19       4.36856e-19
 144.4000000       4.51420e-19       4.51420e-19
 144.5000000       4.54461e-19       4.54461e-19
 144.6000000       4.56425e-19       4.56425e-19
 144.7000000       4.58874e-19       4.58874e-19
 144.8000000       4.63627e-19       4.63627e-19
 144.9000000       4.68679e-19       4.68679e-19
 145.0000000       4.73731e-19       4.73731e-19
 145.1000000       4.84726e-19       4.84726e-19
 145.2000000       5.00847e-19       5.00847e-19
 145.3000000       5.04419e-19       5.04419e-19
 145.4000000       5.05255e-19       5.05255e-19
 145.5000000       5.06090e-19       5.06090e-19
 145.6000000       5.08711e-19       5.08711e-19
 145.7000000       5.14542e-19       5.14542e-19
 145.8000000       5.20437e-19       5.20437e-19
 145.9000000       5.26363e-19       5.26363e-19
 146.0000000       5.32977e-19       5.32977e-19
 146.1000000       5.39872e-19       5.39872e-19
 146.2000000       5.46782e-19       5.46782e-19
 146.3000000       5.54315e-19       5.54315e-19
 146.4000000       5.62170e-19       5.62170e-19
 146.5000000       5.69999e-19       5.69999e-19
 146.6000000       5.74681e-19       5.74681e-19
 146.7000000       5.77204e-19       5.77204e-19
 146.8000000       5.79726e-19       5.79726e-19
 146.9000000       5.85779e-19       5.85779e-19
 147.0000000       6.10039e-19       6.10039e-19
 147.1000000       6.24119e-19       6.24119e-19
 147.2000000       6.35437e-19       6.35437e-19
 147.3000000       6.43281e-19       6.43281e-19
 147.4000000       6.50369e-19       6.50369e-19
 147.5000000       6.57003e-19       6.57003e-19
 147.6000000       6.62903e-19       6.62903e-19
 147.7000000       6.68792e-19       6.68792e-19
 147.8000000       6.82013e-19       6.82013e-19
 147.9000000       7.06229e-19       7.06229e-19
 148.0000000       7.19975e-19       7.19975e-19
 148.1000000       7.28913e-19       7.28913e-19
 148.2000000       7.25686e-19       7.25686e-19
 148.3000000       7.21735e-19       7.21735e-19
 148.4000000       7.20038e-19       7.20038e-19
 148.5000000       7.26384e-19       7.26384e-19
 148.6000000       7.33492e-19       7.33492e-19
 148.7000000       7.51692e-19       7.51692e-19
 148.8000000       7.74455e-19       7.74455e-19
 148.9000000       7.91537e-19       7.91537e-19
 149.0000000       7.93971e-19       7.93971e-19
 149.1000000       7.93963e-19       7.93963e-19
 149.2000000       7.95184e-19       7.95184e-19
 149.3000000       8.06308e-19       8.06308e-19
 149.4000000       8.18986e-19       8.18986e-19
 149.5000000       8.25503e-19       8.25503e-19
 149.6000000       8.30410e-19       8.30410e-19
 149.7000000       8.35317e-19       8.35317e-19
 149.8000000       8.40236e-19       8.40236e-19
 149.9000000       8.45159e-19       8.45159e-19
 150.0000000       8.50301e-19       8.50301e-19
 150.1000000       8.61060e-19       8.61060e-19
 150.2000000       8.74279e-19       8.74279e-19
 150.3000000       8.87540e-19       8.87540e-19
 150.4000000       9.00791e-19       9.00791e-19
 150.5000000       9.11359e-19       9.11359e-19
 150.6000000       9.20190e-19       9.20190e-19
 150.7000000       9.24014e-19       9.24014e-19
 150.8000000       9.24006e-19       9.24006e-19
 150.9000000       9.27821e-19       9.27821e-19
 151.0000000       9.52554e-19       9.52554e-19
 151.1000000       9.73520e-19       9.73520e-19
 151.2000000       9.96171e-19       9.96171e-19
 151.3000000       1.01246e-18       1.01246e-18
 151.4000000       1.01452e-18       1.01452e-18
 151.5000000       1.01648e-18       1.01648e-18
 151.6000000       1.02081e-18       1.02081e-18
 151.7000000       1.02957e-18       1.02957e-18
 151.8000000       1.03977e-18       1.03977e-18
 151.9000000       1.05294e-18       1.05294e-18
 152.0000000       1.06895e-18       1.06895e-18
 152.1000000       1.08574e-18       1.08574e-18
 152.2000000       1.08453e-18       1.08453e-18
 152.3000000       1.08247e-18       1.08247e-18
 152.4000000       1.10009e-18       1.10009e-18
 152.5000000       1.12761e-18       1.12761e-18
 152.6000000       1.13812e-18       1.13812e-18
 152.7000000       1.13693e-18       1.13693e-18
 152.8000000       1.13855e-18       1.13855e-18
 152.9000000       1.15580e-18       1.15580e-18
 153.0000000       1.16723e-18       1.16723e-18
 153.1000000       1.16976e-18       1.16976e-18
 153.2000000       1.17228e-18       1.17228e-18
 153.3000000       1.17596e-18       1.17596e-18
 153.4000000       1.19082e-18       1.19082e-18
 153.5000000       1.20691e-18       1.20691e-18
 153.6000000       1.22024e-18       1.22024e-18
 153.7000000       1.23116e-18       1.23116e-18
 153.8000000       1.23720e-18       1.23720e-18
 153.9000000       1.24309e-18       1.24309e-18
 154.0000000       1.25507e-18       1.25507e-18
 154.1000000       1.28353e-18       1.28353e-18
 154.2000000       1.30857e-18       1.30857e-18
 154.3000000       1.31918e-18       1.31918e-18
 154.4000000       1.32865e-18       1.32865e-18
 154.5000000       1.34038e-18       1.34038e-18
 154.6000000       1.35364e-18       1.35364e-18
 154.7000000       1.35693e-18       1.35693e-18
 154.8000000       1.35201e-18       1.35201e-18
 154.9000000       1.34709e-18       1.34709e-18
 155.0000000       1.34670e-18       1.34670e-18
 155.1000000       1.35142e-18       1.35142e-18
 155.2000000       1.35707e-18       1.35707e-18
 155.3000000       1.37087e-18       1.37087e-18
 155.4000000       1.38808e-18       1.38808e-18
 155.5000000       1.40708e-18       1.40708e-18
 155.6000000       1.41790e-18       1.41790e-18
 155.7000000       1.42617e-18       1.42617e-18
 155.8000000       1.44070e-18       1.44070e-18
 155.9000000       1.46952e-18       1.46952e-18
 156.0000000       1.49447e-18       1.49447e-18
 156.1000000       1.50695e-18       1.50695e-18
 156.2000000       1.52037e-18       1.52037e-18
 156.3000000       1.53952e-18       1.53952e-18
 156.4000000       1.55799e-18       1.55799e-18
 156.5000000       1.57399e-18       1.57399e-18
 156.6000000       1.58232e-18       1.58232e-18
 156.7000000       1.58880e-18       1.58880e-18
 156.8000000       1.59030e-18       1.59030e-18
 156.9000000       1.59103e-18       1.59103e-18
 157.0000000       1.59176e-18       1.59176e-18
 157.1000000       1.59476e-18       1.59476e-18
 157.2000000       1.61710e-18       1.61710e-18
 157.3000000       1.64394e-18       1.64394e-18
 157.4000000       1.64877e-18       1.64877e-18
 157.5000000       1.64755e-18       1.64755e-18
 157.6000000       1.65021e-18       1.65021e-18
 157.7000000       1.66969e-18       1.66969e-18
 157.8000000       1.70472e-18       1.70472e-18
 157.9000000       1.70925e-18       1.70925e-18
 158.0000000       1.70872e-18       1.70872e-18
 158.1000000       1.72388e-18       1.72388e-18
 158.2000000       1.73794e-18       1.73794e-18
 158.3000000       1.74452e-18       1.74452e-18
 158.4000000       1.75042e-18       1.75042e-18
 158.5000000       1.75728e-18       1.75728e-18
 158.6000000       1.76849e-18       1.76849e-18
 158.7000000       1.78101e-18       1.78101e-18
 158.8000000       1.79798e-18       1.79798e-18
 158.9000000       1.81659e-18       1.81659e-18
 159.0000000       1.83605e-18       1.83605e-18
 159.1000000       1.85406e-18       1.85406e-18
 159.2000000       1.87175e-18       1.87175e-18
 159.3000000       1.88906e-18       1.88906e-18
 159.4000000       1.90207e-18       1.90207e-18
 159.5000000       1.91357e-18       1.91357e-18
 159.6000000       1.92096e-18       1.92096e-18
 159.7000000       1.92347e-18       1.92347e-18
 159.8000000       1.91946e-18       1.91946e-18
 159.9000000       1.94824e-18       1.94824e-18
 160.0000000       1.96758e-18       1.96758e-18
 160.1000000       1.97668e-18       1.97668e-18
 160.2000000       1.98113e-18       1.98113e-18
 160.3000000       1.98823e-18       1.98823e-18
 160.4000000       1.99712e-18       1.99712e-18
 160.5000000       2.01745e-18       2.01745e-18
 160.6000000       2.05834e-18       2.05834e-18
 160.7000000       2.09464e-18       2.09464e-18
 160.8000000       2.12399e-18       2.12399e-18
 160.9000000       2.12823e-18       2.12823e-18
 161.0000000       2.13244e-18       2.13244e-18
 161.1000000       2.13655e-18       2.13655e-18
 161.2000000       2.13974e-18       2.13974e-18
 161.3000000       2.14570e-18       2.14570e-18
 161.4000000       2.19053e-18       2.19053e-18
 161.5000000       2.22584e-18       2.22584e-18
 161.6000000       2.22716e-18       2.22716e-18
 161.7000000       2.21898e-18       2.21898e-18
 161.8000000       2.22996e-18       2.22996e-18
 161.9000000       2.24688e-18       2.24688e-18
 162.0000000       2.25468e-18       2.25468e-18
 162.1000000       2.10976e-18       2.10976e-18
 162.2000000       1.53211e-18       1.53211e-18
 162.3000000       9.16379e-19       9.16379e-19
 162.4000000       3.38263e-19       3.38263e-19
 162.5000000       7.22278e-20       7.22278e-20
 162.6000000       0.00000e+00       0.00000e+00
 162.7000000       0.00000e+00       0.00000e+00
 162.8000000       0.00000e+00       0.00000e+00
 162.9000000       0.00000e+00       0.00000e+00
 163.0000000       0.00000e+00       0.00000e+00
 163.1000000       0.00000e+00       0.00000e+00
 163.2000000       0.00000e+00       0.00000e+00
 163.3000000       0.00000e+00       0.00000e+00
 163.4000000       0.00000e+00       0.00000e+00
 163.5000000       0.00000e+00       0.00000e+00
 163.6000000       0.00000e+00       0.00000e+00
 163.7000000       0.00000e+00       0.00000e+00
 163.8000000       0.00000e+00       0.00000e+00
 163.9000000       0.00000e+00       0.00000e+00
 164.0000000       0.00000e+00       0.00000e+00
 164.1000000       0.00000e+00       0.00000e+00
 164.2000000       0.00000e+00       0.00000e+00
 164.3000000       0.00000e+00       0.00000e+00
 164.4000000       0.00000e+00       0.00000e+00
 164.5000000       0.00000e+00       0.00000e+00
 164.6000000       0.00000e+00       0.00000e+00
 164.7000000       0.00000e+00       0.00000e+00
 164.8000000       0.00000e+00       0.00000e+00
 164.9000000       0.00000e+00       0.00000e+00
 165.0000000       0.00000e+00       0.00000e+00
 165.1000000       0.00000e+00       0.00000e+00
 165.2000000       0.00000e+00       0.00000e+00
 165.3000000       0.00000e+00       0.00000e+00
 165.4000000       0.00000e+00       0.00000e+00
 165.5000000       0.00000e+00       0.00000e+00
 165.6000000       0.00000e+00       0.00000e+00
 165.7000000       0.00000e+00       0.00000e+00
 165.8000000       0.00000e+00       0.00000e+00
 165.9000000       0.00000e+00       0.00000e+00
 166.0000000       0.00000e+00       0.00000e+00
 166.1000000       0.00000e+00       0.00000e+00
 166.2000000       0.00000e+00       0.00000e+00
 166.3000000       0.00000e+00       0.00000e+00
 166.4000000       0.00000e+00       0.00000e+00
 166.5000000       0.00000e+00       0.00000e+00
 166.6000000       0.00000e+00       0.00000e+00
 166.7000000       0.00000e+00       0.00000e+00
 166.8000000       0.00000e+00       0.00000e+00
 166.9000000       0.00000e+00       0.00000e+00
 167.0000000       0.00000e+00       0.00000e+00
 167.1000000       0.00000e+00       0.00000e+00
 167.2000000       0.00000e+00       0.00000e+00
 167.3000000       0.00000e+00       0.00000e+00
 167.4000000       0.00000e+00       0.00000e+00
 167.5000000       0.00000e+00       0.00000e+00
 167.6000000       0.00000e+00       0.00000e+00
 167.7000000       0.00000e+00       0.00000e+00
 167.8000000       0.00000e+00       0.00000e+00
 167.9000000       0.00000e+00       0.00000e+00
 168.0000000       0.00000e+00       0.00000e+00
 168.1000000       0.00000e+00       0.00000e+00
 168.2000000       0.00000e+00       0.00000e+00
 168.3000000       0.00000e+00       0.00000e+00
 168.4000000       0.00000e+00       0.00000e+00
 168.5000000       0.00000e+00       0.00000e+00
 168.6000000       0.00000e+00       0.00000e+00
 168.7000000       0.00000e+00       0.00000e+00
 168.8000000       0.00000e+00       0.00000e+00
 168.9000000       0.00000e+00       0.00000e+00
 169.0000000       0.00000e+00       0.00000e+00
 169.1000000       0.00000e+00       0.00000e+00
 169.2000000       0.00000e+00       0.00000e+00
 169.3000000       0.00000e+00       0.00000e+00
 169.4000000       0.00000e+00       0.00000e+00
 169.5000000       0.00000e+00       0.00000e+00
 169.6000000       0.00000e+00       0.00000e+00
 169.7000000       0.00000e+00       0.00000e+00
 169.8000000       0.00000e+00       0.00000e+00
 169.9000000       0.00000e+00       0.00000e+00
 170.0000000       0.00000e+00       0.00000e+00
 170.1000000       0.00000e+00       0.00000e+00
 170.2000000       0.00000e+00       0.00000e+00
 170.3000000       0.00000e+00       0.00000e+00
 170.4000000       0.00000e+00       0.00000e+00
 170.5000000       0.00000e+00       0.00000e+00
 170.6000000       0.00000e+00       0.00000e+00
 170.7000000       0.00000e+00       0.00000e+00
 170.8000000       0.00000e+00       0.00000e+00
 170.9000000       0.00000e+00       0.00000e+00
 171.0000000       0.00000e+00       0.00000e+00
 171.1000000       0.00000e+00       0.00000e+00
 171.2000000       0.00000e+00       0.00000e+00
 171.3000000       0.00000e+00       0.00000e+00
 171.4000000       0.00000e+00       0.00000e+00
 171.5000000       0.00000e+00       0.00000e+00
 171.6000000       0.00000e+00       0.00000e+00
 171.7000000       0.00000e+00       0.00000e+00
 171.8000000       0.00000e+00       0.00000e+00
 171.9000000       0.00000e+00       0.00000e+00
 172.0000000       0.00000e+00       0.00000e+00
 172.1000000       0.00000e+00       0.00000e+00
 172.2000000       0.00000e+00       0.00000e+00
 172.3000000       0.00000e+00       0.00000e+00
 172.4000000       0.00000e+00       0.00000e+00
 172.5000000       0.00000e+00       0.00000e+00
 172.6000000       0.00000e+00       0.00000e+00
 172.7000000       0.00000e+00       0.00000e+00
 172.8000000       0.00000e+00       0.00000e+00
 172.9000000       0.00000e+00       0.00000e+00
 173.0000000       0.00000e+00       0.00000e+00
 173.1000000       0.00000e+00       0.00000e+00
 173.2000000       0.00000e+00       0.00000e+00
 173.3000000       0.00000e+00       0.00000e+00
 173.4000000       0.00000e+00       0.00000e+00
 173.5000000       0.00000e+00       0.00000e+00
 173.6000000       0.00000e+00       0.00000e+00
 173.7000000       0.00000e+00       0.00000e+00
 173.8000000       0.00000e+00       0.00000e+00
 173.9000000       0.00000e+00       0.00000e+00
 174.0000000       0.00000e+00       0.00000e+00
 174.1000000       0.00000e+00       0.00000e+00
 174.2000000       0.00000e+00       0.00000e+00
 174.3000000       0.00000e+00       0.00000e+00
 174.4000000       0.00000e+00       0.00000e+00
 174.5000000       0.00000e+00       0.00000e+00
 174.6000000       0.00000e+00       0.00000e+00
 174.7000000       0.00000e+00       0.00000e+00
 174.8000000       0.00000e+00       0.00000e+00
 174.9000000       0.00000e+00       0.00000e+00
 175.0000000       0.00000e+00       0.00000e+00
 175.1000000       0.00000e+00       0.00000e+00
 175.2000000       0.00000e+00       0.00000e+00
 175.3000000       0.00000e+00       0.00000e+00
 175.4000000       0.00000e+00       0.00000e+00
 175.5000000       0.00000e+00       0.00000e+00
 175.6000000       0.00000e+00       0.00000e+00
 175.7000000       0.00000e+00       0.00000e+00
 175.8000000       0.00000e+00       0.00000e+00
 175.9000000       0.00000e+00       0.00000e+00
 176.0000000       0.00000e+00       0.00000e+00
 176.1000000       0.00000e+00       0.00000e+00
 176.2000000       0.00000e+00       0.00000e+00
 176.3000000       0.00000e+00       0.00000e+00
 176.4000000       0.00000e+00       0.00000e+00
 176.5000000       0.00000e+00       0.00000e+00
 176.6000000       0.00000e+00       0.00000e+00
 176.7000000       0.00000e+00       0.00000e+00
 176.8000000       0.00000e+00       0.00000e+00
 176.9000000       0.00000e+00       0.00000e+00
 177.0000000       0.00000e+00       0.00000e+00
 177.1000000       0.00000e+00       0.00000e+00
 177.2000000       0.00000e+00       0.00000e+00
 177.3000000       0.00000e+00       0.00000e+00
 177.4000000       0.00000e+00       0.00000e+00
 177.5000000       0.00000e+00       0.00000e+00
 177.6000000       0.00000e+00       0.00000e+00
 177.7000000       0.00000e+00       0.00000e+00
 177.8000000       0.00000e+00       0.00000e+00
 177.9000000       0.00000e+00       0.00000e+00
 178.0000000       0.00000e+00       0.00000e+00
 178.1000000       0.00000e+00       0.00000e+00
 178.2000000       0.00000e+00       0.00000e+00
 178.3000000       0.00000e+00       0.00000e+00
 178.4000000       0.00000e+00       0.00000e+00
 178.5000000       0.00000e+00       0.00000e+00
 178.6000000       0.00000e+00       0.00000e+00
 178.7000000       0.00000e+00       0.00000e+00
 178.8000000       0.00000e+00       0.00000e+00
 178.9000000       0.00000e+00       0.00000e+00
 179.0000000       0.00000e+00       0.00000e+00
 179.1000000       0.00000e+00       0.00000e+00
 179.2000000       0.00000e+00       0.00000e+00
 179.3000000       0.00000e+00       0.00000e+00
 179.4000000       0.00000e+00       0.00000e+00
 179.5000000       0.00000e+00       0.00000e+00
 179.6000000       0.00000e+00       0.00000e+00
 179.7000000       0.00000e+00       0.00000e+00
 179.8000000       0.00000e+00       0.00000e+00
 179.9000000       0.00000e+00       0.00000e+00
 180.0000000       0.00000e+00       0.00000e+00
 180.1000000       0.00000e+00       0.00000e+00
 180.2000000       0.00000e+00       0.00000e+00
 180.3000000       0.00000e+00       0.00000e+00
 180.4000000       0.00000e+00       0.00000e+00
 180.5000000       0.00000e+00       0.00000e+00
 180.6000000       0.00000e+00       0.00000e+00
 180.7000000       0.00000e+00       0.00000e+00
 180.8000000       0.00000e+00       0.00000e+00
 180.9000000       0.00000e+00       0.00000e+00
 181.0000000       0.00000e+00       0.00000e+00
 181.1000000       0.00000e+00       0.00000e+00
 181.2000000       0.00000e+00       0.00000e+00
 181.3000000       0.00000e+00       0.00000e+00
 181.4000000       0.00000e+00       0.00000e+00
 181.5000000       0.00000e+00       0.00000e+00
 181.6000000       0.00000e+00       0.00000e+00
 181.7000000       0.00000e+00       0.00000e+00
 181.8000000       0.00000e+00       0.00000e+00
 181.9000000       0.00000e+00       0.00000e+00
 182.0000000       0.00000e+00       0.00000e+00
 182.1000000       0.00000e+00       0.00000e+00
 182.2000000       0.00000e+00       0.00000e+00
 182.3000000       0.00000e+00       0.00000e+00
 182.4000000       0.00000e+00       0.00000e+00
 182.5000000       0.00000e+00       0.00000e+00
 182.6000000       0.00000e+00       0.00000e+00
 182.7000000       0.00000e+00       0.00000e+00
 182.8000000       0.00000e+00       0.00000e+00
 182.9000000       0.00000e+00       0.00000e+00
 183.0000000       0.00000e+00       0.00000e+00
 183.1000000       0.00000e+00       0.00000e+00
 183.2000000       0.00000e+00       0.00000e+00
 183.3000000       0.00000e+00       0.00000e+00
 183.4000000       0.00000e+00       0.00000e+00
 183.5000000       0.00000e+00       0.00000e+00
 183.6000000       0.00000e+00       0.00000e+00
 183.7000000       0.00000e+00       0.00000e+00
 183.8000000       0.00000e+00       0.00000e+00
 183.9000000       0.00000e+00       0.00000e+00
 184.0000000       0.00000e+00       0.00000e+00
 184.1000000       0.00000e+00       0.00000e+00
 184.2000000       0.00000e+00       0.00000e+00
 184.3000000       0.00000e+00       0.00000e+00
 184.4000000       0.00000e+00       0.00000e+00
 184.5000000       0.00000e+00       0.00000e+00
 184.6000000       0.00000e+00       0.00000e+00
 184.7000000       0.00000e+00       0.00000e+00
 184.8000000       0.00000e+00       0.00000e+00
 184.9000000       0.00000e+00       0.00000e+00
 185.0000000       0.00000e+00       0.00000e+00
 185.1000000       0.00000e+00       0.00000e+00
 185.2000000       0.00000e+00       0.00000e+00
 185.3000000       0.00000e+00       0.00000e+00
 185.4000000       0.00000e+00       0.00000e+00
 185.5000000       0.00000e+00       0.00000e+00
 185.6000000       0.00000e+00       0.00000e+00
 185.7000000       0.00000e+00       0.00000e+00
 185.8000000       0.00000e+00       0.00000e+00
 185.9000000       0.00000e+00       0.00000e+00
 186.0000000       0.00000e+00       0.00000e+00
 186.1000000       0.00000e+00       0.00000e+00
 186.2000000       0.00000e+00       0.00000e+00
 186.3000000       0.00000e+00       0.00000e+00
 186.4000000       0.00000e+00       0.00000e+00
 186.5000000       0.00000e+00       0.00000e+00
 186.6000000       0.00000e+00       0.00000e+00
 186.7000000       0.00000e+00       0.00000e+00
 186.8000000       0.00000e+00       0.00000e+00
 186.9000000       0.00000e+00       0.00000e+00
 187.0000000       0.00000e+00       0.00000e+00
 187.1000000       0.00000e+00       0.00000e+00
 187.2000000       0.00000e+00       0.00000e+00
 187.3000000       0.00000e+00       0.00000e+00
 187.4000000       0.00000e+00       0.00000e+00
 187.5000000       0.00000e+00       0.00000e+00
 187.6000000       0.00000e+00       0.00000e+00
 187.7000000       0.00000e+00       0.00000e+00
 187.8000000       0.00000e+00       0.00000e+00
 187.9000000       0.00000e+00       0.00000e+00
 188.0000000       0.00000e+00       0.00000e+00
 188.1000000       0.00000e+00       0.00000e+00
 188.2000000       0.00000e+00       0.00000e+00
 188.3000000       0.00000e+00       0.00000e+00
 188.4000000       0.00000e+00       0.00000e+00
 188.5000000       0.00000e+00       0.00000e+00
 188.6000000       0.00000e+00       0.00000e+00
 188.7000000       0.00000e+00       0.00000e+00
 188.8000000       0.00000e+00       0.00000e+00
 188.9000000       0.00000e+00       0.00000e+00
 189.0000000       0.00000e+00       0.00000e+00
 189.1000000       0.00000e+00       0.00000e+00
 189.2000000       0.00000e+00       0.00000e+00
 189.3000000       0.00000e+00       0.00000e+00
 189.4000000       0.00000e+00       0.00000e+00
 189.5000000       0.00000e+00       0.00000e+00
 189.6000000       0.00000e+00       0.00000e+00
 189.7000000       0.00000e+00       0.00000e+00
 189.8000000       0.00000e+00       0.00000e+00
 189.9000000       0.00000e+00       0.00000e+00
 190.0000000       0.00000e+00       0.00000e+00
 190.1000000       0.00000e+00       0.00000e+00
 190.2000000       0.00000e+00       0.00000e+00
 190.3000000       0.00000e+00       0.00000e+00
 190.4000000       0.00000e+00       0.00000e+00
 190.5000000       0.00000e+00       0.00000e+00
 190.6000000       0.00000e+00       0.00000e+00
 190.7000000       0.00000e+00       0.00000e+00
 190.8000000       0.00000e+00       0.00000e+00
 190.9000000       0.00000e+00       0.00000e+00
 191.0000000       0.00000e+00       0.00000e+00
 191.1000000       0.00000e+00       0.00000e+00
 191.2000000       0.00000e+00       0.00000e+00
 191.3000000       0.00000e+00       0.00000e+00
 191.4000000       0.00000e+00       0.00000e+00
 191.5000000       0.00000e+00       0.00000e+00
 191.6000000       0.00000e+00       0.00000e+00
 191.7000000       0.00000e+00       0.00000e+00
 191.8000000       0.00000e+00       0.00000e+00
 191.9000000       0.00000e+00       0.00000e+00
 192.0000000       0.00000e+00       0.00000e+00
 192.1000000       0.00000e+00       0.00000e+00
 192.2000000       0.00000e+00       0.00000e+00
 192.3000000       0.00000e+00       0.00000e+00
 192.4000000       0.00000e+00       0.00000e+00
 192.5000000       0.00000e+00       0.00000e+00
 192.6000000       0.00000e+00       0.00000e+00
 192.7000000       0.00000e+00       0.00000e+00
 192.8000000       0.00000e+00       0.00000e+00
 192.9000000       0.00000e+00       0.00000e+00
 193.0000000       0.00000e+00       0.00000e+00
 193.1000000       0.00000e+00       0.00000e+00
 193.2000000       0.00000e+00       0.00000e+00
 193.3000000       0.00000e+00       0.00000e+00
 193.4000000       0.00000e+00       0.00000e+00
 193.5000000       0.00000e+00       0.00000e+00
 193.6000000       0.00000e+00       0.00000e+00
 193.7000000       0.00000e+00       0.00000e+00
 193.8000000       0.00000e+00       0.00000e+00
 193.9000000       0.00000e+00       0.00000e+00
 194.0000000       0.00000e+00       0.00000e+00
 194.1000000       0.00000e+00       0.00000e+00
 194.2000000       0.00000e+00       0.00000e+00
 194.3000000       0.00000e+00       0.00000e+00
 194.4000000       0.00000e+00       0.00000e+00
 194.5000000       0.00000e+00       0.00000e+00
 194.6000000       0.00000e+00       0.00000e+00
 194.7000000       0.00000e+00       0.00000e+00
 194.8000000       0.00000e+00       0.00000e+00
 194.9000000       0.00000e+00       0.00000e+00
 195.0000000       0.00000e+00       0.00000e+00
 195.1000000       0.00000e+00       0.00000e+00
 195.2000000       0.00000e+00       0.00000e+00
 195.3000000       0.00000e+00       0.00000e+00
 195.4000000       0.00000e+00       0.00000e+00
 195.5000000       0.00000e+00       0.00000e+00
 195.6000000       0.00000e+00       0.00000e+00
 195.7000000       0.00000e+00       0.00000e+00
 195.8000000       0.00000e+00       0.00000e+00
 195.9000000       0.00000e+00       0.00000e+00
 196.0000000       0.00000e+00       0.00000e+00
 196.1000000       0.00000e+00       0.00000e+00
 196.2000000       0.00000e+00       0.00000e+00
 196.3000000       0.00000e+00       0.00000e+00
 196.4000000       0.00000e+00       0.00000e+00
 196.5000000       0.00000e+00       0.00000e+00
 196.6000000       0.00000e+00       0.00000e+00
 196.7000000       0.00000e+00       0.00000e+00
 196.8000000       0.00000e+00       0.00000e+00
 196.9000000       0.00000e+00       0.00000e+00
 197.0000000       0.00000e+00       0.00000e+00
 197.1000000       0.00000e+00       0.00000e+00
 197.2000000       0.00000e+00       0.00000e+00
 197.3000000       0.00000e+00       0.00000e+00
 197.4000000       0.00000e+00       0.00000e+00
 197.5000000       0.00000e+00       0.00000e+00
 197.6000000       0.00000e+00       0.00000e+00
 197.7000000       0.00000e+00       0.00000e+00
 197.8000000       0.00000e+00       0.00000e+00
 197.9000000       0.00000e+00       0.00000e+00
 198.0000000       0.00000e+00       0.00000e+00
 198.1000000       0.00000e+00       0.00000e+00
 198.2000000       0.00000e+00       0.00000e+00
 198.3000000       0.00000e+00       0.00000e+00
 198.4000000       0.00000e+00       0.00000e+00
 198.5000000       0.00000e+00       0.00000e+00
 198.6000000       0.00000e+00       0.00000e+00
 198.7000000       0.00000e+00       0.00000e+00
 198.8000000       0.00000e+00       0.00000e+00
 198.9000000       0.00000e+00       0.00000e+00
 199.0000000       0.00000e+00       0.00000e+00
 199.1000000       0.00000e+00       0.00000e+00
 199.2000000       0.00000e+00       0.00000e+00
 199.3000000       0.00000e+00       0.00000e+00
 199.4000000       0.00000e+00       0.00000e+00
 199.5000000       0.00000e+00       0.00000e+00
 199.6000000       0.00000e+00       0.00000e+00
 199.7000000       0.00000e+00       0.00000e+00
 199.8000000       0.00000e+00       0.00000e+00
