# b'N2 cross sections\nAlan Heays 2015-09-25\nReference: heays2014a, shaw_etal1992, samson1987\nTex = 100K # excitation temperature\nb   = 1km.s-1 # Doppler width\nphotoabsorption   -- Photoabsorption cross section (cm2)\nphotodissociation -- Photodissociation cross section (cm2)\nphotoionisation   -- Photoionisation cross section (cm2)'
# 
# wavelength   photoabsorption photodissociation   photoionisation
  11.6000000       1.79821e-18       0.00000e+00       1.79821e-18
  11.7000000       1.82857e-18       0.00000e+00       1.82857e-18
  11.8000000       1.86905e-18       0.00000e+00       1.86905e-18
  11.9000000       1.90952e-18       0.00000e+00       1.90952e-18
  12.0000000       1.94994e-18       0.00000e+00       1.94994e-18
  12.1000000       1.99000e-18       0.00000e+00       1.99000e-18
  12.2000000       2.03000e-18       0.00000e+00       2.03000e-18
  12.3000000       2.07000e-18       0.00000e+00       2.07000e-18
  12.4000000       2.11000e-18       0.00000e+00       2.11000e-18
  12.5000000       2.15050e-18       0.00000e+00       2.15050e-18
  12.6000000       2.19400e-18       0.00000e+00       2.19400e-18
  12.7000000       2.23800e-18       0.00000e+00       2.23800e-18
  12.8000000       2.28200e-18       0.00000e+00       2.28200e-18
  12.9000000       2.32600e-18       0.00000e+00       2.32600e-18
  13.0000000       2.36925e-18       0.00000e+00       2.36925e-18
  13.1000000       2.40800e-18       0.00000e+00       2.40800e-18
  13.2000000       2.44600e-18       0.00000e+00       2.44600e-18
  13.3000000       2.48400e-18       0.00000e+00       2.48400e-18
  13.4000000       2.52200e-18       0.00000e+00       2.52200e-18
  13.5000000       2.56050e-18       0.00000e+00       2.56050e-18
  13.6000000       2.60200e-18       0.00000e+00       2.60200e-18
  13.7000000       2.64400e-18       0.00000e+00       2.64400e-18
  13.8000000       2.68600e-18       0.00000e+00       2.68600e-18
  13.9000000       2.72800e-18       0.00000e+00       2.72800e-18
  14.0000000       2.77000e-18       0.00000e+00       2.77000e-18
  14.1000000       2.81200e-18       0.00000e+00       2.81200e-18
  14.2000000       2.85400e-18       0.00000e+00       2.85400e-18
  14.3000000       2.89600e-18       0.00000e+00       2.89600e-18
  14.4000000       2.93800e-18       0.00000e+00       2.93800e-18
  14.5000000       2.98050e-18       0.00000e+00       2.98050e-18
  14.6000000       3.02600e-18       0.00000e+00       3.02600e-18
  14.7000000       3.07200e-18       0.00000e+00       3.07200e-18
  14.8000000       3.11800e-18       0.00000e+00       3.11800e-18
  14.9000000       3.16400e-18       0.00000e+00       3.16400e-18
  15.0000000       3.21050e-18       0.00000e+00       3.21050e-18
  15.1000000       3.26000e-18       0.00000e+00       3.26000e-18
  15.2000000       3.31000e-18       0.00000e+00       3.31000e-18
  15.3000000       3.36000e-18       0.00000e+00       3.36000e-18
  15.4000000       3.41000e-18       0.00000e+00       3.41000e-18
  15.5000000       3.46000e-18       0.00000e+00       3.46000e-18
  15.6000000       3.51000e-18       0.00000e+00       3.51000e-18
  15.7000000       3.56000e-18       0.00000e+00       3.56000e-18
  15.8000000       3.61000e-18       0.00000e+00       3.61000e-18
  15.9000000       3.66000e-18       0.00000e+00       3.66000e-18
  16.0000000       3.71025e-18       0.00000e+00       3.71025e-18
  16.1000000       3.76200e-18       0.00000e+00       3.76200e-18
  16.2000000       3.81400e-18       0.00000e+00       3.81400e-18
  16.3000000       3.86600e-18       0.00000e+00       3.86600e-18
  16.4000000       3.91800e-18       0.00000e+00       3.91800e-18
  16.5000000       3.97025e-18       0.00000e+00       3.97025e-18
  16.6000000       4.02400e-18       0.00000e+00       4.02400e-18
  16.7000000       4.07800e-18       0.00000e+00       4.07800e-18
  16.8000000       4.13200e-18       0.00000e+00       4.13200e-18
  16.9000000       4.18600e-18       0.00000e+00       4.18600e-18
  17.0000000       4.24000e-18       0.00000e+00       4.24000e-18
  17.1000000       4.29400e-18       0.00000e+00       4.29400e-18
  17.2000000       4.34800e-18       0.00000e+00       4.34800e-18
  17.3000000       4.40200e-18       0.00000e+00       4.40200e-18
  17.4000000       4.45600e-18       0.00000e+00       4.45600e-18
  17.5000000       4.51075e-18       0.00000e+00       4.51075e-18
  17.6000000       4.57000e-18       0.00000e+00       4.57000e-18
  17.7000000       4.63000e-18       0.00000e+00       4.63000e-18
  17.8000000       4.69000e-18       0.00000e+00       4.69000e-18
  17.9000000       4.75000e-18       0.00000e+00       4.75000e-18
  18.0000000       4.81125e-18       0.00000e+00       4.81125e-18
  18.1000000       4.88000e-18       0.00000e+00       4.88000e-18
  18.2000000       4.95000e-18       0.00000e+00       4.95000e-18
  18.3000000       5.02000e-18       0.00000e+00       5.02000e-18
  18.4000000       5.09000e-18       0.00000e+00       5.09000e-18
  18.5000000       5.15975e-18       0.00000e+00       5.15975e-18
  18.6000000       5.22800e-18       0.00000e+00       5.22800e-18
  18.7000000       5.29600e-18       0.00000e+00       5.29600e-18
  18.8000000       5.36400e-18       0.00000e+00       5.36400e-18
  18.9000000       5.43200e-18       0.00000e+00       5.43200e-18
  19.0000000       5.49975e-18       0.00000e+00       5.49975e-18
  19.1000000       5.56600e-18       0.00000e+00       5.56600e-18
  19.2000000       5.63200e-18       0.00000e+00       5.63200e-18
  19.3000000       5.69800e-18       0.00000e+00       5.69800e-18
  19.4000000       5.76400e-18       0.00000e+00       5.76400e-18
  19.5000000       5.83100e-18       0.00000e+00       5.83100e-18
  19.6000000       5.90400e-18       0.00000e+00       5.90400e-18
  19.7000000       5.97800e-18       0.00000e+00       5.97800e-18
  19.8000000       6.05200e-18       0.00000e+00       6.05200e-18
  19.9000000       6.12600e-18       0.00000e+00       6.12600e-18
  20.0000000       6.20025e-18       0.00000e+00       6.20025e-18
  20.1000000       6.27600e-18       0.00000e+00       6.27600e-18
  20.2000000       6.35200e-18       0.00000e+00       6.35200e-18
  20.3000000       6.42800e-18       0.00000e+00       6.42800e-18
  20.4000000       6.50400e-18       0.00000e+00       6.50400e-18
  20.5000000       6.58075e-18       0.00000e+00       6.58075e-18
  20.6000000       6.66200e-18       0.00000e+00       6.66200e-18
  20.7000000       6.74400e-18       0.00000e+00       6.74400e-18
  20.8000000       6.82600e-18       0.00000e+00       6.82600e-18
  20.9000000       6.90800e-18       0.00000e+00       6.90800e-18
  21.0000000       6.99000e-18       0.00000e+00       6.99000e-18
  21.1000000       7.07200e-18       0.00000e+00       7.07200e-18
  21.2000000       7.15400e-18       0.00000e+00       7.15400e-18
  21.3000000       7.23600e-18       0.00000e+00       7.23600e-18
  21.4000000       7.31800e-18       0.00000e+00       7.31800e-18
  21.5000000       7.40100e-18       0.00000e+00       7.40100e-18
  21.6000000       7.49000e-18       0.00000e+00       7.49000e-18
  21.7000000       7.58000e-18       0.00000e+00       7.58000e-18
  21.8000000       7.67000e-18       0.00000e+00       7.67000e-18
  21.9000000       7.76000e-18       0.00000e+00       7.76000e-18
  22.0000000       7.84950e-18       0.00000e+00       7.84950e-18
  22.1000000       7.93600e-18       0.00000e+00       7.93600e-18
  22.2000000       8.02200e-18       0.00000e+00       8.02200e-18
  22.3000000       8.10800e-18       0.00000e+00       8.10800e-18
  22.4000000       8.19400e-18       0.00000e+00       8.19400e-18
  22.5000000       8.28000e-18       0.00000e+00       8.28000e-18
  22.6000000       8.36600e-18       0.00000e+00       8.36600e-18
  22.7000000       8.45200e-18       0.00000e+00       8.45200e-18
  22.8000000       8.53800e-18       0.00000e+00       8.53800e-18
  22.9000000       8.62400e-18       0.00000e+00       8.62400e-18
  23.0000000       8.70950e-18       0.00000e+00       8.70950e-18
  23.1000000       8.79200e-18       0.00000e+00       8.79200e-18
  23.2000000       8.87400e-18       0.00000e+00       8.87400e-18
  23.3000000       8.95600e-18       0.00000e+00       8.95600e-18
  23.4000000       9.03800e-18       0.00000e+00       9.03800e-18
  23.5000000       9.11925e-18       0.00000e+00       9.11925e-18
  23.6000000       9.19600e-18       0.00000e+00       9.19600e-18
  23.7000000       9.27200e-18       0.00000e+00       9.27200e-18
  23.8000000       9.34800e-18       0.00000e+00       9.34800e-18
  23.9000000       9.42400e-18       0.00000e+00       9.42400e-18
  24.0000000       9.49800e-18       0.00000e+00       9.49800e-18
  24.1000000       9.56000e-18       0.00000e+00       9.56000e-18
  24.2000000       9.62000e-18       0.00000e+00       9.62000e-18
  24.3000000       9.68000e-18       0.00000e+00       9.68000e-18
  24.4000000       9.74000e-18       0.00000e+00       9.74000e-18
  24.5000000       9.79800e-18       0.00000e+00       9.79800e-18
  24.6000000       9.84400e-18       0.00000e+00       9.84400e-18
  24.7000000       9.88800e-18       0.00000e+00       9.88800e-18
  24.8000000       9.93200e-18       0.00000e+00       9.93200e-18
  24.9000000       9.97600e-18       0.00000e+00       9.97600e-18
  25.0000000       1.00185e-17       0.00000e+00       1.00185e-17
  25.1000000       1.00520e-17       0.00000e+00       1.00520e-17
  25.2000000       1.00840e-17       0.00000e+00       1.00840e-17
  25.3000000       1.01160e-17       0.00000e+00       1.01160e-17
  25.4000000       1.01480e-17       0.00000e+00       1.01480e-17
  25.5000000       1.01785e-17       0.00000e+00       1.01785e-17
  25.6000000       1.02000e-17       0.00000e+00       1.02000e-17
  25.7000000       1.02200e-17       0.00000e+00       1.02200e-17
  25.8000000       1.02400e-17       0.00000e+00       1.02400e-17
  25.9000000       1.02600e-17       0.00000e+00       1.02600e-17
  26.0000000       1.02805e-17       0.00000e+00       1.02805e-17
  26.1000000       1.03040e-17       0.00000e+00       1.03040e-17
  26.2000000       1.03280e-17       0.00000e+00       1.03280e-17
  26.3000000       1.03520e-17       0.00000e+00       1.03520e-17
  26.4000000       1.03760e-17       0.00000e+00       1.03760e-17
  26.5000000       1.03995e-17       0.00000e+00       1.03995e-17
  26.6000000       1.04200e-17       0.00000e+00       1.04200e-17
  26.7000000       1.04400e-17       0.00000e+00       1.04400e-17
  26.8000000       1.04600e-17       0.00000e+00       1.04600e-17
  26.9000000       1.04800e-17       0.00000e+00       1.04800e-17
  27.0000000       1.05003e-17       0.00000e+00       1.05003e-17
  27.1000000       1.05220e-17       0.00000e+00       1.05220e-17
  27.2000000       1.05440e-17       0.00000e+00       1.05440e-17
  27.3000000       1.05660e-17       0.00000e+00       1.05660e-17
  27.4000000       1.05880e-17       0.00000e+00       1.05880e-17
  27.5000000       1.06115e-17       0.00000e+00       1.06115e-17
  27.6000000       1.06440e-17       0.00000e+00       1.06440e-17
  27.7000000       1.06780e-17       0.00000e+00       1.06780e-17
  27.8000000       1.07120e-17       0.00000e+00       1.07120e-17
  27.9000000       1.07460e-17       0.00000e+00       1.07460e-17
  28.0000000       1.07793e-17       0.00000e+00       1.07793e-17
  28.1000000       1.08080e-17       0.00000e+00       1.08080e-17
  28.2000000       1.08360e-17       0.00000e+00       1.08360e-17
  28.3000000       1.08640e-17       0.00000e+00       1.08640e-17
  28.4000000       1.08920e-17       0.00000e+00       1.08920e-17
  28.5000000       1.09210e-17       0.00000e+00       1.09210e-17
  28.6000000       1.09560e-17       0.00000e+00       1.09560e-17
  28.7000000       1.09920e-17       0.00000e+00       1.09920e-17
  28.8000000       1.10280e-17       0.00000e+00       1.10280e-17
  28.9000000       1.10640e-17       0.00000e+00       1.10640e-17
  29.0000000       1.10998e-17       0.00000e+00       1.10998e-17
  29.1000000       1.11340e-17       0.00000e+00       1.11340e-17
  29.2000000       1.11680e-17       0.00000e+00       1.11680e-17
  29.3000000       1.12020e-17       0.00000e+00       1.12020e-17
  29.4000000       1.12360e-17       0.00000e+00       1.12360e-17
  29.5000000       1.12715e-17       0.00000e+00       1.12715e-17
  29.6000000       1.13160e-17       0.00000e+00       1.13160e-17
  29.7000000       1.13620e-17       0.00000e+00       1.13620e-17
  29.8000000       1.14080e-17       0.00000e+00       1.14080e-17
  29.9000000       1.14540e-17       0.00000e+00       1.14540e-17
  30.0000000       1.15008e-17       0.00000e+00       1.15008e-17
  30.1000000       1.15526e-17       0.00000e+00       1.15526e-17
  30.2000000       1.16053e-17       0.00000e+00       1.16053e-17
  30.3000000       1.16579e-17       0.00000e+00       1.16579e-17
  30.4000000       1.17103e-17       0.00000e+00       1.17103e-17
  30.5000000       1.17619e-17       0.00000e+00       1.17619e-17
  30.6000000       1.18135e-17       0.00000e+00       1.18135e-17
  30.7000000       1.18652e-17       0.00000e+00       1.18652e-17
  30.8000000       1.19168e-17       0.00000e+00       1.19168e-17
  30.9000000       1.19684e-17       0.00000e+00       1.19684e-17
  31.0000000       1.20223e-17       0.00000e+00       1.20223e-17
  31.1000000       1.20900e-17       0.00000e+00       1.20900e-17
  31.2000000       1.21600e-17       0.00000e+00       1.21600e-17
  31.3000000       1.22300e-17       0.00000e+00       1.22300e-17
  31.4000000       1.23000e-17       0.00000e+00       1.23000e-17
  31.5000000       1.23703e-17       0.00000e+00       1.23703e-17
  31.6000000       1.24420e-17       0.00000e+00       1.24420e-17
  31.7000000       1.25140e-17       0.00000e+00       1.25140e-17
  31.8000000       1.25860e-17       0.00000e+00       1.25860e-17
  31.9000000       1.26580e-17       0.00000e+00       1.26580e-17
  32.0000000       1.27310e-17       0.00000e+00       1.27310e-17
  32.1000000       1.28100e-17       0.00000e+00       1.28100e-17
  32.2000000       1.28900e-17       0.00000e+00       1.28900e-17
  32.3000000       1.29700e-17       0.00000e+00       1.29700e-17
  32.4000000       1.30500e-17       0.00000e+00       1.30500e-17
  32.5000000       1.31305e-17       0.00000e+00       1.31305e-17
  32.6000000       1.32140e-17       0.00000e+00       1.32140e-17
  32.7000000       1.32980e-17       0.00000e+00       1.32980e-17
  32.8000000       1.33820e-17       0.00000e+00       1.33820e-17
  32.9000000       1.34660e-17       0.00000e+00       1.34660e-17
  33.0000000       1.35495e-17       0.00000e+00       1.35495e-17
  33.1000000       1.36300e-17       0.00000e+00       1.36300e-17
  33.2000000       1.37100e-17       0.00000e+00       1.37100e-17
  33.3000000       1.37900e-17       0.00000e+00       1.37900e-17
  33.4000000       1.38700e-17       0.00000e+00       1.38700e-17
  33.5000000       1.39508e-17       0.00000e+00       1.39508e-17
  33.6000000       1.40360e-17       0.00000e+00       1.40360e-17
  33.7000000       1.41220e-17       0.00000e+00       1.41220e-17
  33.8000000       1.42080e-17       0.00000e+00       1.42080e-17
  33.9000000       1.42940e-17       0.00000e+00       1.42940e-17
  34.0000000       1.43803e-17       0.00000e+00       1.43803e-17
  34.1000000       1.44680e-17       0.00000e+00       1.44680e-17
  34.2000000       1.45560e-17       0.00000e+00       1.45560e-17
  34.3000000       1.46440e-17       0.00000e+00       1.46440e-17
  34.4000000       1.47320e-17       0.00000e+00       1.47320e-17
  34.5000000       1.48205e-17       0.00000e+00       1.48205e-17
  34.6000000       1.49120e-17       0.00000e+00       1.49120e-17
  34.7000000       1.50040e-17       0.00000e+00       1.50040e-17
  34.8000000       1.50960e-17       0.00000e+00       1.50960e-17
  34.9000000       1.51880e-17       0.00000e+00       1.51880e-17
  35.0000000       1.52798e-17       0.00000e+00       1.52798e-17
  35.1000000       1.53700e-17       0.00000e+00       1.53700e-17
  35.2000000       1.54600e-17       0.00000e+00       1.54600e-17
  35.3000000       1.55500e-17       0.00000e+00       1.55500e-17
  35.4000000       1.56400e-17       0.00000e+00       1.56400e-17
  35.5000000       1.57300e-17       0.00000e+00       1.57300e-17
  35.6000000       1.58200e-17       0.00000e+00       1.58200e-17
  35.7000000       1.59100e-17       0.00000e+00       1.59100e-17
  35.8000000       1.60000e-17       0.00000e+00       1.60000e-17
  35.9000000       1.60900e-17       0.00000e+00       1.60900e-17
  36.0000000       1.61800e-17       0.00000e+00       1.61800e-17
  36.1000000       1.62700e-17       0.00000e+00       1.62700e-17
  36.2000000       1.63600e-17       0.00000e+00       1.63600e-17
  36.3000000       1.64500e-17       0.00000e+00       1.64500e-17
  36.4000000       1.65400e-17       0.00000e+00       1.65400e-17
  36.5000000       1.66300e-17       0.00000e+00       1.66300e-17
  36.6000000       1.67200e-17       0.00000e+00       1.67200e-17
  36.7000000       1.68100e-17       0.00000e+00       1.68100e-17
  36.8000000       1.69000e-17       0.00000e+00       1.69000e-17
  36.9000000       1.69900e-17       0.00000e+00       1.69900e-17
  37.0000000       1.70806e-17       0.00000e+00       1.70806e-17
  37.1000000       1.71750e-17       0.00000e+00       1.71750e-17
  37.2000000       1.72700e-17       0.00000e+00       1.72700e-17
  37.3000000       1.73650e-17       0.00000e+00       1.73650e-17
  37.4000000       1.74600e-17       0.00000e+00       1.74600e-17
  37.5000000       1.75550e-17       0.00000e+00       1.75550e-17
  37.6000000       1.76500e-17       0.00000e+00       1.76500e-17
  37.7000000       1.77450e-17       0.00000e+00       1.77450e-17
  37.8000000       1.78400e-17       0.00000e+00       1.78400e-17
  37.9000000       1.79350e-17       0.00000e+00       1.79350e-17
  38.0000000       1.80309e-17       0.00000e+00       1.80309e-17
  38.1000000       1.81320e-17       0.00000e+00       1.81320e-17
  38.2000000       1.82340e-17       0.00000e+00       1.82340e-17
  38.3000000       1.83360e-17       0.00000e+00       1.83360e-17
  38.4000000       1.84380e-17       0.00000e+00       1.84380e-17
  38.5000000       1.85400e-17       0.00000e+00       1.85400e-17
  38.6000000       1.86420e-17       0.00000e+00       1.86420e-17
  38.7000000       1.87440e-17       0.00000e+00       1.87440e-17
  38.8000000       1.88460e-17       0.00000e+00       1.88460e-17
  38.9000000       1.89480e-17       0.00000e+00       1.89480e-17
  39.0000000       1.90500e-17       0.00000e+00       1.90500e-17
  39.1000000       1.91520e-17       0.00000e+00       1.91520e-17
  39.2000000       1.92540e-17       0.00000e+00       1.92540e-17
  39.3000000       1.93560e-17       0.00000e+00       1.93560e-17
  39.4000000       1.94580e-17       0.00000e+00       1.94580e-17
  39.5000000       1.95600e-17       0.00000e+00       1.95600e-17
  39.6000000       1.96620e-17       0.00000e+00       1.96620e-17
  39.7000000       1.97640e-17       0.00000e+00       1.97640e-17
  39.8000000       1.98660e-17       0.00000e+00       1.98660e-17
  39.9000000       1.99680e-17       0.00000e+00       1.99680e-17
  40.0000000       2.00691e-17       0.00000e+00       2.00691e-17
  40.1000000       2.01650e-17       0.00000e+00       2.01650e-17
  40.2000000       2.02600e-17       0.00000e+00       2.02600e-17
  40.3000000       2.03550e-17       0.00000e+00       2.03550e-17
  40.4000000       2.04500e-17       0.00000e+00       2.04500e-17
  40.5000000       2.05450e-17       0.00000e+00       2.05450e-17
  40.6000000       2.06400e-17       0.00000e+00       2.06400e-17
  40.7000000       2.07350e-17       0.00000e+00       2.07350e-17
  40.8000000       2.08300e-17       0.00000e+00       2.08300e-17
  40.9000000       2.09250e-17       0.00000e+00       2.09250e-17
  41.0000000       2.10185e-17       0.00000e+00       2.10185e-17
  41.1000000       2.11030e-17       0.00000e+00       2.11030e-17
  41.2000000       2.11860e-17       0.00000e+00       2.11860e-17
  41.3000000       2.12690e-17       0.00000e+00       2.12690e-17
  41.4000000       2.13520e-17       0.00000e+00       2.13520e-17
  41.5000000       2.14350e-17       0.00000e+00       2.14350e-17
  41.6000000       2.15180e-17       0.00000e+00       2.15180e-17
  41.7000000       2.16010e-17       0.00000e+00       2.16010e-17
  41.8000000       2.16840e-17       0.00000e+00       2.16840e-17
  41.9000000       2.17670e-17       0.00000e+00       2.17670e-17
  42.0000000       2.18495e-17       0.00000e+00       2.18495e-17
  42.1000000       2.19290e-17       0.00000e+00       2.19290e-17
  42.2000000       2.20080e-17       0.00000e+00       2.20080e-17
  42.3000000       2.20870e-17       0.00000e+00       2.20870e-17
  42.4000000       2.21660e-17       0.00000e+00       2.21660e-17
  42.5000000       2.22450e-17       0.00000e+00       2.22450e-17
  42.6000000       2.23240e-17       0.00000e+00       2.23240e-17
  42.7000000       2.24030e-17       0.00000e+00       2.24030e-17
  42.8000000       2.24820e-17       0.00000e+00       2.24820e-17
  42.9000000       2.25610e-17       0.00000e+00       2.25610e-17
  43.0000000       2.26359e-17       0.00000e+00       2.26359e-17
  43.1000000       2.26860e-17       0.00000e+00       2.26860e-17
  43.2000000       2.27320e-17       0.00000e+00       2.27320e-17
  43.3000000       2.27780e-17       0.00000e+00       2.27780e-17
  43.4000000       2.28240e-17       0.00000e+00       2.28240e-17
  43.5000000       2.28700e-17       0.00000e+00       2.28700e-17
  43.6000000       2.29160e-17       0.00000e+00       2.29160e-17
  43.7000000       2.29620e-17       0.00000e+00       2.29620e-17
  43.8000000       2.30080e-17       0.00000e+00       2.30080e-17
  43.9000000       2.30540e-17       0.00000e+00       2.30540e-17
  44.0000000       2.30943e-17       0.00000e+00       2.30943e-17
  44.1000000       2.31000e-17       0.00000e+00       2.31000e-17
  44.2000000       2.31000e-17       0.00000e+00       2.31000e-17
  44.3000000       2.31000e-17       0.00000e+00       2.31000e-17
  44.4000000       2.31000e-17       0.00000e+00       2.31000e-17
  44.5000000       2.31000e-17       0.00000e+00       2.31000e-17
  44.6000000       2.31000e-17       0.00000e+00       2.31000e-17
  44.7000000       2.31000e-17       0.00000e+00       2.31000e-17
  44.8000000       2.31000e-17       0.00000e+00       2.31000e-17
  44.9000000       2.31000e-17       0.00000e+00       2.31000e-17
  45.0000000       2.30994e-17       0.00000e+00       2.30994e-17
  45.1000000       2.30950e-17       0.00000e+00       2.30950e-17
  45.2000000       2.30900e-17       0.00000e+00       2.30900e-17
  45.3000000       2.30850e-17       0.00000e+00       2.30850e-17
  45.4000000       2.30800e-17       0.00000e+00       2.30800e-17
  45.5000000       2.30750e-17       0.00000e+00       2.30750e-17
  45.6000000       2.30700e-17       0.00000e+00       2.30700e-17
  45.7000000       2.30650e-17       0.00000e+00       2.30650e-17
  45.8000000       2.30600e-17       0.00000e+00       2.30600e-17
  45.9000000       2.30550e-17       0.00000e+00       2.30550e-17
  46.0000000       2.30534e-17       0.00000e+00       2.30534e-17
  46.1000000       2.30720e-17       0.00000e+00       2.30720e-17
  46.2000000       2.30940e-17       0.00000e+00       2.30940e-17
  46.3000000       2.31160e-17       0.00000e+00       2.31160e-17
  46.4000000       2.31380e-17       0.00000e+00       2.31380e-17
  46.5000000       2.31600e-17       0.00000e+00       2.31600e-17
  46.6000000       2.31820e-17       0.00000e+00       2.31820e-17
  46.7000000       2.32040e-17       0.00000e+00       2.32040e-17
  46.8000000       2.32260e-17       0.00000e+00       2.32260e-17
  46.9000000       2.32480e-17       0.00000e+00       2.32480e-17
  47.0000000       2.32714e-17       0.00000e+00       2.32714e-17
  47.1000000       2.33030e-17       0.00000e+00       2.33030e-17
  47.2000000       2.33360e-17       0.00000e+00       2.33360e-17
  47.3000000       2.33690e-17       0.00000e+00       2.33690e-17
  47.4000000       2.34020e-17       0.00000e+00       2.34020e-17
  47.5000000       2.34350e-17       0.00000e+00       2.34350e-17
  47.6000000       2.34680e-17       0.00000e+00       2.34680e-17
  47.7000000       2.35010e-17       0.00000e+00       2.35010e-17
  47.8000000       2.35340e-17       0.00000e+00       2.35340e-17
  47.9000000       2.35670e-17       0.00000e+00       2.35670e-17
  48.0000000       2.35946e-17       0.00000e+00       2.35946e-17
  48.1000000       2.35900e-17       0.00000e+00       2.35900e-17
  48.2000000       2.35800e-17       0.00000e+00       2.35800e-17
  48.3000000       2.35700e-17       0.00000e+00       2.35700e-17
  48.4000000       2.35600e-17       0.00000e+00       2.35600e-17
  48.5000000       2.35500e-17       0.00000e+00       2.35500e-17
  48.6000000       2.35400e-17       0.00000e+00       2.35400e-17
  48.7000000       2.35300e-17       0.00000e+00       2.35300e-17
  48.8000000       2.35200e-17       0.00000e+00       2.35200e-17
  48.9000000       2.35100e-17       0.00000e+00       2.35100e-17
  49.0000000       2.35800e-17       0.00000e+00       2.35800e-17
  49.1000000       2.41253e-17       0.00000e+00       2.41253e-17
  49.2000000       2.45359e-17       0.00000e+00       2.45359e-17
  49.3000000       2.46424e-17       0.00000e+00       2.46424e-17
  49.4000000       2.44672e-17       0.00000e+00       2.44672e-17
  49.5000000       2.43229e-17       0.00000e+00       2.43229e-17
  49.6000000       2.43195e-17       0.00000e+00       2.43195e-17
  49.7000000       2.44474e-17       0.00000e+00       2.44474e-17
  49.8000000       2.46236e-17       0.00000e+00       2.46236e-17
  49.9000000       2.46215e-17       0.00000e+00       2.46215e-17
  50.0000000       2.46180e-17       0.00000e+00       2.46180e-17
  50.1000000       2.46146e-17       0.00000e+00       2.46146e-17
  50.2000000       2.46111e-17       0.00000e+00       2.46111e-17
  50.3000000       2.46076e-17       0.00000e+00       2.46076e-17
  50.4000000       2.45556e-17       0.00000e+00       2.45556e-17
  50.5000000       2.43804e-17       0.00000e+00       2.43804e-17
  50.6000000       2.48745e-17       0.00000e+00       2.48745e-17
  50.7000000       2.49436e-17       0.00000e+00       2.49436e-17
  50.8000000       2.47891e-17       0.00000e+00       2.47891e-17
  50.9000000       2.52394e-17       0.00000e+00       2.52394e-17
  51.0000000       2.54571e-17       0.00000e+00       2.54571e-17
  51.1000000       2.53109e-17       0.00000e+00       2.53109e-17
  51.2000000       2.52014e-17       0.00000e+00       2.52014e-17
  51.3000000       2.51317e-17       0.00000e+00       2.51317e-17
  51.4000000       2.50066e-17       0.00000e+00       2.50066e-17
  51.5000000       2.56313e-17       0.00000e+00       2.56313e-17
  51.6000000       2.55567e-17       0.00000e+00       2.55567e-17
  51.7000000       2.54965e-17       0.00000e+00       2.54965e-17
  51.8000000       2.54931e-17       0.00000e+00       2.54931e-17
  51.9000000       2.56883e-17       0.00000e+00       2.56883e-17
  52.0000000       2.60731e-17       0.00000e+00       2.60731e-17
  52.1000000       2.60449e-17       0.00000e+00       2.60449e-17
  52.2000000       2.58325e-17       0.00000e+00       2.58325e-17
  52.3000000       2.57882e-17       0.00000e+00       2.57882e-17
  52.4000000       2.57847e-17       0.00000e+00       2.57847e-17
  52.5000000       2.61628e-17       0.00000e+00       2.61628e-17
  52.6000000       2.65423e-17       0.00000e+00       2.65423e-17
  52.7000000       2.55558e-17       0.00000e+00       2.55558e-17
  52.8000000       2.56647e-17       0.00000e+00       2.56647e-17
  52.9000000       2.60268e-17       0.00000e+00       2.60268e-17
  53.0000000       2.69003e-17       0.00000e+00       2.69003e-17
  53.1000000       2.68378e-17       0.00000e+00       2.68378e-17
  53.2000000       2.62158e-17       0.00000e+00       2.62158e-17
  53.3000000       2.65661e-17       0.00000e+00       2.65661e-17
  53.4000000       2.62511e-17       0.00000e+00       2.62511e-17
  53.5000000       2.62386e-17       0.00000e+00       2.62386e-17
  53.6000000       2.69257e-17       0.00000e+00       2.69257e-17
  53.7000000       2.61341e-17       0.00000e+00       2.61341e-17
  53.8000000       2.58328e-17       0.00000e+00       2.58328e-17
  53.9000000       2.59365e-17       0.00000e+00       2.59365e-17
  54.0000000       2.60780e-17       0.00000e+00       2.60780e-17
  54.1000000       2.64601e-17       0.00000e+00       2.64601e-17
  54.2000000       2.66596e-17       0.00000e+00       2.66596e-17
  54.3000000       2.60723e-17       0.00000e+00       2.60723e-17
  54.4000000       2.59330e-17       0.00000e+00       2.59330e-17
  54.5000000       2.55597e-17       0.00000e+00       2.55597e-17
  54.6000000       2.55119e-17       0.00000e+00       2.55119e-17
  54.7000000       2.56797e-17       0.00000e+00       2.56797e-17
  54.8000000       2.56797e-17       0.00000e+00       2.56797e-17
  54.9000000       2.55083e-17       0.00000e+00       2.55083e-17
  55.0000000       2.53836e-17       0.00000e+00       2.53836e-17
  55.1000000       2.54155e-17       0.00000e+00       2.54155e-17
  55.2000000       2.56197e-17       0.00000e+00       2.56197e-17
  55.3000000       2.56840e-17       0.00000e+00       2.56840e-17
  55.4000000       2.55973e-17       0.00000e+00       2.55973e-17
  55.5000000       2.52271e-17       0.00000e+00       2.52271e-17
  55.6000000       2.45976e-17       0.00000e+00       2.45976e-17
  55.7000000       2.48945e-17       0.00000e+00       2.48945e-17
  55.8000000       2.47323e-17       0.00000e+00       2.47323e-17
  55.9000000       2.44317e-17       0.00000e+00       2.44317e-17
  56.0000000       2.44467e-17       0.00000e+00       2.44467e-17
  56.1000000       2.46440e-17       0.00000e+00       2.46440e-17
  56.2000000       2.44696e-17       0.00000e+00       2.44696e-17
  56.3000000       2.43993e-17       0.00000e+00       2.43993e-17
  56.4000000       2.43959e-17       0.00000e+00       2.43959e-17
  56.5000000       2.43225e-17       0.00000e+00       2.43225e-17
  56.6000000       2.39319e-17       0.00000e+00       2.39319e-17
  56.7000000       2.37604e-17       0.00000e+00       2.37604e-17
  56.8000000       2.37569e-17       0.00000e+00       2.37569e-17
  56.9000000       2.37534e-17       0.00000e+00       2.37534e-17
  57.0000000       2.37500e-17       0.00000e+00       2.37500e-17
  57.1000000       2.37465e-17       0.00000e+00       2.37465e-17
  57.2000000       2.37430e-17       0.00000e+00       2.37430e-17
  57.3000000       2.37396e-17       0.00000e+00       2.37396e-17
  57.4000000       2.37361e-17       0.00000e+00       2.37361e-17
  57.5000000       2.37326e-17       0.00000e+00       2.37326e-17
  57.6000000       2.37246e-17       0.00000e+00       2.37246e-17
  57.7000000       2.35744e-17       0.00000e+00       2.35744e-17
  57.8000000       2.34165e-17       0.00000e+00       2.34165e-17
  57.9000000       2.34062e-17       0.00000e+00       2.34062e-17
  58.0000000       2.34028e-17       0.00000e+00       2.34028e-17
  58.1000000       2.33993e-17       0.00000e+00       2.33993e-17
  58.2000000       2.33958e-17       0.00000e+00       2.33958e-17
  58.3000000       2.33927e-17       0.00000e+00       2.33927e-17
  58.4000000       2.34897e-17       0.00000e+00       2.34897e-17
  58.5000000       2.36559e-17       0.00000e+00       2.36559e-17
  58.6000000       2.36944e-17       0.00000e+00       2.36944e-17
  58.7000000       2.36910e-17       0.00000e+00       2.36910e-17
  58.8000000       2.35581e-17       0.00000e+00       2.35581e-17
  58.9000000       2.33760e-17       0.00000e+00       2.33760e-17
  59.0000000       2.33681e-17       0.00000e+00       2.33681e-17
  59.1000000       2.34179e-17       0.00000e+00       2.34179e-17
  59.2000000       2.36351e-17       0.00000e+00       2.36351e-17
  59.3000000       2.36701e-17       0.00000e+00       2.36701e-17
  59.4000000       2.36667e-17       0.00000e+00       2.36667e-17
  59.5000000       2.36632e-17       0.00000e+00       2.36632e-17
  59.6000000       2.36173e-17       0.00000e+00       2.36173e-17
  59.7000000       2.34896e-17       0.00000e+00       2.34896e-17
  59.8000000       2.33815e-17       0.00000e+00       2.33815e-17
  59.9000000       2.35373e-17       0.00000e+00       2.35373e-17
  60.0000000       2.33923e-17       0.00000e+00       2.33923e-17
  60.1000000       2.31751e-17       0.00000e+00       2.31751e-17
  60.2000000       2.35855e-17       0.00000e+00       2.35855e-17
  60.3000000       2.36354e-17       0.00000e+00       2.36354e-17
  60.4000000       2.36319e-17       0.00000e+00       2.36319e-17
  60.5000000       2.36285e-17       0.00000e+00       2.36285e-17
  60.6000000       2.36250e-17       0.00000e+00       2.36250e-17
  60.7000000       2.36215e-17       0.00000e+00       2.36215e-17
  60.8000000       2.34829e-17       0.00000e+00       2.34829e-17
  60.9000000       2.33021e-17       0.00000e+00       2.33021e-17
  61.0000000       2.33988e-17       0.00000e+00       2.33988e-17
  61.1000000       2.37913e-17       0.00000e+00       2.37913e-17
  61.2000000       2.39167e-17       0.00000e+00       2.39167e-17
  61.3000000       2.38615e-17       0.00000e+00       2.38615e-17
  61.4000000       2.36617e-17       0.00000e+00       2.36617e-17
  61.5000000       2.38210e-17       0.00000e+00       2.38210e-17
  61.6000000       2.40406e-17       0.00000e+00       2.40406e-17
  61.7000000       2.42011e-17       0.00000e+00       2.42011e-17
  61.8000000       2.41762e-17       0.00000e+00       2.41762e-17
  61.9000000       2.39613e-17       0.00000e+00       2.39613e-17
  62.0000000       2.36993e-17       0.00000e+00       2.36993e-17
  62.1000000       2.37023e-17       0.00000e+00       2.37023e-17
  62.2000000       2.38017e-17       0.00000e+00       2.38017e-17
  62.3000000       2.36598e-17       0.00000e+00       2.36598e-17
  62.4000000       2.40152e-17       0.00000e+00       2.40152e-17
  62.5000000       2.40540e-17       0.00000e+00       2.40540e-17
  62.6000000       2.38812e-17       0.00000e+00       2.38812e-17
  62.7000000       2.39202e-17       1.59193e-32       2.39202e-17
  62.8000000       2.43191e-17       1.30963e-31       2.43191e-17
  62.9000000       2.43459e-17       1.39626e-31       2.43459e-17
  63.0000000       2.41380e-17       8.11808e-32       2.41380e-17
  63.1000000       2.39329e-17       2.30953e-32       2.39329e-17
  63.2000000       2.39926e-17       0.00000e+00       2.39926e-17
  63.3000000       2.42861e-17       0.00000e+00       2.42861e-17
  63.4000000       2.43129e-17       0.00000e+00       2.43129e-17
  63.5000000       2.42754e-17       0.00000e+00       2.42754e-17
  63.6000000       2.43369e-17       0.00000e+00       2.43369e-17
  63.7000000       2.43443e-17       0.00000e+00       2.43443e-17
  63.8000000       2.47389e-17       1.05466e-32       2.47389e-17
  63.9000000       2.47604e-17       5.22909e-32       2.47604e-17
  64.0000000       2.47570e-17       9.60856e-32       2.47570e-17
  64.1000000       2.47535e-17       1.39880e-31       2.47535e-17
  64.2000000       2.47500e-17       1.49833e-31       2.47500e-17
  64.3000000       2.47356e-17       3.32098e-32       2.47356e-17
  64.4000000       2.45519e-17       0.00000e+00       2.45519e-17
  64.5000000       2.44271e-17       0.00000e+00       2.44271e-17
  64.6000000       2.44672e-17       0.00000e+00       2.44672e-17
  64.7000000       2.46962e-17       0.00000e+00       2.46962e-17
  64.8000000       2.47003e-17       0.00000e+00       2.47003e-17
  64.9000000       2.45031e-17       2.48070e-22       2.45029e-17
  65.0000000       2.48156e-17       1.01356e-20       2.48055e-17
  65.1000000       2.48742e-17       2.10442e-20       2.48531e-17
  65.2000000       2.46323e-17       1.92750e-20       2.46130e-17
  65.3000000       2.45572e-17       2.17558e-21       2.45551e-17
  65.4000000       2.51543e-17       0.00000e+00       2.51543e-17
  65.5000000       2.48401e-17       9.60212e-21       2.48305e-17
  65.6000000       2.49378e-17       1.15698e-19       2.48221e-17
  65.7000000       2.47884e-17       1.36683e-19       2.46518e-17
  65.8000000       2.50498e-17       5.98420e-20       2.49899e-17
  65.9000000       2.53160e-17       8.06775e-20       2.52353e-17
  66.0000000       2.44862e-17       1.92797e-19       2.42934e-17
  66.1000000       2.42680e-17       1.77659e-19       2.40903e-17
  66.2000000       2.45224e-17       1.44496e-19       2.43779e-17
  66.3000000       2.47276e-17       9.46725e-20       2.46329e-17
  66.4000000       2.48357e-17       1.69903e-19       2.46658e-17
  66.5000000       2.51295e-17       2.04393e-19       2.49251e-17
  66.6000000       2.45070e-17       3.77284e-19       2.41297e-17
  66.7000000       2.54931e-17       2.40681e-19       2.52524e-17
  66.8000000       2.39046e-17       1.96738e-19       2.37078e-17
  66.9000000       2.65389e-17       6.37691e-19       2.59012e-17
  67.0000000       2.25748e-17       4.74424e-19       2.21004e-17
  67.1000000       2.87744e-17       6.99343e-19       2.80750e-17
  67.2000000       2.52464e-17       5.56863e-19       2.46895e-17
  67.3000000       2.31599e-17       4.65664e-19       2.26943e-17
  67.4000000       2.29350e-17       5.57983e-19       2.23770e-17
  67.5000000       3.29483e-17       1.11948e-18       3.18288e-17
  67.6000000       2.56209e-17       8.83580e-19       2.47373e-17
  67.7000000       2.37409e-17       7.09151e-19       2.30317e-17
  67.8000000       2.31965e-17       6.10481e-19       2.25860e-17
  67.9000000       2.29601e-17       7.20150e-19       2.22399e-17
  68.0000000       2.17848e-17       4.29969e-19       2.13549e-17
  68.1000000       2.76995e-17       7.59941e-19       2.69396e-17
  68.2000000       3.81410e-17       5.46297e-19       3.75947e-17
  68.3000000       2.58116e-17       6.46859e-19       2.51648e-17
  68.4000000       2.54915e-17       7.51793e-19       2.47397e-17
  68.5000000       2.45328e-17       7.62043e-19       2.37708e-17
  68.6000000       2.46435e-17       8.81624e-19       2.37618e-17
  68.7000000       2.41234e-17       7.24032e-19       2.33993e-17
  68.8000000       2.41881e-17       5.56619e-19       2.36315e-17
  68.9000000       2.41391e-17       7.01309e-19       2.34378e-17
  69.0000000       2.15401e-17       5.79207e-19       2.09609e-17
  69.1000000       2.12023e-17       2.10630e-19       2.09917e-17
  69.2000000       2.53361e-17       4.09642e-19       2.49264e-17
  69.3000000       2.85984e-17       3.90781e-19       2.82076e-17
  69.4000000       3.84998e-17       1.38707e-18       3.71128e-17
  69.5000000       4.14690e-17       1.34786e-18       4.01211e-17
  69.6000000       2.60483e-17       6.94552e-19       2.53537e-17
  69.7000000       2.33186e-17       3.38204e-19       2.29804e-17
  69.8000000       2.31352e-17       3.22647e-19       2.28126e-17
  69.9000000       2.33360e-17       2.52838e-19       2.30831e-17
  70.0000000       2.35147e-17       2.50347e-19       2.32644e-17
  70.1000000       2.37861e-17       6.26975e-19       2.31592e-17
  70.2000000       2.36759e-17       6.83531e-19       2.29923e-17
  70.3000000       2.30782e-17       3.17117e-19       2.27611e-17
  70.4000000       2.44331e-17       2.39786e-19       2.41933e-17
  70.5000000       2.54774e-17       5.42237e-19       2.49352e-17
  70.6000000       2.53191e-17       9.92335e-19       2.43268e-17
  70.7000000       2.48537e-17       8.99471e-19       2.39542e-17
  70.8000000       2.44724e-17       5.24574e-19       2.39479e-17
  70.9000000       2.52581e-17       6.50204e-19       2.46079e-17
  71.0000000       2.47969e-17       6.93404e-19       2.41035e-17
  71.1000000       2.65044e-17       7.21774e-19       2.57827e-17
  71.2000000       2.63890e-17       4.35276e-19       2.59537e-17
  71.3000000       2.69843e-17       5.25795e-19       2.64586e-17
  71.4000000       2.33731e-17       7.07631e-19       2.26655e-17
  71.5000000       1.77926e-17       4.22854e-19       1.73697e-17
  71.6000000       2.14321e-17       4.91776e-19       2.09403e-17
  71.7000000       2.30197e-17       1.11744e-18       2.19023e-17
  71.8000000       2.57138e-17       2.24273e-18       2.34710e-17
  71.9000000       2.89098e-17       1.97573e-18       2.69340e-17
  72.0000000       2.75224e-17       2.39456e-18       2.51278e-17
  72.1000000       2.89633e-17       1.71255e-18       2.72507e-17
  72.2000000       3.17634e-17       2.49294e-18       2.92705e-17
  72.3000000       5.84550e-17       5.50735e-18       5.29476e-17
  72.4000000       4.57419e-17       6.02510e-18       3.97168e-17
  72.5000000       3.65784e-17       4.91144e-18       3.16669e-17
  72.6000000       3.02219e-17       2.30187e-18       2.79201e-17
  72.7000000       3.11681e-17       3.87443e-18       2.72937e-17
  72.8000000       2.41850e-17       1.58366e-18       2.26013e-17
  72.9000000       2.53243e-17       2.12267e-18       2.32016e-17
  73.0000000       2.61157e-17       3.57308e-18       2.25427e-17
  73.1000000       2.23580e-17       3.21702e-18       1.91409e-17
  73.2000000       2.18221e-17       2.56642e-18       1.92557e-17
  73.3000000       1.96162e-17       3.01336e-18       1.66029e-17
  73.4000000       2.30830e-17       4.03983e-18       1.90432e-17
  73.5000000       2.57350e-17       5.01418e-18       2.07209e-17
  73.6000000       2.12379e-17       3.99919e-18       1.72388e-17
  73.7000000       2.64948e-17       6.99059e-18       1.95042e-17
  73.8000000       2.44271e-17       3.42774e-18       2.09993e-17
  73.9000000       2.61958e-17       7.62290e-18       1.85729e-17
  74.0000000       2.61386e-17       7.98904e-18       1.81496e-17
  74.1000000       2.10294e-17       6.34582e-18       1.46836e-17
  74.2000000       1.80245e-17       3.31639e-18       1.47081e-17
  74.3000000       1.86730e-17       3.49621e-18       1.51768e-17
  74.4000000       3.53331e-17       8.53718e-18       2.67959e-17
  74.5000000       2.58907e-17       7.38491e-18       1.85058e-17
  74.6000000       2.08062e-17       6.52621e-18       1.42800e-17
  74.7000000       2.51393e-17       1.21072e-17       1.30321e-17
  74.8000000       2.48914e-17       6.91793e-18       1.79735e-17
  74.9000000       2.68151e-17       1.14714e-17       1.53437e-17
  75.0000000       3.27429e-17       1.63017e-17       1.64411e-17
  75.1000000       1.68544e-17       7.80509e-18       9.04926e-18
  75.2000000       1.90227e-17       6.21844e-18       1.28043e-17
  75.3000000       1.69657e-17       5.20285e-18       1.17629e-17
  75.4000000       5.07465e-17       1.57735e-17       3.49730e-17
  75.5000000       2.60091e-17       7.22331e-18       1.87858e-17
  75.6000000       1.45063e-17       3.33435e-18       1.11720e-17
  75.7000000       3.40023e-17       1.83627e-17       1.56396e-17
  75.8000000       3.05211e-17       1.20772e-17       1.84440e-17
  75.9000000       1.53877e-17       3.92029e-18       1.14674e-17
  76.0000000       2.56274e-17       1.16875e-17       1.39399e-17
  76.1000000       4.13422e-17       2.26963e-17       1.86459e-17
  76.2000000       1.75497e-17       9.30730e-18       8.24241e-18
  76.3000000       3.17617e-17       9.86396e-18       2.18978e-17
  76.4000000       2.24677e-17       5.67135e-18       1.67964e-17
  76.5000000       6.53462e-17       2.10680e-17       4.42782e-17
  76.6000000       1.57359e-17       3.11362e-18       1.26223e-17
  76.7000000       1.52000e-17       3.90872e-18       1.12913e-17
  76.8000000       2.91079e-17       1.59739e-17       1.31340e-17
  76.9000000       2.87198e-17       1.01460e-17       1.85738e-17
  77.0000000       1.64908e-17       5.40497e-18       1.10859e-17
  77.1000000       3.93627e-17       1.62922e-17       2.30705e-17
  77.2000000       7.38229e-17       4.03271e-17       3.34958e-17
  77.3000000       2.13678e-17       1.03519e-17       1.10160e-17
  77.4000000       1.59223e-17       6.03678e-18       9.88548e-18
  77.5000000       3.47153e-17       1.86615e-17       1.60538e-17
  77.6000000       8.93095e-17       3.02613e-17       5.90482e-17
  77.7000000       1.84278e-17       4.28227e-18       1.41455e-17
  77.8000000       1.39287e-17       3.48873e-18       1.04400e-17
  77.9000000       2.59586e-17       1.49755e-17       1.09831e-17
  78.0000000       1.57419e-17       6.40689e-18       9.33498e-18
  78.1000000       5.49722e-17       1.65218e-17       3.84504e-17
  78.2000000       2.39513e-17       4.14641e-18       1.98048e-17
  78.3000000       4.48459e-17       2.60677e-17       1.87782e-17
  78.4000000       1.24799e-16       7.52345e-17       4.95646e-17
  78.5000000       1.78094e-17       6.43679e-18       1.13726e-17
  78.6000000       2.94580e-17       1.42049e-17       1.52530e-17
  78.7000000       1.34935e-17       3.55997e-18       9.93357e-18
  78.8000000       1.23610e-17       2.68919e-18       9.67186e-18
  78.9000000       2.41004e-17       1.23875e-17       1.17129e-17
  79.0000000       2.74464e-17       1.75306e-17       9.91578e-18
  79.1000000       5.81443e-17       2.05514e-17       3.75929e-17
  79.2000000       6.96285e-17       2.89102e-17       4.07184e-17
  79.3000000       2.36773e-17       1.34208e-17       1.02565e-17
  79.4000000       3.13645e-17       2.31055e-17       8.25902e-18
  79.5000000       4.06186e-17       3.29737e-17       7.64486e-18
  79.6000000       1.93666e-17       1.52804e-17       4.08620e-18
  79.7000000       1.22485e-17       1.16338e-17       6.14694e-19
  79.8000000       1.07006e-17       1.05765e-17       1.24103e-19
  79.9000000       1.34572e-17       1.34571e-17       8.79858e-23
  80.0000000       2.20551e-17       2.20551e-17       0.00000e+00
  80.1000000       3.04816e-17       3.04816e-17       0.00000e+00
  80.2000000       2.80190e-17       2.80190e-17       0.00000e+00
  80.3000000       1.85624e-17       1.85624e-17       0.00000e+00
  80.4000000       1.49556e-17       1.49556e-17       0.00000e+00
  80.5000000       2.17097e-17       2.17097e-17       0.00000e+00
  80.6000000       3.53196e-17       3.53196e-17       0.00000e+00
  80.7000000       3.45923e-17       3.45923e-17       0.00000e+00
  80.8000000       2.15445e-17       2.15445e-17       0.00000e+00
  80.9000000       1.24217e-17       1.24217e-17       0.00000e+00
  81.0000000       8.75447e-18       8.75447e-18       0.00000e+00
  81.1000000       9.92032e-18       9.92032e-18       0.00000e+00
  81.2000000       2.05930e-17       2.05930e-17       0.00000e+00
  81.3000000       3.13453e-17       3.13453e-17       0.00000e+00
  81.4000000       3.15537e-17       3.15537e-17       0.00000e+00
  81.5000000       1.82781e-17       1.82781e-17       0.00000e+00
  81.6000000       1.06592e-17       1.06592e-17       0.00000e+00
  81.7000000       1.38921e-17       1.38921e-17       0.00000e+00
  81.8000000       2.64544e-17       2.64544e-17       0.00000e+00
  81.9000000       3.03987e-17       3.03987e-17       0.00000e+00
  82.0000000       2.53085e-17       2.53085e-17       0.00000e+00
  82.1000000       1.94344e-17       1.94344e-17       0.00000e+00
  82.2000000       1.16406e-17       1.16406e-17       0.00000e+00
  82.3000000       9.00299e-18       9.00299e-18       0.00000e+00
  82.4000000       1.32414e-17       1.32414e-17       0.00000e+00
  82.5000000       2.00095e-17       2.00095e-17       0.00000e+00
  82.6000000       1.85467e-17       1.85467e-17       0.00000e+00
  82.7000000       1.22607e-17       1.22607e-17       0.00000e+00
  82.8000000       4.33881e-18       4.33881e-18       0.00000e+00
  82.9000000       4.93618e-18       4.93618e-18       0.00000e+00
  83.0000000       3.89389e-18       3.89389e-18       0.00000e+00
  83.1000000       2.25553e-18       2.25553e-18       0.00000e+00
  83.2000000       4.85620e-18       4.85620e-18       0.00000e+00
  83.3000000       8.22214e-18       8.22214e-18       0.00000e+00
  83.4000000       1.49082e-17       1.49082e-17       0.00000e+00
  83.5000000       2.09215e-17       2.09215e-17       0.00000e+00
  83.6000000       1.81690e-17       1.81690e-17       0.00000e+00
  83.7000000       1.49608e-17       1.49608e-17       0.00000e+00
  83.8000000       1.39939e-17       1.39939e-17       0.00000e+00
  83.9000000       1.52057e-17       1.52057e-17       0.00000e+00
  84.0000000       9.39069e-18       9.41025e-18       0.00000e+00
  84.1000000       2.43260e-17       2.43260e-17       0.00000e+00
  84.2000000       9.26733e-18       9.26733e-18       0.00000e+00
  84.3000000       9.79476e-20       9.79476e-20       0.00000e+00
  84.4000000       1.53812e-17       1.53812e-17       0.00000e+00
  84.5000000       2.13865e-18       2.13865e-18       0.00000e+00
  84.6000000       6.65322e-20       6.65322e-20       0.00000e+00
  84.7000000       1.41566e-18       1.41566e-18       0.00000e+00
  84.8000000       5.22232e-20       5.22232e-20       0.00000e+00
  84.9000000       4.27622e-18       4.27622e-18       0.00000e+00
  85.0000000       1.79740e-17       1.79740e-17       0.00000e+00
  85.1000000       7.66986e-19       7.66986e-19       0.00000e+00
  85.2000000       1.10318e-19       1.10318e-19       0.00000e+00
  85.3000000       3.66532e-17       3.66532e-17       0.00000e+00
  85.4000000       1.36566e-17       1.36566e-17       0.00000e+00
  85.5000000       3.11840e-19       3.11840e-19       0.00000e+00
  85.6000000       3.96724e-17       3.96724e-17       0.00000e+00
  85.7000000       4.89444e-17       4.89444e-17       0.00000e+00
  85.8000000       8.29919e-18       8.29919e-18       0.00000e+00
  85.9000000       1.76490e-19       1.76490e-19       0.00000e+00
  86.0000000       3.30850e-19       3.30850e-19       0.00000e+00
  86.1000000       1.27892e-17       1.27892e-17       0.00000e+00
  86.2000000       4.57408e-19       4.57408e-19       0.00000e+00
  86.3000000       2.99339e-17       2.99339e-17       0.00000e+00
  86.4000000       1.00467e-17       1.00467e-17       0.00000e+00
  86.5000000       5.17267e-17       5.17267e-17       0.00000e+00
  86.6000000       4.87309e-18       4.87309e-18       0.00000e+00
  86.7000000       1.06949e-16       1.06949e-16       0.00000e+00
  86.8000000       9.70285e-18       9.70285e-18       0.00000e+00
  86.9000000       3.92489e-19       3.92489e-19       0.00000e+00
  87.0000000       3.85712e-21       3.85712e-21       0.00000e+00
  87.1000000       9.74502e-17       9.74502e-17       0.00000e+00
  87.2000000       1.33394e-16       1.33394e-16       0.00000e+00
  87.3000000       2.10570e-18       2.10570e-18       0.00000e+00
  87.4000000       2.23336e-20       2.23336e-20       0.00000e+00
  87.5000000       1.57840e-18       1.57840e-18       0.00000e+00
  87.6000000       1.40480e-16       1.40480e-16       0.00000e+00
  87.7000000       1.72826e-17       1.72826e-17       0.00000e+00
  87.8000000       3.48342e-19       3.48342e-19       0.00000e+00
  87.9000000       8.14288e-19       8.14288e-19       0.00000e+00
  88.0000000       2.86608e-18       2.86608e-18       0.00000e+00
  88.1000000       1.32584e-16       1.32584e-16       0.00000e+00
  88.2000000       1.25155e-17       1.25155e-17       0.00000e+00
  88.3000000       1.53067e-17       1.53067e-17       0.00000e+00
  88.4000000       3.70171e-18       3.70171e-18       0.00000e+00
  88.5000000       5.85110e-19       5.85110e-19       0.00000e+00
  88.6000000       6.00918e-17       6.00918e-17       0.00000e+00
  88.7000000       1.48257e-16       1.48257e-16       0.00000e+00
  88.8000000       1.71766e-18       1.71766e-18       0.00000e+00
  88.9000000       6.73597e-18       6.73597e-18       0.00000e+00
  89.0000000       5.25833e-19       5.25833e-19       0.00000e+00
  89.1000000       1.11162e-16       1.11162e-16       0.00000e+00
  89.2000000       1.34399e-17       1.34399e-17       0.00000e+00
  89.3000000       4.32831e-19       4.32831e-19       0.00000e+00
  89.4000000       8.40081e-18       8.40081e-18       0.00000e+00
  89.5000000       8.87208e-19       8.87208e-19       0.00000e+00
  89.6000000       6.04159e-17       6.04159e-17       0.00000e+00
  89.7000000       7.18574e-17       7.18574e-17       0.00000e+00
  89.8000000       7.37230e-18       7.37230e-18       0.00000e+00
  89.9000000       1.30421e-17       1.30421e-17       0.00000e+00
  90.0000000       6.07009e-18       6.07009e-18       0.00000e+00
  90.1000000       1.50485e-17       1.50485e-17       0.00000e+00
  90.2000000       1.06586e-17       1.06586e-17       0.00000e+00
  90.3000000       6.75829e-18       6.75829e-18       0.00000e+00
  90.4000000       5.80473e-17       5.80473e-17       0.00000e+00
  90.5000000       2.07603e-17       2.07603e-17       0.00000e+00
  90.6000000       1.29044e-18       1.29044e-18       0.00000e+00
  90.7000000       1.49582e-17       1.49582e-17       0.00000e+00
  90.8000000       4.88593e-17       4.88593e-17       0.00000e+00
  90.9000000       9.72088e-19       9.72088e-19       0.00000e+00
  91.0000000       3.29565e-18       3.29565e-18       0.00000e+00
  91.1000000       1.68438e-17       1.68438e-17       0.00000e+00
  91.2000000       3.95058e-19       3.95058e-19       0.00000e+00
  91.3000000       1.33706e-16       1.33706e-16       0.00000e+00
  91.4000000       3.03887e-18       3.03887e-18       0.00000e+00
  91.5000000       6.42265e-20       6.42265e-20       0.00000e+00
  91.6000000       9.64690e-18       9.64690e-18       0.00000e+00
  91.7000000       1.86171e-17       1.86171e-17       0.00000e+00
  91.8000000       4.18128e-18       4.18128e-18       0.00000e+00
  91.9000000       6.47436e-20       6.47436e-20       0.00000e+00
  92.0000000       7.56086e-17       7.56086e-17       0.00000e+00
  92.1000000       8.87760e-18       8.87760e-18       0.00000e+00
  92.2000000       2.00041e-18       2.00041e-18       0.00000e+00
  92.3000000       7.05477e-17       7.05477e-17       0.00000e+00
  92.4000000       3.19545e-18       3.19545e-18       0.00000e+00
  92.5000000       6.43250e-20       6.43250e-20       0.00000e+00
  92.6000000       1.18853e-17       1.18853e-17       0.00000e+00
  92.7000000       1.18158e-18       1.18158e-18       0.00000e+00
  92.8000000       9.00516e-20       9.00516e-20       0.00000e+00
  92.9000000       1.32188e-16       1.32188e-16       0.00000e+00
  93.0000000       4.03773e-18       4.03773e-18       0.00000e+00
  93.1000000       5.85879e-20       5.85879e-20       0.00000e+00
  93.2000000       7.75334e-18       7.75334e-18       0.00000e+00
  93.3000000       4.56444e-19       4.56444e-19       0.00000e+00
  93.4000000       2.14106e-20       2.14106e-20       0.00000e+00
  93.5000000       2.53996e-18       2.53996e-18       0.00000e+00
  93.6000000       2.00044e-19       2.00044e-19       0.00000e+00
  93.7000000       1.57468e-20       1.57468e-20       0.00000e+00
  93.8000000       1.45030e-17       1.45030e-17       0.00000e+00
  93.9000000       2.94376e-16       2.94376e-16       0.00000e+00
  94.0000000       4.77895e-17       4.77895e-17       0.00000e+00
  94.1000000       2.39744e-18       2.39744e-18       0.00000e+00
  94.2000000       6.41772e-17       6.41772e-17       0.00000e+00
  94.3000000       7.88241e-17       7.88241e-17       0.00000e+00
  94.4000000       7.61978e-19       7.61978e-19       0.00000e+00
  94.5000000       6.69410e-19       6.69410e-19       0.00000e+00
  94.6000000       1.46677e-18       1.46677e-18       0.00000e+00
  94.7000000       2.21039e-19       2.21039e-19       0.00000e+00
  94.8000000       8.61308e-22       8.61308e-22       0.00000e+00
  94.9000000       2.52099e-17       2.52099e-17       0.00000e+00
  95.0000000       6.31025e-18       6.31025e-18       0.00000e+00
  95.1000000       2.08543e-19       2.08543e-19       0.00000e+00
  95.2000000       3.19046e-20       3.19046e-20       0.00000e+00
  95.3000000       1.14409e-21       1.14409e-21       0.00000e+00
  95.4000000       3.81042e-21       3.81042e-21       0.00000e+00
  95.5000000       2.41137e-17       2.30869e-17       0.00000e+00
  95.6000000       5.15329e-18       4.91506e-18       0.00000e+00
  95.7000000       1.60725e-19       1.46079e-19       0.00000e+00
  95.8000000       6.15125e-16       6.32842e-17       0.00000e+00
  95.9000000       5.91128e-16       3.91686e-17       0.00000e+00
  96.0000000       3.34881e-16       3.26273e-16       0.00000e+00
  96.1000000       7.39293e-17       7.19055e-17       0.00000e+00
  96.2000000       3.00337e-19       2.80317e-19       0.00000e+00
  96.3000000       6.33723e-20       3.49654e-20       0.00000e+00
  96.4000000       3.05453e-19       7.12550e-20       0.00000e+00
  96.5000000       1.19136e-18       5.44603e-19       0.00000e+00
  96.6000000       4.80735e-16       4.75987e-16       0.00000e+00
  96.7000000       1.03103e-17       1.02847e-17       0.00000e+00
  96.8000000       2.95624e-19       2.28120e-19       0.00000e+00
  96.9000000       3.83389e-20       1.85000e-19       0.00000e+00
  97.0000000       7.01252e-20       3.49440e-19       0.00000e+00
  97.1000000       8.08103e-19       9.81827e-19       0.00000e+00
  97.2000000       2.60101e-16       2.60101e-16       0.00000e+00
  97.3000000       5.99964e-17       5.99964e-17       0.00000e+00
  97.4000000       7.17794e-19       7.17794e-19       0.00000e+00
  97.5000000       2.10261e-20       2.10261e-20       0.00000e+00
  97.6000000       8.53016e-21       8.53016e-21       0.00000e+00
  97.7000000       1.37749e-20       1.37749e-20       0.00000e+00
  97.8000000       8.30424e-20       8.30424e-20       0.00000e+00
  97.9000000       1.58715e-16       1.58715e-16       0.00000e+00
  98.0000000       1.48347e-17       1.48347e-17       0.00000e+00
  98.1000000       5.06415e-19       5.06415e-19       0.00000e+00
  98.2000000       8.21485e-21       8.21485e-21       0.00000e+00
  98.3000000       2.23413e-22       2.23413e-22       0.00000e+00
  98.4000000       1.69445e-23       1.69447e-23       0.00000e+00
  98.5000000       2.17775e-22       2.17775e-22       0.00000e+00
  98.6000000       7.60455e-17       4.31565e-17       0.00000e+00
  98.7000000       1.62623e-18       1.18768e-18       0.00000e+00
  98.8000000       1.55113e-20       1.30865e-20       0.00000e+00
  98.9000000       5.46346e-20       8.02555e-22       0.00000e+00
  99.0000000       9.05633e-20       1.37348e-21       0.00000e+00
  99.1000000       1.97059e-20       7.10433e-21       0.00000e+00
  99.2000000       1.97458e-17       1.97449e-17       0.00000e+00
  99.3000000       9.96428e-19       9.96428e-19       0.00000e+00
  99.4000000       7.70250e-21       7.70250e-21       0.00000e+00
  99.5000000       2.30002e-22       2.30002e-22       0.00000e+00
  99.6000000       7.33543e-23       7.33545e-23       0.00000e+00
  99.7000000       3.62249e-23       3.62249e-23       0.00000e+00
  99.8000000       1.95689e-23       1.95690e-23       0.00000e+00
  99.9000000       1.62951e-23       1.62942e-23       0.00000e+00
