# Cross sections for N2O
# Converted from earlier Leiden database cross sections by Alan Heays 2016-02-24
# Photodissociation source: N2O P.D. CF. ZELIKOFF ET AL. ('53)
# Photoionisation source: N2O P.I. CF. COOK ET AL. ('68)
# Lines represented with gaussian of width 1.0 nm FWHM
# wavelength: (nm)
# photoabsorption:    cross section (cm2)
# photodissociation:  cross section (cm2)
# photoionisation:    cross section (cm2)
# 
# wavelength   photoabsorption photodissociation   photoionisation
  91.3000000       1.02687e-16       1.16875e-17       9.10000e-17
  91.4000000       1.02500e-16       1.15000e-17       9.10000e-17
  91.5000000       1.02250e-16       1.12500e-17       9.10000e-17
  91.6000000       1.02000e-16       1.10000e-17       9.10000e-17
  91.7000000       1.01750e-16       1.07500e-17       9.10000e-17
  91.8000000       1.01344e-16       1.05000e-17       9.08437e-17
  91.9000000       1.00000e-16       1.02500e-17       8.97500e-17
  92.0000000       9.85125e-17       1.00125e-17       8.85000e-17
  92.1000000       9.71000e-17       9.85000e-18       8.72500e-17
  92.2000000       9.58562e-17       9.70000e-18       8.61562e-17
  92.3000000       9.55500e-17       9.55000e-18       8.60000e-17
  92.4000000       9.52333e-17       9.40000e-18       8.58333e-17
  92.5000000       9.39167e-17       9.25000e-18       8.46667e-17
  92.6000000       9.24333e-17       9.10000e-18       8.33333e-17
  92.7000000       9.09500e-17       8.95000e-18       8.20000e-17
  92.8000000       8.94667e-17       8.80000e-18       8.06667e-17
  92.9000000       8.79833e-17       8.65000e-18       7.93333e-17
  93.0000000       8.66667e-17       8.50000e-18       7.81667e-17
  93.1000000       8.63500e-17       8.35000e-18       7.80000e-17
  93.2000000       8.62833e-17       8.20000e-18       7.80833e-17
  93.3000000       8.67167e-17       8.05000e-18       7.86667e-17
  93.4000000       8.72333e-17       7.90000e-18       7.93333e-17
  93.5000000       8.76667e-17       7.75000e-18       7.99167e-17
  93.6000000       8.76000e-17       7.60000e-18       8.00000e-17
  93.7000000       8.74500e-17       7.45000e-18       8.00000e-17
  93.8000000       8.69250e-17       7.30000e-18       7.96250e-17
  93.9000000       8.41500e-17       7.15000e-18       7.70000e-17
  94.0000000       8.12625e-17       7.01250e-18       7.42500e-17
  94.1000000       7.99500e-17       6.95000e-18       7.30000e-17
  94.2000000       7.89000e-17       6.90000e-18       7.20000e-17
  94.3000000       7.80687e-17       6.85000e-18       7.12187e-17
  94.4000000       7.85500e-17       6.80000e-18       7.17500e-17
  94.5000000       7.92500e-17       6.75000e-18       7.25000e-17
  94.6000000       7.99500e-17       6.70000e-18       7.32500e-17
  94.7000000       8.01812e-17       6.65000e-18       7.35312e-17
  94.8000000       7.76000e-17       6.60000e-18       7.10000e-17
  94.9000000       7.45500e-17       6.55000e-18       6.80000e-17
  95.0000000       7.20417e-17       6.50000e-18       6.55417e-17
  95.1000000       7.27833e-17       6.45000e-18       6.63333e-17
  95.2000000       6.99000e-17       6.40000e-18       6.35000e-17
  95.3000000       6.33500e-17       6.35000e-18       5.70000e-17
  95.4000000       5.73000e-17       6.30000e-18       5.10000e-17
  95.5000000       5.18000e-17       6.25000e-18       4.55500e-17
  95.6000000       4.96000e-17       6.20000e-18       4.34000e-17
  95.7000000       4.79500e-17       6.15000e-18       4.18000e-17
  95.8000000       4.63000e-17       6.10000e-18       4.02000e-17
  95.9000000       4.46500e-17       6.05000e-18       3.86000e-17
  96.0000000       4.01354e-17       6.01875e-18       3.41167e-17
  96.1000000       1.84333e-17       6.10000e-18       1.23333e-17
  96.2000000       6.20000e-18       6.20000e-18       0.00000e+00
  96.3000000       6.30000e-18       6.30000e-18       0.00000e+00
  96.4000000       6.40000e-18       6.40000e-18       0.00000e+00
  96.5000000       6.50000e-18       6.50000e-18       0.00000e+00
  96.6000000       6.60000e-18       6.60000e-18       0.00000e+00
  96.7000000       6.70000e-18       6.70000e-18       0.00000e+00
  96.8000000       6.80000e-18       6.80000e-18       0.00000e+00
  96.9000000       6.90000e-18       6.90000e-18       0.00000e+00
  97.0000000       7.00000e-18       7.00000e-18       0.00000e+00
  97.1000000       7.10000e-18       7.10000e-18       0.00000e+00
  97.2000000       7.20000e-18       7.20000e-18       0.00000e+00
  97.3000000       7.30000e-18       7.30000e-18       0.00000e+00
  97.4000000       7.40000e-18       7.40000e-18       0.00000e+00
  97.5000000       7.50000e-18       7.50000e-18       0.00000e+00
  97.6000000       7.60000e-18       7.60000e-18       0.00000e+00
  97.7000000       7.70000e-18       7.70000e-18       0.00000e+00
  97.8000000       7.80000e-18       7.80000e-18       0.00000e+00
  97.9000000       7.90000e-18       7.90000e-18       0.00000e+00
  98.0000000       8.00000e-18       8.00000e-18       0.00000e+00
  98.1000000       8.10000e-18       8.10000e-18       0.00000e+00
  98.2000000       8.20000e-18       8.20000e-18       0.00000e+00
  98.3000000       8.30000e-18       8.30000e-18       0.00000e+00
  98.4000000       8.40000e-18       8.40000e-18       0.00000e+00
  98.5000000       8.50000e-18       8.50000e-18       0.00000e+00
  98.6000000       8.60000e-18       8.60000e-18       0.00000e+00
  98.7000000       8.70000e-18       8.70000e-18       0.00000e+00
  98.8000000       8.80000e-18       8.80000e-18       0.00000e+00
  98.9000000       8.90000e-18       8.90000e-18       0.00000e+00
  99.0000000       9.00000e-18       9.00000e-18       0.00000e+00
  99.1000000       9.10000e-18       9.10000e-18       0.00000e+00
  99.2000000       9.20000e-18       9.20000e-18       0.00000e+00
  99.3000000       9.30000e-18       9.30000e-18       0.00000e+00
  99.4000000       9.40000e-18       9.40000e-18       0.00000e+00
  99.5000000       9.50000e-18       9.50000e-18       0.00000e+00
  99.6000000       9.60000e-18       9.60000e-18       0.00000e+00
  99.7000000       9.70000e-18       9.70000e-18       0.00000e+00
  99.8000000       9.80000e-18       9.80000e-18       0.00000e+00
  99.9000000       9.90000e-18       9.90000e-18       0.00000e+00
 100.0000000       1.00213e-17       1.00213e-17       0.00000e+00
 100.1000000       1.02700e-17       1.02700e-17       0.00000e+00
 100.2000000       1.05400e-17       1.05400e-17       0.00000e+00
 100.3000000       1.08100e-17       1.08100e-17       0.00000e+00
 100.4000000       1.10800e-17       1.10800e-17       0.00000e+00
 100.5000000       1.13500e-17       1.13500e-17       0.00000e+00
 100.6000000       1.16200e-17       1.16200e-17       0.00000e+00
 100.7000000       1.18900e-17       1.18900e-17       0.00000e+00
 100.8000000       1.21600e-17       1.21600e-17       0.00000e+00
 100.9000000       1.24300e-17       1.24300e-17       0.00000e+00
 101.0000000       1.27000e-17       1.27000e-17       0.00000e+00
 101.1000000       1.29700e-17       1.29700e-17       0.00000e+00
 101.2000000       1.32400e-17       1.32400e-17       0.00000e+00
 101.3000000       1.35100e-17       1.35100e-17       0.00000e+00
 101.4000000       1.37800e-17       1.37800e-17       0.00000e+00
 101.5000000       1.40500e-17       1.40500e-17       0.00000e+00
 101.6000000       1.43200e-17       1.43200e-17       0.00000e+00
 101.7000000       1.45900e-17       1.45900e-17       0.00000e+00
 101.8000000       1.48600e-17       1.48600e-17       0.00000e+00
 101.9000000       1.51300e-17       1.51300e-17       0.00000e+00
 102.0000000       1.54000e-17       1.54000e-17       0.00000e+00
 102.1000000       1.56700e-17       1.56700e-17       0.00000e+00
 102.2000000       1.59400e-17       1.59400e-17       0.00000e+00
 102.3000000       1.62100e-17       1.62100e-17       0.00000e+00
 102.4000000       1.64800e-17       1.64800e-17       0.00000e+00
 102.5000000       1.67500e-17       1.67500e-17       0.00000e+00
 102.6000000       1.70200e-17       1.70200e-17       0.00000e+00
 102.7000000       1.72900e-17       1.72900e-17       0.00000e+00
 102.8000000       1.75600e-17       1.75600e-17       0.00000e+00
 102.9000000       1.78300e-17       1.78300e-17       0.00000e+00
 103.0000000       1.81000e-17       1.81000e-17       0.00000e+00
 103.1000000       1.83700e-17       1.83700e-17       0.00000e+00
 103.2000000       1.86400e-17       1.86400e-17       0.00000e+00
 103.3000000       1.89100e-17       1.89100e-17       0.00000e+00
 103.4000000       1.91800e-17       1.91800e-17       0.00000e+00
 103.5000000       1.94500e-17       1.94500e-17       0.00000e+00
 103.6000000       1.97200e-17       1.97200e-17       0.00000e+00
 103.7000000       1.99900e-17       1.99900e-17       0.00000e+00
 103.8000000       2.02600e-17       2.02600e-17       0.00000e+00
 103.9000000       2.05300e-17       2.05300e-17       0.00000e+00
 104.0000000       2.08000e-17       2.08000e-17       0.00000e+00
 104.1000000       2.10700e-17       2.10700e-17       0.00000e+00
 104.2000000       2.13400e-17       2.13400e-17       0.00000e+00
 104.3000000       2.16100e-17       2.16100e-17       0.00000e+00
 104.4000000       2.18800e-17       2.18800e-17       0.00000e+00
 104.5000000       2.21500e-17       2.21500e-17       0.00000e+00
 104.6000000       2.24200e-17       2.24200e-17       0.00000e+00
 104.7000000       2.26900e-17       2.26900e-17       0.00000e+00
 104.8000000       2.29600e-17       2.29600e-17       0.00000e+00
 104.9000000       2.32300e-17       2.32300e-17       0.00000e+00
 105.0000000       2.35000e-17       2.35000e-17       0.00000e+00
 105.1000000       2.37700e-17       2.37700e-17       0.00000e+00
 105.2000000       2.40400e-17       2.40400e-17       0.00000e+00
 105.3000000       2.43100e-17       2.43100e-17       0.00000e+00
 105.4000000       2.45800e-17       2.45800e-17       0.00000e+00
 105.5000000       2.48500e-17       2.48500e-17       0.00000e+00
 105.6000000       2.51200e-17       2.51200e-17       0.00000e+00
 105.7000000       2.53900e-17       2.53900e-17       0.00000e+00
 105.8000000       2.56600e-17       2.56600e-17       0.00000e+00
 105.9000000       2.59300e-17       2.59300e-17       0.00000e+00
 106.0000000       2.62000e-17       2.62000e-17       0.00000e+00
 106.1000000       2.64700e-17       2.64700e-17       0.00000e+00
 106.2000000       2.67400e-17       2.67400e-17       0.00000e+00
 106.3000000       2.70100e-17       2.70100e-17       0.00000e+00
 106.4000000       2.72800e-17       2.72800e-17       0.00000e+00
 106.5000000       2.75500e-17       2.75500e-17       0.00000e+00
 106.6000000       2.78200e-17       2.78200e-17       0.00000e+00
 106.7000000       2.80900e-17       2.80900e-17       0.00000e+00
 106.8000000       2.83600e-17       2.83600e-17       0.00000e+00
 106.9000000       2.86300e-17       2.86300e-17       0.00000e+00
 107.0000000       2.89000e-17       2.89000e-17       0.00000e+00
 107.1000000       2.91700e-17       2.91700e-17       0.00000e+00
 107.2000000       2.94400e-17       2.94400e-17       0.00000e+00
 107.3000000       2.97100e-17       2.97100e-17       0.00000e+00
 107.4000000       2.99800e-17       2.99800e-17       0.00000e+00
 107.5000000       3.02500e-17       3.02500e-17       0.00000e+00
 107.6000000       3.05200e-17       3.05200e-17       0.00000e+00
 107.7000000       3.07900e-17       3.07900e-17       0.00000e+00
 107.8000000       3.10600e-17       3.10600e-17       0.00000e+00
 107.9000000       3.13300e-17       3.13300e-17       0.00000e+00
 108.0000000       3.16000e-17       3.16000e-17       0.00000e+00
 108.1000000       3.18700e-17       3.18700e-17       0.00000e+00
 108.2000000       3.21400e-17       3.21400e-17       0.00000e+00
 108.3000000       3.24100e-17       3.24100e-17       0.00000e+00
 108.4000000       3.26800e-17       3.26800e-17       0.00000e+00
 108.5000000       3.29500e-17       3.29500e-17       0.00000e+00
 108.6000000       3.32200e-17       3.32200e-17       0.00000e+00
 108.7000000       3.34900e-17       3.34900e-17       0.00000e+00
 108.8000000       3.37600e-17       3.37600e-17       0.00000e+00
 108.9000000       3.40300e-17       3.40300e-17       0.00000e+00
 109.0000000       3.43000e-17       3.43000e-17       0.00000e+00
 109.1000000       3.45700e-17       3.45700e-17       0.00000e+00
 109.2000000       3.48400e-17       3.48400e-17       0.00000e+00
 109.3000000       3.51100e-17       3.51100e-17       0.00000e+00
 109.4000000       3.53800e-17       3.53800e-17       0.00000e+00
 109.5000000       3.56500e-17       3.56500e-17       0.00000e+00
 109.6000000       3.59200e-17       3.59200e-17       0.00000e+00
 109.7000000       3.61900e-17       3.61900e-17       0.00000e+00
 109.8000000       3.64600e-17       3.64600e-17       0.00000e+00
 109.9000000       3.67300e-17       3.67300e-17       0.00000e+00
 110.0000000       3.69012e-17       3.69012e-17       0.00000e+00
 110.1000000       3.64800e-17       3.64800e-17       0.00000e+00
 110.2000000       3.59600e-17       3.59600e-17       0.00000e+00
 110.3000000       3.54400e-17       3.54400e-17       0.00000e+00
 110.4000000       3.49200e-17       3.49200e-17       0.00000e+00
 110.5000000       3.44000e-17       3.44000e-17       0.00000e+00
 110.6000000       3.38800e-17       3.38800e-17       0.00000e+00
 110.7000000       3.33600e-17       3.33600e-17       0.00000e+00
 110.8000000       3.28400e-17       3.28400e-17       0.00000e+00
 110.9000000       3.23200e-17       3.23200e-17       0.00000e+00
 111.0000000       3.18000e-17       3.18000e-17       0.00000e+00
 111.1000000       3.12800e-17       3.12800e-17       0.00000e+00
 111.2000000       3.07600e-17       3.07600e-17       0.00000e+00
 111.3000000       3.02400e-17       3.02400e-17       0.00000e+00
 111.4000000       2.97200e-17       2.97200e-17       0.00000e+00
 111.5000000       2.92000e-17       2.92000e-17       0.00000e+00
 111.6000000       2.86800e-17       2.86800e-17       0.00000e+00
 111.7000000       2.81600e-17       2.81600e-17       0.00000e+00
 111.8000000       2.76400e-17       2.76400e-17       0.00000e+00
 111.9000000       2.71200e-17       2.71200e-17       0.00000e+00
 112.0000000       2.66000e-17       2.66000e-17       0.00000e+00
 112.1000000       2.60800e-17       2.60800e-17       0.00000e+00
 112.2000000       2.55600e-17       2.55600e-17       0.00000e+00
 112.3000000       2.50400e-17       2.50400e-17       0.00000e+00
 112.4000000       2.45200e-17       2.45200e-17       0.00000e+00
 112.5000000       2.40000e-17       2.40000e-17       0.00000e+00
 112.6000000       2.34800e-17       2.34800e-17       0.00000e+00
 112.7000000       2.29600e-17       2.29600e-17       0.00000e+00
 112.8000000       2.24400e-17       2.24400e-17       0.00000e+00
 112.9000000       2.19200e-17       2.19200e-17       0.00000e+00
 113.0000000       2.14000e-17       2.14000e-17       0.00000e+00
 113.1000000       2.08800e-17       2.08800e-17       0.00000e+00
 113.2000000       2.03600e-17       2.03600e-17       0.00000e+00
 113.3000000       1.98400e-17       1.98400e-17       0.00000e+00
 113.4000000       1.93200e-17       1.93200e-17       0.00000e+00
 113.5000000       1.88000e-17       1.88000e-17       0.00000e+00
 113.6000000       1.82800e-17       1.82800e-17       0.00000e+00
 113.7000000       1.77600e-17       1.77600e-17       0.00000e+00
 113.8000000       1.72400e-17       1.72400e-17       0.00000e+00
 113.9000000       1.67200e-17       1.67200e-17       0.00000e+00
 114.0000000       1.62000e-17       1.62000e-17       0.00000e+00
 114.1000000       1.56800e-17       1.56800e-17       0.00000e+00
 114.2000000       1.51600e-17       1.51600e-17       0.00000e+00
 114.3000000       1.46400e-17       1.46400e-17       0.00000e+00
 114.4000000       1.41200e-17       1.41200e-17       0.00000e+00
 114.5000000       1.36000e-17       1.36000e-17       0.00000e+00
 114.6000000       1.30800e-17       1.30800e-17       0.00000e+00
 114.7000000       1.25600e-17       1.25600e-17       0.00000e+00
 114.8000000       1.20400e-17       1.20400e-17       0.00000e+00
 114.9000000       1.15200e-17       1.15200e-17       0.00000e+00
 115.0000000       1.10440e-17       1.10440e-17       0.00000e+00
 115.1000000       1.08320e-17       1.08320e-17       0.00000e+00
 115.2000000       1.06640e-17       1.06640e-17       0.00000e+00
 115.3000000       1.04960e-17       1.04960e-17       0.00000e+00
 115.4000000       1.03280e-17       1.03280e-17       0.00000e+00
 115.5000000       1.01600e-17       1.01600e-17       0.00000e+00
 115.6000000       9.99200e-18       9.99200e-18       0.00000e+00
 115.7000000       9.82400e-18       9.82400e-18       0.00000e+00
 115.8000000       9.65600e-18       9.65600e-18       0.00000e+00
 115.9000000       9.48800e-18       9.48800e-18       0.00000e+00
 116.0000000       9.32000e-18       9.32000e-18       0.00000e+00
 116.1000000       9.15200e-18       9.15200e-18       0.00000e+00
 116.2000000       8.98400e-18       8.98400e-18       0.00000e+00
 116.3000000       8.81600e-18       8.81600e-18       0.00000e+00
 116.4000000       8.64800e-18       8.64800e-18       0.00000e+00
 116.5000000       8.48000e-18       8.48000e-18       0.00000e+00
 116.6000000       8.31200e-18       8.31200e-18       0.00000e+00
 116.7000000       8.14400e-18       8.14400e-18       0.00000e+00
 116.8000000       7.97600e-18       7.97600e-18       0.00000e+00
 116.9000000       7.80800e-18       7.80800e-18       0.00000e+00
 117.0000000       7.64000e-18       7.64000e-18       0.00000e+00
 117.1000000       7.47200e-18       7.47200e-18       0.00000e+00
 117.2000000       7.30400e-18       7.30400e-18       0.00000e+00
 117.3000000       7.13600e-18       7.13600e-18       0.00000e+00
 117.4000000       6.96800e-18       6.96800e-18       0.00000e+00
 117.5000000       6.80000e-18       6.80000e-18       0.00000e+00
 117.6000000       6.63200e-18       6.63200e-18       0.00000e+00
 117.7000000       6.46400e-18       6.46400e-18       0.00000e+00
 117.8000000       6.29600e-18       6.29600e-18       0.00000e+00
 117.9000000       6.12800e-18       6.12800e-18       0.00000e+00
 118.0000000       5.96000e-18       5.96000e-18       0.00000e+00
 118.1000000       5.79200e-18       5.79200e-18       0.00000e+00
 118.2000000       5.62400e-18       5.62400e-18       0.00000e+00
 118.3000000       5.45600e-18       5.45600e-18       0.00000e+00
 118.4000000       5.28800e-18       5.28800e-18       0.00000e+00
 118.5000000       5.12000e-18       5.12000e-18       0.00000e+00
 118.6000000       4.95200e-18       4.95200e-18       0.00000e+00
 118.7000000       4.78400e-18       4.78400e-18       0.00000e+00
 118.8000000       4.61600e-18       4.61600e-18       0.00000e+00
 118.9000000       4.44800e-18       4.44800e-18       0.00000e+00
 119.0000000       4.28000e-18       4.28000e-18       0.00000e+00
 119.1000000       4.11200e-18       4.11200e-18       0.00000e+00
 119.2000000       3.94400e-18       3.94400e-18       0.00000e+00
 119.3000000       3.77600e-18       3.77600e-18       0.00000e+00
 119.4000000       3.60800e-18       3.60800e-18       0.00000e+00
 119.5000000       3.44000e-18       3.44000e-18       0.00000e+00
 119.6000000       3.27200e-18       3.27200e-18       0.00000e+00
 119.7000000       3.10400e-18       3.10400e-18       0.00000e+00
 119.8000000       2.93600e-18       2.93600e-18       0.00000e+00
 119.9000000       2.76800e-18       2.76800e-18       0.00000e+00
 120.0000000       2.63100e-18       2.63100e-18       0.00000e+00
 120.1000000       2.68000e-18       2.68000e-18       0.00000e+00
 120.2000000       2.76000e-18       2.76000e-18       0.00000e+00
 120.3000000       2.84000e-18       2.84000e-18       0.00000e+00
 120.4000000       2.92000e-18       2.92000e-18       0.00000e+00
 120.5000000       3.00000e-18       3.00000e-18       0.00000e+00
 120.6000000       3.08000e-18       3.08000e-18       0.00000e+00
 120.7000000       3.16000e-18       3.16000e-18       0.00000e+00
 120.8000000       3.24000e-18       3.24000e-18       0.00000e+00
 120.9000000       3.32000e-18       3.32000e-18       0.00000e+00
 121.0000000       3.40000e-18       3.40000e-18       0.00000e+00
 121.1000000       3.48000e-18       3.48000e-18       0.00000e+00
 121.2000000       3.56000e-18       3.56000e-18       0.00000e+00
 121.3000000       3.64000e-18       3.64000e-18       0.00000e+00
 121.4000000       3.72000e-18       3.72000e-18       0.00000e+00
 121.5000000       3.80000e-18       3.80000e-18       0.00000e+00
 121.6000000       3.88000e-18       3.88000e-18       0.00000e+00
 121.7000000       3.96000e-18       3.96000e-18       0.00000e+00
 121.8000000       4.04000e-18       4.04000e-18       0.00000e+00
 121.9000000       4.12000e-18       4.12000e-18       0.00000e+00
 122.0000000       4.20000e-18       4.20000e-18       0.00000e+00
 122.1000000       4.28000e-18       4.28000e-18       0.00000e+00
 122.2000000       4.36000e-18       4.36000e-18       0.00000e+00
 122.3000000       4.44000e-18       4.44000e-18       0.00000e+00
 122.4000000       4.52000e-18       4.52000e-18       0.00000e+00
 122.5000000       4.60000e-18       4.60000e-18       0.00000e+00
 122.6000000       4.68000e-18       4.68000e-18       0.00000e+00
 122.7000000       4.76000e-18       4.76000e-18       0.00000e+00
 122.8000000       4.84000e-18       4.84000e-18       0.00000e+00
 122.9000000       4.92000e-18       4.92000e-18       0.00000e+00
 123.0000000       5.15667e-18       5.15667e-18       0.00000e+00
 123.1000000       6.33333e-18       6.33333e-18       0.00000e+00
 123.2000000       7.66667e-18       7.66667e-18       0.00000e+00
 123.3000000       9.00000e-18       9.00000e-18       0.00000e+00
 123.4000000       1.03333e-17       1.03333e-17       0.00000e+00
 123.5000000       1.16667e-17       1.16667e-17       0.00000e+00
 123.6000000       1.30000e-17       1.30000e-17       0.00000e+00
 123.7000000       1.43333e-17       1.43333e-17       0.00000e+00
 123.8000000       1.56667e-17       1.56667e-17       0.00000e+00
 123.9000000       1.70000e-17       1.70000e-17       0.00000e+00
 124.0000000       1.83333e-17       1.83333e-17       0.00000e+00
 124.1000000       1.96667e-17       1.96667e-17       0.00000e+00
 124.2000000       2.10000e-17       2.10000e-17       0.00000e+00
 124.3000000       2.23333e-17       2.23333e-17       0.00000e+00
 124.4000000       2.36667e-17       2.36667e-17       0.00000e+00
 124.5000000       2.50000e-17       2.50000e-17       0.00000e+00
 124.6000000       2.63333e-17       2.63333e-17       0.00000e+00
 124.7000000       2.76667e-17       2.76667e-17       0.00000e+00
 124.8000000       2.90000e-17       2.90000e-17       0.00000e+00
 124.9000000       3.03333e-17       3.03333e-17       0.00000e+00
 125.0000000       3.16667e-17       3.16667e-17       0.00000e+00
 125.1000000       3.30000e-17       3.30000e-17       0.00000e+00
 125.2000000       3.43333e-17       3.43333e-17       0.00000e+00
 125.3000000       3.56667e-17       3.56667e-17       0.00000e+00
 125.4000000       3.70000e-17       3.70000e-17       0.00000e+00
 125.5000000       3.83333e-17       3.83333e-17       0.00000e+00
 125.6000000       3.96667e-17       3.96667e-17       0.00000e+00
 125.7000000       4.10000e-17       4.10000e-17       0.00000e+00
 125.8000000       4.23333e-17       4.23333e-17       0.00000e+00
 125.9000000       4.36667e-17       4.36667e-17       0.00000e+00
 126.0000000       4.50167e-17       4.50167e-17       0.00000e+00
 126.1000000       4.64667e-17       4.64667e-17       0.00000e+00
 126.2000000       4.79333e-17       4.79333e-17       0.00000e+00
 126.3000000       4.94000e-17       4.94000e-17       0.00000e+00
 126.4000000       5.08667e-17       5.08667e-17       0.00000e+00
 126.5000000       5.23333e-17       5.23333e-17       0.00000e+00
 126.6000000       5.38000e-17       5.38000e-17       0.00000e+00
 126.7000000       5.52667e-17       5.52667e-17       0.00000e+00
 126.8000000       5.67333e-17       5.67333e-17       0.00000e+00
 126.9000000       5.82000e-17       5.82000e-17       0.00000e+00
 127.0000000       5.96667e-17       5.96667e-17       0.00000e+00
 127.1000000       6.11333e-17       6.11333e-17       0.00000e+00
 127.2000000       6.26000e-17       6.26000e-17       0.00000e+00
 127.3000000       6.40667e-17       6.40667e-17       0.00000e+00
 127.4000000       6.55333e-17       6.55333e-17       0.00000e+00
 127.5000000       6.70000e-17       6.70000e-17       0.00000e+00
 127.6000000       6.84667e-17       6.84667e-17       0.00000e+00
 127.7000000       6.99333e-17       6.99333e-17       0.00000e+00
 127.8000000       7.14000e-17       7.14000e-17       0.00000e+00
 127.9000000       7.28667e-17       7.28667e-17       0.00000e+00
 128.0000000       7.43333e-17       7.43333e-17       0.00000e+00
 128.1000000       7.58000e-17       7.58000e-17       0.00000e+00
 128.2000000       7.72667e-17       7.72667e-17       0.00000e+00
 128.3000000       7.87333e-17       7.87333e-17       0.00000e+00
 128.4000000       8.02000e-17       8.02000e-17       0.00000e+00
 128.5000000       8.16667e-17       8.16667e-17       0.00000e+00
 128.6000000       8.31333e-17       8.31333e-17       0.00000e+00
 128.7000000       8.46000e-17       8.46000e-17       0.00000e+00
 128.8000000       8.60667e-17       8.60667e-17       0.00000e+00
 128.9000000       8.75333e-17       8.75333e-17       0.00000e+00
 129.0000000       8.86000e-17       8.86000e-17       0.00000e+00
 129.1000000       8.72667e-17       8.72667e-17       0.00000e+00
 129.2000000       8.55333e-17       8.55333e-17       0.00000e+00
 129.3000000       8.38000e-17       8.38000e-17       0.00000e+00
 129.4000000       8.20667e-17       8.20667e-17       0.00000e+00
 129.5000000       8.03333e-17       8.03333e-17       0.00000e+00
 129.6000000       7.86000e-17       7.86000e-17       0.00000e+00
 129.7000000       7.68667e-17       7.68667e-17       0.00000e+00
 129.8000000       7.51333e-17       7.51333e-17       0.00000e+00
 129.9000000       7.34000e-17       7.34000e-17       0.00000e+00
 130.0000000       7.16667e-17       7.16667e-17       0.00000e+00
 130.1000000       6.99333e-17       6.99333e-17       0.00000e+00
 130.2000000       6.82000e-17       6.82000e-17       0.00000e+00
 130.3000000       6.64667e-17       6.64667e-17       0.00000e+00
 130.4000000       6.47333e-17       6.47333e-17       0.00000e+00
 130.5000000       6.30000e-17       6.30000e-17       0.00000e+00
 130.6000000       6.12667e-17       6.12667e-17       0.00000e+00
 130.7000000       5.95333e-17       5.95333e-17       0.00000e+00
 130.8000000       5.78000e-17       5.78000e-17       0.00000e+00
 130.9000000       5.60667e-17       5.60667e-17       0.00000e+00
 131.0000000       5.43333e-17       5.43333e-17       0.00000e+00
 131.1000000       5.26000e-17       5.26000e-17       0.00000e+00
 131.2000000       5.08667e-17       5.08667e-17       0.00000e+00
 131.3000000       4.91333e-17       4.91333e-17       0.00000e+00
 131.4000000       4.74000e-17       4.74000e-17       0.00000e+00
 131.5000000       4.56667e-17       4.56667e-17       0.00000e+00
 131.6000000       4.39333e-17       4.39333e-17       0.00000e+00
 131.7000000       4.22000e-17       4.22000e-17       0.00000e+00
 131.8000000       4.04667e-17       4.04667e-17       0.00000e+00
 131.9000000       3.87333e-17       3.87333e-17       0.00000e+00
 132.0000000       3.70792e-17       3.70792e-17       0.00000e+00
 132.1000000       3.59000e-17       3.59000e-17       0.00000e+00
 132.2000000       3.48000e-17       3.48000e-17       0.00000e+00
 132.3000000       3.37000e-17       3.37000e-17       0.00000e+00
 132.4000000       3.26000e-17       3.26000e-17       0.00000e+00
 132.5000000       3.15000e-17       3.15000e-17       0.00000e+00
 132.6000000       3.04000e-17       3.04000e-17       0.00000e+00
 132.7000000       2.93000e-17       2.93000e-17       0.00000e+00
 132.8000000       2.82000e-17       2.82000e-17       0.00000e+00
 132.9000000       2.71000e-17       2.71000e-17       0.00000e+00
 133.0000000       2.60000e-17       2.60000e-17       0.00000e+00
 133.1000000       2.49000e-17       2.49000e-17       0.00000e+00
 133.2000000       2.38000e-17       2.38000e-17       0.00000e+00
 133.3000000       2.27000e-17       2.27000e-17       0.00000e+00
 133.4000000       2.16000e-17       2.16000e-17       0.00000e+00
 133.5000000       2.05000e-17       2.05000e-17       0.00000e+00
 133.6000000       1.94000e-17       1.94000e-17       0.00000e+00
 133.7000000       1.83000e-17       1.83000e-17       0.00000e+00
 133.8000000       1.72000e-17       1.72000e-17       0.00000e+00
 133.9000000       1.61000e-17       1.61000e-17       0.00000e+00
 134.0000000       1.50000e-17       1.50000e-17       0.00000e+00
 134.1000000       1.39000e-17       1.39000e-17       0.00000e+00
 134.2000000       1.28000e-17       1.28000e-17       0.00000e+00
 134.3000000       1.17000e-17       1.17000e-17       0.00000e+00
 134.4000000       1.06000e-17       1.06000e-17       0.00000e+00
 134.5000000       9.50000e-18       9.50000e-18       0.00000e+00
 134.6000000       8.40000e-18       8.40000e-18       0.00000e+00
 134.7000000       7.30000e-18       7.30000e-18       0.00000e+00
 134.8000000       6.20000e-18       6.20000e-18       0.00000e+00
 134.9000000       5.10000e-18       5.10000e-18       0.00000e+00
 135.0000000       4.13000e-18       4.13000e-18       0.00000e+00
 135.1000000       3.94000e-18       3.94000e-18       0.00000e+00
 135.2000000       3.88000e-18       3.88000e-18       0.00000e+00
 135.3000000       3.82000e-18       3.82000e-18       0.00000e+00
 135.4000000       3.76000e-18       3.76000e-18       0.00000e+00
 135.5000000       3.70000e-18       3.70000e-18       0.00000e+00
 135.6000000       3.64000e-18       3.64000e-18       0.00000e+00
 135.7000000       3.58000e-18       3.58000e-18       0.00000e+00
 135.8000000       3.52000e-18       3.52000e-18       0.00000e+00
 135.9000000       3.46000e-18       3.46000e-18       0.00000e+00
 136.0000000       3.40000e-18       3.40000e-18       0.00000e+00
 136.1000000       3.34000e-18       3.34000e-18       0.00000e+00
 136.2000000       3.28000e-18       3.28000e-18       0.00000e+00
 136.3000000       3.22000e-18       3.22000e-18       0.00000e+00
 136.4000000       3.16000e-18       3.16000e-18       0.00000e+00
 136.5000000       3.10000e-18       3.10000e-18       0.00000e+00
 136.6000000       3.04000e-18       3.04000e-18       0.00000e+00
 136.7000000       2.98000e-18       2.98000e-18       0.00000e+00
 136.8000000       2.92000e-18       2.92000e-18       0.00000e+00
 136.9000000       2.86000e-18       2.86000e-18       0.00000e+00
 137.0000000       2.80000e-18       2.80000e-18       0.00000e+00
 137.1000000       2.74000e-18       2.74000e-18       0.00000e+00
 137.2000000       2.68000e-18       2.68000e-18       0.00000e+00
 137.3000000       2.62000e-18       2.62000e-18       0.00000e+00
 137.4000000       2.56000e-18       2.56000e-18       0.00000e+00
 137.5000000       2.50000e-18       2.50000e-18       0.00000e+00
 137.6000000       2.44000e-18       2.44000e-18       0.00000e+00
 137.7000000       2.38000e-18       2.38000e-18       0.00000e+00
 137.8000000       2.32000e-18       2.32000e-18       0.00000e+00
 137.9000000       2.26000e-18       2.26000e-18       0.00000e+00
 138.0000000       2.20000e-18       2.20000e-18       0.00000e+00
 138.1000000       2.14000e-18       2.14000e-18       0.00000e+00
 138.2000000       2.08000e-18       2.08000e-18       0.00000e+00
 138.3000000       2.02000e-18       2.02000e-18       0.00000e+00
 138.4000000       1.96000e-18       1.96000e-18       0.00000e+00
 138.5000000       1.90000e-18       1.90000e-18       0.00000e+00
 138.6000000       1.84000e-18       1.84000e-18       0.00000e+00
 138.7000000       1.78000e-18       1.78000e-18       0.00000e+00
 138.8000000       1.72000e-18       1.72000e-18       0.00000e+00
 138.9000000       1.66000e-18       1.66000e-18       0.00000e+00
 139.0000000       1.60000e-18       1.60000e-18       0.00000e+00
 139.1000000       1.54000e-18       1.54000e-18       0.00000e+00
 139.2000000       1.48000e-18       1.48000e-18       0.00000e+00
 139.3000000       1.42000e-18       1.42000e-18       0.00000e+00
 139.4000000       1.36000e-18       1.36000e-18       0.00000e+00
 139.5000000       1.30000e-18       1.30000e-18       0.00000e+00
 139.6000000       1.24000e-18       1.24000e-18       0.00000e+00
 139.7000000       1.18000e-18       1.18000e-18       0.00000e+00
 139.8000000       1.12000e-18       1.12000e-18       0.00000e+00
 139.9000000       1.06000e-18       1.06000e-18       0.00000e+00
 140.0000000       1.02000e-18       1.02000e-18       0.00000e+00
 140.1000000       1.10000e-18       1.10000e-18       0.00000e+00
 140.2000000       1.20000e-18       1.20000e-18       0.00000e+00
 140.3000000       1.30000e-18       1.30000e-18       0.00000e+00
 140.4000000       1.40000e-18       1.40000e-18       0.00000e+00
 140.5000000       1.50000e-18       1.50000e-18       0.00000e+00
 140.6000000       1.60000e-18       1.60000e-18       0.00000e+00
 140.7000000       1.70000e-18       1.70000e-18       0.00000e+00
 140.8000000       1.80000e-18       1.80000e-18       0.00000e+00
 140.9000000       1.90000e-18       1.90000e-18       0.00000e+00
 141.0000000       2.00000e-18       2.00000e-18       0.00000e+00
 141.1000000       2.10000e-18       2.10000e-18       0.00000e+00
 141.2000000       2.20000e-18       2.20000e-18       0.00000e+00
 141.3000000       2.30000e-18       2.30000e-18       0.00000e+00
 141.4000000       2.40000e-18       2.40000e-18       0.00000e+00
 141.5000000       2.50000e-18       2.50000e-18       0.00000e+00
 141.6000000       2.60000e-18       2.60000e-18       0.00000e+00
 141.7000000       2.70000e-18       2.70000e-18       0.00000e+00
 141.8000000       2.80000e-18       2.80000e-18       0.00000e+00
 141.9000000       2.90000e-18       2.90000e-18       0.00000e+00
 142.0000000       3.00625e-18       3.00625e-18       0.00000e+00
 142.1000000       3.15000e-18       3.15000e-18       0.00000e+00
 142.2000000       3.30000e-18       3.30000e-18       0.00000e+00
 142.3000000       3.45000e-18       3.45000e-18       0.00000e+00
 142.4000000       3.60000e-18       3.60000e-18       0.00000e+00
 142.5000000       3.75000e-18       3.75000e-18       0.00000e+00
 142.6000000       3.90000e-18       3.90000e-18       0.00000e+00
 142.7000000       4.05000e-18       4.05000e-18       0.00000e+00
 142.8000000       4.20000e-18       4.20000e-18       0.00000e+00
 142.9000000       4.35000e-18       4.35000e-18       0.00000e+00
 143.0000000       4.50000e-18       4.50000e-18       0.00000e+00
 143.1000000       4.65000e-18       4.65000e-18       0.00000e+00
 143.2000000       4.80000e-18       4.80000e-18       0.00000e+00
 143.3000000       4.95000e-18       4.95000e-18       0.00000e+00
 143.4000000       5.10000e-18       5.10000e-18       0.00000e+00
 143.5000000       5.25000e-18       5.25000e-18       0.00000e+00
 143.6000000       5.40000e-18       5.40000e-18       0.00000e+00
 143.7000000       5.55000e-18       5.55000e-18       0.00000e+00
 143.8000000       5.70000e-18       5.70000e-18       0.00000e+00
 143.9000000       5.85000e-18       5.85000e-18       0.00000e+00
 144.0000000       5.98125e-18       5.98125e-18       0.00000e+00
 144.1000000       6.00000e-18       6.00000e-18       0.00000e+00
 144.2000000       6.00000e-18       6.00000e-18       0.00000e+00
 144.3000000       6.00000e-18       6.00000e-18       0.00000e+00
 144.4000000       6.00000e-18       6.00000e-18       0.00000e+00
 144.5000000       6.00000e-18       6.00000e-18       0.00000e+00
 144.6000000       6.00000e-18       6.00000e-18       0.00000e+00
 144.7000000       6.00000e-18       6.00000e-18       0.00000e+00
 144.8000000       6.00000e-18       6.00000e-18       0.00000e+00
 144.9000000       6.00000e-18       6.00000e-18       0.00000e+00
 145.0000000       6.00000e-18       6.00000e-18       0.00000e+00
 145.1000000       6.00000e-18       6.00000e-18       0.00000e+00
 145.2000000       6.00000e-18       6.00000e-18       0.00000e+00
 145.3000000       6.00000e-18       6.00000e-18       0.00000e+00
 145.4000000       6.00000e-18       6.00000e-18       0.00000e+00
 145.5000000       6.00000e-18       6.00000e-18       0.00000e+00
 145.6000000       6.00000e-18       6.00000e-18       0.00000e+00
 145.7000000       6.00000e-18       6.00000e-18       0.00000e+00
 145.8000000       6.00000e-18       6.00000e-18       0.00000e+00
 145.9000000       6.00000e-18       6.00000e-18       0.00000e+00
 146.0000000       5.98125e-18       5.98125e-18       0.00000e+00
 146.1000000       5.85000e-18       5.85000e-18       0.00000e+00
 146.2000000       5.70000e-18       5.70000e-18       0.00000e+00
 146.3000000       5.55000e-18       5.55000e-18       0.00000e+00
 146.4000000       5.40000e-18       5.40000e-18       0.00000e+00
 146.5000000       5.25000e-18       5.25000e-18       0.00000e+00
 146.6000000       5.10000e-18       5.10000e-18       0.00000e+00
 146.7000000       4.95000e-18       4.95000e-18       0.00000e+00
 146.8000000       4.80000e-18       4.80000e-18       0.00000e+00
 146.9000000       4.65000e-18       4.65000e-18       0.00000e+00
 147.0000000       4.50000e-18       4.50000e-18       0.00000e+00
 147.1000000       4.35000e-18       4.35000e-18       0.00000e+00
 147.2000000       4.20000e-18       4.20000e-18       0.00000e+00
 147.3000000       4.05000e-18       4.05000e-18       0.00000e+00
 147.4000000       3.90000e-18       3.90000e-18       0.00000e+00
 147.5000000       3.75000e-18       3.75000e-18       0.00000e+00
 147.6000000       3.60000e-18       3.60000e-18       0.00000e+00
 147.7000000       3.45000e-18       3.45000e-18       0.00000e+00
 147.8000000       3.30000e-18       3.30000e-18       0.00000e+00
 147.9000000       3.15000e-18       3.15000e-18       0.00000e+00
 148.0000000       3.00937e-18       3.00937e-18       0.00000e+00
 148.1000000       2.92500e-18       2.92500e-18       0.00000e+00
 148.2000000       2.85000e-18       2.85000e-18       0.00000e+00
 148.3000000       2.77500e-18       2.77500e-18       0.00000e+00
 148.4000000       2.70000e-18       2.70000e-18       0.00000e+00
 148.5000000       2.62500e-18       2.62500e-18       0.00000e+00
 148.6000000       2.55000e-18       2.55000e-18       0.00000e+00
 148.7000000       2.47500e-18       2.47500e-18       0.00000e+00
 148.8000000       2.40000e-18       2.40000e-18       0.00000e+00
 148.9000000       2.32500e-18       2.32500e-18       0.00000e+00
 149.0000000       2.25000e-18       2.25000e-18       0.00000e+00
 149.1000000       2.17500e-18       2.17500e-18       0.00000e+00
 149.2000000       2.10000e-18       2.10000e-18       0.00000e+00
 149.3000000       2.02500e-18       2.02500e-18       0.00000e+00
 149.4000000       1.95000e-18       1.95000e-18       0.00000e+00
 149.5000000       1.87500e-18       1.87500e-18       0.00000e+00
 149.6000000       1.80000e-18       1.80000e-18       0.00000e+00
 149.7000000       1.72500e-18       1.72500e-18       0.00000e+00
 149.8000000       1.65000e-18       1.65000e-18       0.00000e+00
 149.9000000       1.57500e-18       1.57500e-18       0.00000e+00
 150.0000000       1.50437e-18       1.50437e-18       0.00000e+00
 150.1000000       1.46000e-18       1.46000e-18       0.00000e+00
 150.2000000       1.42000e-18       1.42000e-18       0.00000e+00
 150.3000000       1.38000e-18       1.38000e-18       0.00000e+00
 150.4000000       1.34000e-18       1.34000e-18       0.00000e+00
 150.5000000       1.30000e-18       1.30000e-18       0.00000e+00
 150.6000000       1.26000e-18       1.26000e-18       0.00000e+00
 150.7000000       1.22000e-18       1.22000e-18       0.00000e+00
 150.8000000       1.18000e-18       1.18000e-18       0.00000e+00
 150.9000000       1.14000e-18       1.14000e-18       0.00000e+00
 151.0000000       1.10000e-18       1.10000e-18       0.00000e+00
 151.1000000       1.06000e-18       1.06000e-18       0.00000e+00
 151.2000000       1.02000e-18       1.02000e-18       0.00000e+00
 151.3000000       9.80000e-19       9.80000e-19       0.00000e+00
 151.4000000       9.40000e-19       9.40000e-19       0.00000e+00
 151.5000000       9.00000e-19       9.00000e-19       0.00000e+00
 151.6000000       8.60000e-19       8.60000e-19       0.00000e+00
 151.7000000       8.20000e-19       8.20000e-19       0.00000e+00
 151.8000000       7.80000e-19       7.80000e-19       0.00000e+00
 151.9000000       7.40000e-19       7.40000e-19       0.00000e+00
 152.0000000       7.03125e-19       7.03125e-19       0.00000e+00
 152.1000000       6.85000e-19       6.85000e-19       0.00000e+00
 152.2000000       6.70000e-19       6.70000e-19       0.00000e+00
 152.3000000       6.55000e-19       6.55000e-19       0.00000e+00
 152.4000000       6.40000e-19       6.40000e-19       0.00000e+00
 152.5000000       6.25000e-19       6.25000e-19       0.00000e+00
 152.6000000       6.10000e-19       6.10000e-19       0.00000e+00
 152.7000000       5.95000e-19       5.95000e-19       0.00000e+00
 152.8000000       5.80000e-19       5.80000e-19       0.00000e+00
 152.9000000       5.65000e-19       5.65000e-19       0.00000e+00
 153.0000000       5.50000e-19       5.50000e-19       0.00000e+00
 153.1000000       5.35000e-19       5.35000e-19       0.00000e+00
 153.2000000       5.20000e-19       5.20000e-19       0.00000e+00
 153.3000000       5.05000e-19       5.05000e-19       0.00000e+00
 153.4000000       4.90000e-19       4.90000e-19       0.00000e+00
 153.5000000       4.75000e-19       4.75000e-19       0.00000e+00
 153.6000000       4.60000e-19       4.60000e-19       0.00000e+00
 153.7000000       4.45000e-19       4.45000e-19       0.00000e+00
 153.8000000       4.30000e-19       4.30000e-19       0.00000e+00
 153.9000000       4.15000e-19       4.15000e-19       0.00000e+00
 154.0000000       4.00000e-19       4.00000e-19       0.00000e+00
 154.1000000       3.85000e-19       3.85000e-19       0.00000e+00
 154.2000000       3.70000e-19       3.70000e-19       0.00000e+00
 154.3000000       3.55000e-19       3.55000e-19       0.00000e+00
 154.4000000       3.40000e-19       3.40000e-19       0.00000e+00
 154.5000000       3.25000e-19       3.25000e-19       0.00000e+00
 154.6000000       3.10000e-19       3.10000e-19       0.00000e+00
 154.7000000       2.95000e-19       2.95000e-19       0.00000e+00
 154.8000000       2.80000e-19       2.80000e-19       0.00000e+00
 154.9000000       2.65000e-19       2.65000e-19       0.00000e+00
 155.0000000       2.50000e-19       2.50000e-19       0.00000e+00
 155.1000000       2.35000e-19       2.35000e-19       0.00000e+00
 155.2000000       2.20000e-19       2.20000e-19       0.00000e+00
 155.3000000       2.05000e-19       2.05000e-19       0.00000e+00
 155.4000000       1.90000e-19       1.90000e-19       0.00000e+00
 155.5000000       1.75000e-19       1.75000e-19       0.00000e+00
 155.6000000       1.60000e-19       1.60000e-19       0.00000e+00
 155.7000000       1.45000e-19       1.45000e-19       0.00000e+00
 155.8000000       1.30000e-19       1.30000e-19       0.00000e+00
 155.9000000       1.15000e-19       1.15000e-19       0.00000e+00
 156.0000000       1.01687e-19       1.01687e-19       0.00000e+00
 156.1000000       9.85000e-20       9.85000e-20       0.00000e+00
 156.2000000       9.70000e-20       9.70000e-20       0.00000e+00
 156.3000000       9.55000e-20       9.55000e-20       0.00000e+00
 156.4000000       9.40000e-20       9.40000e-20       0.00000e+00
 156.5000000       9.25000e-20       9.25000e-20       0.00000e+00
 156.6000000       9.10000e-20       9.10000e-20       0.00000e+00
 156.7000000       8.95000e-20       8.95000e-20       0.00000e+00
 156.8000000       8.80000e-20       8.80000e-20       0.00000e+00
 156.9000000       8.65000e-20       8.65000e-20       0.00000e+00
 157.0000000       8.50000e-20       8.50000e-20       0.00000e+00
 157.1000000       8.35000e-20       8.35000e-20       0.00000e+00
 157.2000000       8.20000e-20       8.20000e-20       0.00000e+00
 157.3000000       8.05000e-20       8.05000e-20       0.00000e+00
 157.4000000       7.90000e-20       7.90000e-20       0.00000e+00
 157.5000000       7.75000e-20       7.75000e-20       0.00000e+00
 157.6000000       7.60000e-20       7.60000e-20       0.00000e+00
 157.7000000       7.45000e-20       7.45000e-20       0.00000e+00
 157.8000000       7.30000e-20       7.30000e-20       0.00000e+00
 157.9000000       7.15000e-20       7.15000e-20       0.00000e+00
 158.0000000       7.00000e-20       7.00000e-20       0.00000e+00
 158.1000000       6.85000e-20       6.85000e-20       0.00000e+00
 158.2000000       6.70000e-20       6.70000e-20       0.00000e+00
 158.3000000       6.55000e-20       6.55000e-20       0.00000e+00
 158.4000000       6.40000e-20       6.40000e-20       0.00000e+00
 158.5000000       6.25000e-20       6.25000e-20       0.00000e+00
 158.6000000       6.10000e-20       6.10000e-20       0.00000e+00
 158.7000000       5.95000e-20       5.95000e-20       0.00000e+00
 158.8000000       5.80000e-20       5.80000e-20       0.00000e+00
 158.9000000       5.65000e-20       5.65000e-20       0.00000e+00
 159.0000000       5.50000e-20       5.50000e-20       0.00000e+00
 159.1000000       5.35000e-20       5.35000e-20       0.00000e+00
 159.2000000       5.20000e-20       5.20000e-20       0.00000e+00
 159.3000000       5.05000e-20       5.05000e-20       0.00000e+00
 159.4000000       4.90000e-20       4.90000e-20       0.00000e+00
 159.5000000       4.75000e-20       4.75000e-20       0.00000e+00
 159.6000000       4.60000e-20       4.60000e-20       0.00000e+00
 159.7000000       4.45000e-20       4.45000e-20       0.00000e+00
 159.8000000       4.30000e-20       4.30000e-20       0.00000e+00
 159.9000000       4.15000e-20       4.15000e-20       0.00000e+00
 160.0000000       4.02125e-20       4.02125e-20       0.00000e+00
 160.1000000       4.02000e-20       4.02000e-20       0.00000e+00
 160.2000000       4.04000e-20       4.04000e-20       0.00000e+00
 160.3000000       4.06000e-20       4.06000e-20       0.00000e+00
 160.4000000       4.08000e-20       4.08000e-20       0.00000e+00
 160.5000000       4.10000e-20       4.10000e-20       0.00000e+00
 160.6000000       4.12000e-20       4.12000e-20       0.00000e+00
 160.7000000       4.14000e-20       4.14000e-20       0.00000e+00
 160.8000000       4.16000e-20       4.16000e-20       0.00000e+00
 160.9000000       4.18000e-20       4.18000e-20       0.00000e+00
 161.0000000       4.20000e-20       4.20000e-20       0.00000e+00
 161.1000000       4.22000e-20       4.22000e-20       0.00000e+00
 161.2000000       4.24000e-20       4.24000e-20       0.00000e+00
 161.3000000       4.26000e-20       4.26000e-20       0.00000e+00
 161.4000000       4.28000e-20       4.28000e-20       0.00000e+00
 161.5000000       4.30000e-20       4.30000e-20       0.00000e+00
 161.6000000       4.32000e-20       4.32000e-20       0.00000e+00
 161.7000000       4.34000e-20       4.34000e-20       0.00000e+00
 161.8000000       4.36000e-20       4.36000e-20       0.00000e+00
 161.9000000       4.38000e-20       4.38000e-20       0.00000e+00
 162.0000000       4.40000e-20       4.40000e-20       0.00000e+00
 162.1000000       4.42000e-20       4.42000e-20       0.00000e+00
 162.2000000       4.44000e-20       4.44000e-20       0.00000e+00
 162.3000000       4.46000e-20       4.46000e-20       0.00000e+00
 162.4000000       4.48000e-20       4.48000e-20       0.00000e+00
 162.5000000       4.50000e-20       4.50000e-20       0.00000e+00
 162.6000000       4.52000e-20       4.52000e-20       0.00000e+00
 162.7000000       4.54000e-20       4.54000e-20       0.00000e+00
 162.8000000       4.56000e-20       4.56000e-20       0.00000e+00
 162.9000000       4.58000e-20       4.58000e-20       0.00000e+00
 163.0000000       4.60000e-20       4.60000e-20       0.00000e+00
 163.1000000       4.62000e-20       4.62000e-20       0.00000e+00
 163.2000000       4.64000e-20       4.64000e-20       0.00000e+00
 163.3000000       4.66000e-20       4.66000e-20       0.00000e+00
 163.4000000       4.68000e-20       4.68000e-20       0.00000e+00
 163.5000000       4.70000e-20       4.70000e-20       0.00000e+00
 163.6000000       4.72000e-20       4.72000e-20       0.00000e+00
 163.7000000       4.74000e-20       4.74000e-20       0.00000e+00
 163.8000000       4.76000e-20       4.76000e-20       0.00000e+00
 163.9000000       4.78000e-20       4.78000e-20       0.00000e+00
 164.0000000       4.80000e-20       4.80000e-20       0.00000e+00
 164.1000000       4.82000e-20       4.82000e-20       0.00000e+00
 164.2000000       4.84000e-20       4.84000e-20       0.00000e+00
 164.3000000       4.86000e-20       4.86000e-20       0.00000e+00
 164.4000000       4.88000e-20       4.88000e-20       0.00000e+00
 164.5000000       4.90000e-20       4.90000e-20       0.00000e+00
 164.6000000       4.92000e-20       4.92000e-20       0.00000e+00
 164.7000000       4.94000e-20       4.94000e-20       0.00000e+00
 164.8000000       4.96000e-20       4.96000e-20       0.00000e+00
 164.9000000       4.98000e-20       4.98000e-20       0.00000e+00
 165.0000000       5.00000e-20       5.00000e-20       0.00000e+00
 165.1000000       5.02000e-20       5.02000e-20       0.00000e+00
 165.2000000       5.04000e-20       5.04000e-20       0.00000e+00
 165.3000000       5.06000e-20       5.06000e-20       0.00000e+00
 165.4000000       5.08000e-20       5.08000e-20       0.00000e+00
 165.5000000       5.10000e-20       5.10000e-20       0.00000e+00
 165.6000000       5.12000e-20       5.12000e-20       0.00000e+00
 165.7000000       5.14000e-20       5.14000e-20       0.00000e+00
 165.8000000       5.16000e-20       5.16000e-20       0.00000e+00
 165.9000000       5.18000e-20       5.18000e-20       0.00000e+00
 166.0000000       5.20000e-20       5.20000e-20       0.00000e+00
 166.1000000       5.22000e-20       5.22000e-20       0.00000e+00
 166.2000000       5.24000e-20       5.24000e-20       0.00000e+00
 166.3000000       5.26000e-20       5.26000e-20       0.00000e+00
 166.4000000       5.28000e-20       5.28000e-20       0.00000e+00
 166.5000000       5.30000e-20       5.30000e-20       0.00000e+00
 166.6000000       5.32000e-20       5.32000e-20       0.00000e+00
 166.7000000       5.34000e-20       5.34000e-20       0.00000e+00
 166.8000000       5.36000e-20       5.36000e-20       0.00000e+00
 166.9000000       5.38000e-20       5.38000e-20       0.00000e+00
 167.0000000       5.40000e-20       5.40000e-20       0.00000e+00
 167.1000000       5.42000e-20       5.42000e-20       0.00000e+00
 167.2000000       5.44000e-20       5.44000e-20       0.00000e+00
 167.3000000       5.46000e-20       5.46000e-20       0.00000e+00
 167.4000000       5.48000e-20       5.48000e-20       0.00000e+00
 167.5000000       5.50000e-20       5.50000e-20       0.00000e+00
 167.6000000       5.52000e-20       5.52000e-20       0.00000e+00
 167.7000000       5.54000e-20       5.54000e-20       0.00000e+00
 167.8000000       5.56000e-20       5.56000e-20       0.00000e+00
 167.9000000       5.58000e-20       5.58000e-20       0.00000e+00
 168.0000000       5.60000e-20       5.60000e-20       0.00000e+00
 168.1000000       5.62000e-20       5.62000e-20       0.00000e+00
 168.2000000       5.64000e-20       5.64000e-20       0.00000e+00
 168.3000000       5.66000e-20       5.66000e-20       0.00000e+00
 168.4000000       5.68000e-20       5.68000e-20       0.00000e+00
 168.5000000       5.70000e-20       5.70000e-20       0.00000e+00
 168.6000000       5.72000e-20       5.72000e-20       0.00000e+00
 168.7000000       5.74000e-20       5.74000e-20       0.00000e+00
 168.8000000       5.76000e-20       5.76000e-20       0.00000e+00
 168.9000000       5.78000e-20       5.78000e-20       0.00000e+00
 169.0000000       5.80000e-20       5.80000e-20       0.00000e+00
 169.1000000       5.82000e-20       5.82000e-20       0.00000e+00
 169.2000000       5.84000e-20       5.84000e-20       0.00000e+00
 169.3000000       5.86000e-20       5.86000e-20       0.00000e+00
 169.4000000       5.88000e-20       5.88000e-20       0.00000e+00
 169.5000000       5.90000e-20       5.90000e-20       0.00000e+00
 169.6000000       5.92000e-20       5.92000e-20       0.00000e+00
 169.7000000       5.94000e-20       5.94000e-20       0.00000e+00
 169.8000000       5.96000e-20       5.96000e-20       0.00000e+00
 169.9000000       5.98000e-20       5.98000e-20       0.00000e+00
 170.0000000       6.00250e-20       6.00250e-20       0.00000e+00
 170.1000000       6.04000e-20       6.04000e-20       0.00000e+00
 170.2000000       6.08000e-20       6.08000e-20       0.00000e+00
 170.3000000       6.12000e-20       6.12000e-20       0.00000e+00
 170.4000000       6.16000e-20       6.16000e-20       0.00000e+00
 170.5000000       6.20000e-20       6.20000e-20       0.00000e+00
 170.6000000       6.24000e-20       6.24000e-20       0.00000e+00
 170.7000000       6.28000e-20       6.28000e-20       0.00000e+00
 170.8000000       6.32000e-20       6.32000e-20       0.00000e+00
 170.9000000       6.36000e-20       6.36000e-20       0.00000e+00
 171.0000000       6.40000e-20       6.40000e-20       0.00000e+00
 171.1000000       6.44000e-20       6.44000e-20       0.00000e+00
 171.2000000       6.48000e-20       6.48000e-20       0.00000e+00
 171.3000000       6.52000e-20       6.52000e-20       0.00000e+00
 171.4000000       6.56000e-20       6.56000e-20       0.00000e+00
 171.5000000       6.60000e-20       6.60000e-20       0.00000e+00
 171.6000000       6.64000e-20       6.64000e-20       0.00000e+00
 171.7000000       6.68000e-20       6.68000e-20       0.00000e+00
 171.8000000       6.72000e-20       6.72000e-20       0.00000e+00
 171.9000000       6.76000e-20       6.76000e-20       0.00000e+00
 172.0000000       6.80000e-20       6.80000e-20       0.00000e+00
 172.1000000       6.84000e-20       6.84000e-20       0.00000e+00
 172.2000000       6.88000e-20       6.88000e-20       0.00000e+00
 172.3000000       6.92000e-20       6.92000e-20       0.00000e+00
 172.4000000       6.96000e-20       6.96000e-20       0.00000e+00
 172.5000000       7.00000e-20       7.00000e-20       0.00000e+00
 172.6000000       7.04000e-20       7.04000e-20       0.00000e+00
 172.7000000       7.08000e-20       7.08000e-20       0.00000e+00
 172.8000000       7.12000e-20       7.12000e-20       0.00000e+00
 172.9000000       7.16000e-20       7.16000e-20       0.00000e+00
 173.0000000       7.20000e-20       7.20000e-20       0.00000e+00
 173.1000000       7.24000e-20       7.24000e-20       0.00000e+00
 173.2000000       7.28000e-20       7.28000e-20       0.00000e+00
 173.3000000       7.32000e-20       7.32000e-20       0.00000e+00
 173.4000000       7.36000e-20       7.36000e-20       0.00000e+00
 173.5000000       7.40000e-20       7.40000e-20       0.00000e+00
 173.6000000       7.44000e-20       7.44000e-20       0.00000e+00
 173.7000000       7.48000e-20       7.48000e-20       0.00000e+00
 173.8000000       7.52000e-20       7.52000e-20       0.00000e+00
 173.9000000       7.56000e-20       7.56000e-20       0.00000e+00
 174.0000000       7.60000e-20       7.60000e-20       0.00000e+00
 174.1000000       7.64000e-20       7.64000e-20       0.00000e+00
 174.2000000       7.68000e-20       7.68000e-20       0.00000e+00
 174.3000000       7.72000e-20       7.72000e-20       0.00000e+00
 174.4000000       7.76000e-20       7.76000e-20       0.00000e+00
 174.5000000       7.80000e-20       7.80000e-20       0.00000e+00
 174.6000000       7.84000e-20       7.84000e-20       0.00000e+00
 174.7000000       7.88000e-20       7.88000e-20       0.00000e+00
 174.8000000       7.92000e-20       7.92000e-20       0.00000e+00
 174.9000000       7.96000e-20       7.96000e-20       0.00000e+00
 175.0000000       8.00000e-20       8.00000e-20       0.00000e+00
 175.1000000       8.04000e-20       8.04000e-20       0.00000e+00
 175.2000000       8.08000e-20       8.08000e-20       0.00000e+00
 175.3000000       8.12000e-20       8.12000e-20       0.00000e+00
 175.4000000       8.16000e-20       8.16000e-20       0.00000e+00
 175.5000000       8.20000e-20       8.20000e-20       0.00000e+00
 175.6000000       8.24000e-20       8.24000e-20       0.00000e+00
 175.7000000       8.28000e-20       8.28000e-20       0.00000e+00
 175.8000000       8.32000e-20       8.32000e-20       0.00000e+00
 175.9000000       8.36000e-20       8.36000e-20       0.00000e+00
 176.0000000       8.40000e-20       8.40000e-20       0.00000e+00
 176.1000000       8.44000e-20       8.44000e-20       0.00000e+00
 176.2000000       8.48000e-20       8.48000e-20       0.00000e+00
 176.3000000       8.52000e-20       8.52000e-20       0.00000e+00
 176.4000000       8.56000e-20       8.56000e-20       0.00000e+00
 176.5000000       8.60000e-20       8.60000e-20       0.00000e+00
 176.6000000       8.64000e-20       8.64000e-20       0.00000e+00
 176.7000000       8.68000e-20       8.68000e-20       0.00000e+00
 176.8000000       8.72000e-20       8.72000e-20       0.00000e+00
 176.9000000       8.76000e-20       8.76000e-20       0.00000e+00
 177.0000000       8.80000e-20       8.80000e-20       0.00000e+00
 177.1000000       8.84000e-20       8.84000e-20       0.00000e+00
 177.2000000       8.88000e-20       8.88000e-20       0.00000e+00
 177.3000000       8.92000e-20       8.92000e-20       0.00000e+00
 177.4000000       8.96000e-20       8.96000e-20       0.00000e+00
 177.5000000       9.00000e-20       9.00000e-20       0.00000e+00
 177.6000000       9.04000e-20       9.04000e-20       0.00000e+00
 177.7000000       9.08000e-20       9.08000e-20       0.00000e+00
 177.8000000       9.12000e-20       9.12000e-20       0.00000e+00
 177.9000000       9.16000e-20       9.16000e-20       0.00000e+00
 178.0000000       9.20000e-20       9.20000e-20       0.00000e+00
 178.1000000       9.24000e-20       9.24000e-20       0.00000e+00
 178.2000000       9.28000e-20       9.28000e-20       0.00000e+00
 178.3000000       9.32000e-20       9.32000e-20       0.00000e+00
 178.4000000       9.36000e-20       9.36000e-20       0.00000e+00
 178.5000000       9.40000e-20       9.40000e-20       0.00000e+00
 178.6000000       9.44000e-20       9.44000e-20       0.00000e+00
 178.7000000       9.48000e-20       9.48000e-20       0.00000e+00
 178.8000000       9.52000e-20       9.52000e-20       0.00000e+00
 178.9000000       9.56000e-20       9.56000e-20       0.00000e+00
 179.0000000       9.60000e-20       9.60000e-20       0.00000e+00
 179.1000000       9.64000e-20       9.64000e-20       0.00000e+00
 179.2000000       9.68000e-20       9.68000e-20       0.00000e+00
 179.3000000       9.72000e-20       9.72000e-20       0.00000e+00
 179.4000000       9.76000e-20       9.76000e-20       0.00000e+00
 179.5000000       9.80000e-20       9.80000e-20       0.00000e+00
 179.6000000       9.84000e-20       9.84000e-20       0.00000e+00
 179.7000000       9.88000e-20       9.88000e-20       0.00000e+00
 179.8000000       9.92000e-20       9.92000e-20       0.00000e+00
 179.9000000       9.96000e-20       9.96000e-20       0.00000e+00
 180.0000000       9.99500e-20       9.99500e-20       0.00000e+00
 180.1000000       1.00000e-19       1.00000e-19       0.00000e+00
 180.2000000       1.00000e-19       1.00000e-19       0.00000e+00
 180.3000000       1.00000e-19       1.00000e-19       0.00000e+00
 180.4000000       1.00000e-19       1.00000e-19       0.00000e+00
 180.5000000       1.00000e-19       1.00000e-19       0.00000e+00
 180.6000000       1.00000e-19       1.00000e-19       0.00000e+00
 180.7000000       1.00000e-19       1.00000e-19       0.00000e+00
 180.8000000       1.00000e-19       1.00000e-19       0.00000e+00
 180.9000000       1.00000e-19       1.00000e-19       0.00000e+00
 181.0000000       1.00000e-19       1.00000e-19       0.00000e+00
 181.1000000       1.00000e-19       1.00000e-19       0.00000e+00
 181.2000000       1.00000e-19       1.00000e-19       0.00000e+00
 181.3000000       1.00000e-19       1.00000e-19       0.00000e+00
 181.4000000       1.00000e-19       1.00000e-19       0.00000e+00
 181.5000000       1.00000e-19       1.00000e-19       0.00000e+00
 181.6000000       1.00000e-19       1.00000e-19       0.00000e+00
 181.7000000       1.00000e-19       1.00000e-19       0.00000e+00
 181.8000000       1.00000e-19       1.00000e-19       0.00000e+00
 181.9000000       1.00000e-19       1.00000e-19       0.00000e+00
 182.0000000       1.00000e-19       1.00000e-19       0.00000e+00
 182.1000000       1.00000e-19       1.00000e-19       0.00000e+00
 182.2000000       1.00000e-19       1.00000e-19       0.00000e+00
 182.3000000       1.00000e-19       1.00000e-19       0.00000e+00
 182.4000000       1.00000e-19       1.00000e-19       0.00000e+00
 182.5000000       1.00000e-19       1.00000e-19       0.00000e+00
 182.6000000       1.00000e-19       1.00000e-19       0.00000e+00
 182.7000000       1.00000e-19       1.00000e-19       0.00000e+00
 182.8000000       1.00000e-19       1.00000e-19       0.00000e+00
 182.9000000       1.00000e-19       1.00000e-19       0.00000e+00
 183.0000000       1.00000e-19       1.00000e-19       0.00000e+00
 183.1000000       1.00000e-19       1.00000e-19       0.00000e+00
 183.2000000       1.00000e-19       1.00000e-19       0.00000e+00
 183.3000000       1.00000e-19       1.00000e-19       0.00000e+00
 183.4000000       1.00000e-19       1.00000e-19       0.00000e+00
 183.5000000       1.00000e-19       1.00000e-19       0.00000e+00
 183.6000000       1.00000e-19       1.00000e-19       0.00000e+00
 183.7000000       1.00000e-19       1.00000e-19       0.00000e+00
 183.8000000       1.00000e-19       1.00000e-19       0.00000e+00
 183.9000000       1.00000e-19       1.00000e-19       0.00000e+00
 184.0000000       1.00000e-19       1.00000e-19       0.00000e+00
 184.1000000       1.00000e-19       1.00000e-19       0.00000e+00
 184.2000000       1.00000e-19       1.00000e-19       0.00000e+00
 184.3000000       1.00000e-19       1.00000e-19       0.00000e+00
 184.4000000       1.00000e-19       1.00000e-19       0.00000e+00
 184.5000000       1.00000e-19       1.00000e-19       0.00000e+00
 184.6000000       1.00000e-19       1.00000e-19       0.00000e+00
 184.7000000       1.00000e-19       1.00000e-19       0.00000e+00
 184.8000000       1.00000e-19       1.00000e-19       0.00000e+00
 184.9000000       1.00000e-19       1.00000e-19       0.00000e+00
 185.0000000       1.00000e-19       1.00000e-19       0.00000e+00
 185.1000000       1.00000e-19       1.00000e-19       0.00000e+00
 185.2000000       1.00000e-19       1.00000e-19       0.00000e+00
 185.3000000       1.00000e-19       1.00000e-19       0.00000e+00
 185.4000000       1.00000e-19       1.00000e-19       0.00000e+00
 185.5000000       1.00000e-19       1.00000e-19       0.00000e+00
 185.6000000       1.00000e-19       1.00000e-19       0.00000e+00
 185.7000000       1.00000e-19       1.00000e-19       0.00000e+00
 185.8000000       1.00000e-19       1.00000e-19       0.00000e+00
 185.9000000       1.00000e-19       1.00000e-19       0.00000e+00
 186.0000000       1.00000e-19       1.00000e-19       0.00000e+00
 186.1000000       1.00000e-19       1.00000e-19       0.00000e+00
 186.2000000       1.00000e-19       1.00000e-19       0.00000e+00
 186.3000000       1.00000e-19       1.00000e-19       0.00000e+00
 186.4000000       1.00000e-19       1.00000e-19       0.00000e+00
 186.5000000       1.00000e-19       1.00000e-19       0.00000e+00
 186.6000000       1.00000e-19       1.00000e-19       0.00000e+00
 186.7000000       1.00000e-19       1.00000e-19       0.00000e+00
 186.8000000       1.00000e-19       1.00000e-19       0.00000e+00
 186.9000000       1.00000e-19       1.00000e-19       0.00000e+00
 187.0000000       1.00000e-19       1.00000e-19       0.00000e+00
 187.1000000       1.00000e-19       1.00000e-19       0.00000e+00
 187.2000000       1.00000e-19       1.00000e-19       0.00000e+00
 187.3000000       1.00000e-19       1.00000e-19       0.00000e+00
 187.4000000       1.00000e-19       1.00000e-19       0.00000e+00
 187.5000000       1.00000e-19       1.00000e-19       0.00000e+00
 187.6000000       1.00000e-19       1.00000e-19       0.00000e+00
 187.7000000       1.00000e-19       1.00000e-19       0.00000e+00
 187.8000000       1.00000e-19       1.00000e-19       0.00000e+00
 187.9000000       1.00000e-19       1.00000e-19       0.00000e+00
 188.0000000       1.00000e-19       1.00000e-19       0.00000e+00
 188.1000000       1.00000e-19       1.00000e-19       0.00000e+00
 188.2000000       1.00000e-19       1.00000e-19       0.00000e+00
 188.3000000       1.00000e-19       1.00000e-19       0.00000e+00
 188.4000000       1.00000e-19       1.00000e-19       0.00000e+00
 188.5000000       1.00000e-19       1.00000e-19       0.00000e+00
 188.6000000       1.00000e-19       1.00000e-19       0.00000e+00
 188.7000000       1.00000e-19       1.00000e-19       0.00000e+00
 188.8000000       1.00000e-19       1.00000e-19       0.00000e+00
 188.9000000       1.00000e-19       1.00000e-19       0.00000e+00
 189.0000000       1.00000e-19       1.00000e-19       0.00000e+00
 189.1000000       1.00000e-19       1.00000e-19       0.00000e+00
 189.2000000       1.00000e-19       1.00000e-19       0.00000e+00
 189.3000000       1.00000e-19       1.00000e-19       0.00000e+00
 189.4000000       1.00000e-19       1.00000e-19       0.00000e+00
 189.5000000       1.00000e-19       1.00000e-19       0.00000e+00
 189.6000000       1.00000e-19       1.00000e-19       0.00000e+00
 189.7000000       1.00000e-19       1.00000e-19       0.00000e+00
 189.8000000       1.00000e-19       1.00000e-19       0.00000e+00
 189.9000000       1.00000e-19       1.00000e-19       0.00000e+00
 190.0000000       9.99125e-20       9.99125e-20       0.00000e+00
 190.1000000       9.93000e-20       9.93000e-20       0.00000e+00
 190.2000000       9.86000e-20       9.86000e-20       0.00000e+00
 190.3000000       9.79000e-20       9.79000e-20       0.00000e+00
 190.4000000       9.72000e-20       9.72000e-20       0.00000e+00
 190.5000000       9.65000e-20       9.65000e-20       0.00000e+00
 190.6000000       9.58000e-20       9.58000e-20       0.00000e+00
 190.7000000       9.51000e-20       9.51000e-20       0.00000e+00
 190.8000000       9.44000e-20       9.44000e-20       0.00000e+00
 190.9000000       9.37000e-20       9.37000e-20       0.00000e+00
 191.0000000       9.30000e-20       9.30000e-20       0.00000e+00
 191.1000000       9.23000e-20       9.23000e-20       0.00000e+00
 191.2000000       9.16000e-20       9.16000e-20       0.00000e+00
 191.3000000       9.09000e-20       9.09000e-20       0.00000e+00
 191.4000000       9.02000e-20       9.02000e-20       0.00000e+00
 191.5000000       8.95000e-20       8.95000e-20       0.00000e+00
 191.6000000       8.88000e-20       8.88000e-20       0.00000e+00
 191.7000000       8.81000e-20       8.81000e-20       0.00000e+00
 191.8000000       8.74000e-20       8.74000e-20       0.00000e+00
 191.9000000       8.67000e-20       8.67000e-20       0.00000e+00
 192.0000000       8.60000e-20       8.60000e-20       0.00000e+00
 192.1000000       8.53000e-20       8.53000e-20       0.00000e+00
 192.2000000       8.46000e-20       8.46000e-20       0.00000e+00
 192.3000000       8.39000e-20       8.39000e-20       0.00000e+00
 192.4000000       8.32000e-20       8.32000e-20       0.00000e+00
 192.5000000       8.25000e-20       8.25000e-20       0.00000e+00
 192.6000000       8.18000e-20       8.18000e-20       0.00000e+00
 192.7000000       8.11000e-20       8.11000e-20       0.00000e+00
 192.8000000       8.04000e-20       8.04000e-20       0.00000e+00
 192.9000000       7.97000e-20       7.97000e-20       0.00000e+00
 193.0000000       7.90000e-20       7.90000e-20       0.00000e+00
 193.1000000       7.83000e-20       7.83000e-20       0.00000e+00
 193.2000000       7.76000e-20       7.76000e-20       0.00000e+00
 193.3000000       7.69000e-20       7.69000e-20       0.00000e+00
 193.4000000       7.62000e-20       7.62000e-20       0.00000e+00
 193.5000000       7.55000e-20       7.55000e-20       0.00000e+00
 193.6000000       7.48000e-20       7.48000e-20       0.00000e+00
 193.7000000       7.41000e-20       7.41000e-20       0.00000e+00
 193.8000000       7.34000e-20       7.34000e-20       0.00000e+00
 193.9000000       7.27000e-20       7.27000e-20       0.00000e+00
 194.0000000       7.20000e-20       7.20000e-20       0.00000e+00
 194.1000000       7.13000e-20       7.13000e-20       0.00000e+00
 194.2000000       7.06000e-20       7.06000e-20       0.00000e+00
 194.3000000       6.99000e-20       6.99000e-20       0.00000e+00
 194.4000000       6.92000e-20       6.92000e-20       0.00000e+00
 194.5000000       6.85000e-20       6.85000e-20       0.00000e+00
 194.6000000       6.78000e-20       6.78000e-20       0.00000e+00
 194.7000000       6.71000e-20       6.71000e-20       0.00000e+00
 194.8000000       6.64000e-20       6.64000e-20       0.00000e+00
 194.9000000       6.57000e-20       6.57000e-20       0.00000e+00
 195.0000000       6.50000e-20       6.50000e-20       0.00000e+00
 195.1000000       6.43000e-20       6.43000e-20       0.00000e+00
 195.2000000       6.36000e-20       6.36000e-20       0.00000e+00
 195.3000000       6.29000e-20       6.29000e-20       0.00000e+00
 195.4000000       6.22000e-20       6.22000e-20       0.00000e+00
 195.5000000       6.15000e-20       6.15000e-20       0.00000e+00
 195.6000000       6.08000e-20       6.08000e-20       0.00000e+00
 195.7000000       6.01000e-20       6.01000e-20       0.00000e+00
 195.8000000       5.94000e-20       5.94000e-20       0.00000e+00
 195.9000000       5.87000e-20       5.87000e-20       0.00000e+00
 196.0000000       5.80000e-20       5.80000e-20       0.00000e+00
 196.1000000       5.73000e-20       5.73000e-20       0.00000e+00
 196.2000000       5.66000e-20       5.66000e-20       0.00000e+00
 196.3000000       5.59000e-20       5.59000e-20       0.00000e+00
 196.4000000       5.52000e-20       5.52000e-20       0.00000e+00
 196.5000000       5.45000e-20       5.45000e-20       0.00000e+00
 196.6000000       5.38000e-20       5.38000e-20       0.00000e+00
 196.7000000       5.31000e-20       5.31000e-20       0.00000e+00
 196.8000000       5.24000e-20       5.24000e-20       0.00000e+00
 196.9000000       5.17000e-20       5.17000e-20       0.00000e+00
 197.0000000       5.10000e-20       5.10000e-20       0.00000e+00
 197.1000000       5.03000e-20       5.03000e-20       0.00000e+00
 197.2000000       4.96000e-20       4.96000e-20       0.00000e+00
 197.3000000       4.89000e-20       4.89000e-20       0.00000e+00
 197.4000000       4.82000e-20       4.82000e-20       0.00000e+00
 197.5000000       4.75000e-20       4.75000e-20       0.00000e+00
 197.6000000       4.68000e-20       4.68000e-20       0.00000e+00
 197.7000000       4.61000e-20       4.61000e-20       0.00000e+00
 197.8000000       4.54000e-20       4.54000e-20       0.00000e+00
 197.9000000       4.47000e-20       4.47000e-20       0.00000e+00
 198.0000000       4.40000e-20       4.40000e-20       0.00000e+00
 198.1000000       4.33000e-20       4.33000e-20       0.00000e+00
 198.2000000       4.26000e-20       4.26000e-20       0.00000e+00
 198.3000000       4.19000e-20       4.19000e-20       0.00000e+00
 198.4000000       4.12000e-20       4.12000e-20       0.00000e+00
 198.5000000       4.05000e-20       4.05000e-20       0.00000e+00
 198.6000000       3.98000e-20       3.98000e-20       0.00000e+00
 198.7000000       3.91000e-20       3.91000e-20       0.00000e+00
 198.8000000       3.84000e-20       3.84000e-20       0.00000e+00
 198.9000000       3.77000e-20       3.77000e-20       0.00000e+00
 199.0000000       3.70000e-20       3.70000e-20       0.00000e+00
 199.1000000       3.63000e-20       3.63000e-20       0.00000e+00
 199.2000000       3.56000e-20       3.56000e-20       0.00000e+00
 199.3000000       3.49000e-20       3.49000e-20       0.00000e+00
 199.4000000       3.42000e-20       3.42000e-20       0.00000e+00
 199.5000000       3.35000e-20       3.35000e-20       0.00000e+00
 199.6000000       3.28000e-20       3.28000e-20       0.00000e+00
 199.7000000       3.21000e-20       3.21000e-20       0.00000e+00
 199.8000000       3.14000e-20       3.14000e-20       0.00000e+00
 199.9000000       3.07000e-20       3.07000e-20       0.00000e+00
 200.0000000       3.00500e-20       3.00500e-20       0.00000e+00
 200.1000000       2.97000e-20       2.97000e-20       0.00000e+00
 200.2000000       2.94000e-20       2.94000e-20       0.00000e+00
 200.3000000       2.91000e-20       2.91000e-20       0.00000e+00
 200.4000000       2.88000e-20       2.88000e-20       0.00000e+00
 200.5000000       2.85000e-20       2.85000e-20       0.00000e+00
 200.6000000       2.82000e-20       2.82000e-20       0.00000e+00
 200.7000000       2.79000e-20       2.79000e-20       0.00000e+00
 200.8000000       2.76000e-20       2.76000e-20       0.00000e+00
 200.9000000       2.73000e-20       2.73000e-20       0.00000e+00
 201.0000000       2.70000e-20       2.70000e-20       0.00000e+00
 201.1000000       2.67000e-20       2.67000e-20       0.00000e+00
 201.2000000       2.64000e-20       2.64000e-20       0.00000e+00
 201.3000000       2.61000e-20       2.61000e-20       0.00000e+00
 201.4000000       2.58000e-20       2.58000e-20       0.00000e+00
 201.5000000       2.55000e-20       2.55000e-20       0.00000e+00
 201.6000000       2.52000e-20       2.52000e-20       0.00000e+00
 201.7000000       2.49000e-20       2.49000e-20       0.00000e+00
 201.8000000       2.46000e-20       2.46000e-20       0.00000e+00
 201.9000000       2.43000e-20       2.43000e-20       0.00000e+00
 202.0000000       2.40000e-20       2.40000e-20       0.00000e+00
 202.1000000       2.37000e-20       2.37000e-20       0.00000e+00
 202.2000000       2.34000e-20       2.34000e-20       0.00000e+00
 202.3000000       2.31000e-20       2.31000e-20       0.00000e+00
 202.4000000       2.28000e-20       2.28000e-20       0.00000e+00
 202.5000000       2.25000e-20       2.25000e-20       0.00000e+00
 202.6000000       2.22000e-20       2.22000e-20       0.00000e+00
 202.7000000       2.19000e-20       2.19000e-20       0.00000e+00
 202.8000000       2.16000e-20       2.16000e-20       0.00000e+00
 202.9000000       2.13000e-20       2.13000e-20       0.00000e+00
 203.0000000       2.10000e-20       2.10000e-20       0.00000e+00
 203.1000000       2.07000e-20       2.07000e-20       0.00000e+00
 203.2000000       2.04000e-20       2.04000e-20       0.00000e+00
 203.3000000       2.01000e-20       2.01000e-20       0.00000e+00
 203.4000000       1.98000e-20       1.98000e-20       0.00000e+00
 203.5000000       1.95000e-20       1.95000e-20       0.00000e+00
 203.6000000       1.92000e-20       1.92000e-20       0.00000e+00
 203.7000000       1.89000e-20       1.89000e-20       0.00000e+00
 203.8000000       1.86000e-20       1.86000e-20       0.00000e+00
 203.9000000       1.83000e-20       1.83000e-20       0.00000e+00
 204.0000000       1.80000e-20       1.80000e-20       0.00000e+00
 204.1000000       1.77000e-20       1.77000e-20       0.00000e+00
 204.2000000       1.74000e-20       1.74000e-20       0.00000e+00
 204.3000000       1.71000e-20       1.71000e-20       0.00000e+00
 204.4000000       1.68000e-20       1.68000e-20       0.00000e+00
 204.5000000       1.65000e-20       1.65000e-20       0.00000e+00
 204.6000000       1.62000e-20       1.62000e-20       0.00000e+00
 204.7000000       1.59000e-20       1.59000e-20       0.00000e+00
 204.8000000       1.56000e-20       1.56000e-20       0.00000e+00
 204.9000000       1.53000e-20       1.53000e-20       0.00000e+00
 205.0000000       1.50000e-20       1.50000e-20       0.00000e+00
 205.1000000       1.47000e-20       1.47000e-20       0.00000e+00
 205.2000000       1.44000e-20       1.44000e-20       0.00000e+00
 205.3000000       1.41000e-20       1.41000e-20       0.00000e+00
 205.4000000       1.38000e-20       1.38000e-20       0.00000e+00
 205.5000000       1.35000e-20       1.35000e-20       0.00000e+00
 205.6000000       1.32000e-20       1.32000e-20       0.00000e+00
 205.7000000       1.29000e-20       1.29000e-20       0.00000e+00
 205.8000000       1.26000e-20       1.26000e-20       0.00000e+00
 205.9000000       1.23000e-20       1.23000e-20       0.00000e+00
 206.0000000       1.20000e-20       1.20000e-20       0.00000e+00
 206.1000000       1.17000e-20       1.17000e-20       0.00000e+00
 206.2000000       1.14000e-20       1.14000e-20       0.00000e+00
 206.3000000       1.11000e-20       1.11000e-20       0.00000e+00
 206.4000000       1.08000e-20       1.08000e-20       0.00000e+00
 206.5000000       1.05000e-20       1.05000e-20       0.00000e+00
 206.6000000       1.02000e-20       1.02000e-20       0.00000e+00
 206.7000000       9.90000e-21       9.90000e-21       0.00000e+00
 206.8000000       9.60000e-21       9.60000e-21       0.00000e+00
 206.9000000       9.30000e-21       9.30000e-21       0.00000e+00
 207.0000000       9.00000e-21       9.00000e-21       0.00000e+00
 207.1000000       8.70000e-21       8.70000e-21       0.00000e+00
 207.2000000       8.40000e-21       8.40000e-21       0.00000e+00
 207.3000000       8.10000e-21       8.10000e-21       0.00000e+00
 207.4000000       7.80000e-21       7.80000e-21       0.00000e+00
 207.5000000       7.50000e-21       7.50000e-21       0.00000e+00
 207.6000000       7.20000e-21       7.20000e-21       0.00000e+00
 207.7000000       6.90000e-21       6.90000e-21       0.00000e+00
 207.8000000       6.60000e-21       6.60000e-21       0.00000e+00
 207.9000000       6.30000e-21       6.30000e-21       0.00000e+00
 208.0000000       6.00000e-21       6.00000e-21       0.00000e+00
 208.1000000       5.70000e-21       5.70000e-21       0.00000e+00
 208.2000000       5.40000e-21       5.40000e-21       0.00000e+00
 208.3000000       5.10000e-21       5.10000e-21       0.00000e+00
 208.4000000       4.80000e-21       4.80000e-21       0.00000e+00
 208.5000000       4.50000e-21       4.50000e-21       0.00000e+00
 208.6000000       4.20000e-21       4.20000e-21       0.00000e+00
 208.7000000       3.90000e-21       3.90000e-21       0.00000e+00
 208.8000000       3.60000e-21       3.60000e-21       0.00000e+00
 208.9000000       3.30000e-21       3.30000e-21       0.00000e+00
 209.0000000       3.00000e-21       3.00000e-21       0.00000e+00
 209.1000000       2.70000e-21       2.70000e-21       0.00000e+00
 209.2000000       2.40000e-21       2.40000e-21       0.00000e+00
 209.3000000       2.10000e-21       2.10000e-21       0.00000e+00
 209.4000000       1.80000e-21       1.80000e-21       0.00000e+00
 209.5000000       1.50000e-21       1.50000e-21       0.00000e+00
 209.6000000       1.20000e-21       1.20000e-21       0.00000e+00
 209.7000000       9.00000e-22       9.00000e-22       0.00000e+00
 209.8000000       6.00000e-22       6.00000e-22       0.00000e+00
 209.9000000       3.75000e-22       3.75000e-22       0.00000e+00
