# Cross sections for NaCl
# Converted from earlier Leiden database cross sections by Alan Heays 2016-02-24
# Photodissociation source: NACL P.D. CF. SILVER ET AL. '86 + THEORY
# Lines represented with gaussian of width 1.0 nm FWHM
# wavelength: (nm)
# photoabsorption:    cross section (cm2)
# photodissociation:  cross section (cm2)
# 
# wavelength   photoabsorption photodissociation
  91.3000000       5.00000e-20       5.00000e-20
  91.4000000       5.00000e-20       5.00000e-20
  91.5000000       5.00000e-20       5.00000e-20
  91.6000000       5.00000e-20       5.00000e-20
  91.7000000       5.00000e-20       5.00000e-20
  91.8000000       5.00000e-20       5.00000e-20
  91.9000000       5.00000e-20       5.00000e-20
  92.0000000       5.00000e-20       5.00000e-20
  92.1000000       5.00000e-20       5.00000e-20
  92.2000000       5.00000e-20       5.00000e-20
  92.3000000       5.00000e-20       5.00000e-20
  92.4000000       5.00000e-20       5.00000e-20
  92.5000000       5.00000e-20       5.00000e-20
  92.6000000       5.00000e-20       5.00000e-20
  92.7000000       5.00000e-20       5.00000e-20
  92.8000000       5.00000e-20       5.00000e-20
  92.9000000       5.00000e-20       5.00000e-20
  93.0000000       5.00000e-20       5.00000e-20
  93.1000000       5.00000e-20       5.00000e-20
  93.2000000       5.00000e-20       5.00000e-20
  93.3000000       5.00000e-20       5.00000e-20
  93.4000000       5.00000e-20       5.00000e-20
  93.5000000       5.00000e-20       5.00000e-20
  93.6000000       5.00000e-20       5.00000e-20
  93.7000000       5.00000e-20       5.00000e-20
  93.8000000       5.00000e-20       5.00000e-20
  93.9000000       5.00000e-20       5.00000e-20
  94.0000000       5.00000e-20       5.00000e-20
  94.1000000       5.00000e-20       5.00000e-20
  94.2000000       5.00000e-20       5.00000e-20
  94.3000000       5.00000e-20       5.00000e-20
  94.4000000       5.00000e-20       5.00000e-20
  94.5000000       5.00000e-20       5.00000e-20
  94.6000000       5.00000e-20       5.00000e-20
  94.7000000       5.00000e-20       5.00000e-20
  94.8000000       5.00000e-20       5.00000e-20
  94.9000000       5.00000e-20       5.00000e-20
  95.0000000       5.00000e-20       5.00000e-20
  95.1000000       5.00000e-20       5.00000e-20
  95.2000000       5.00000e-20       5.00000e-20
  95.3000000       5.00000e-20       5.00000e-20
  95.4000000       5.00000e-20       5.00000e-20
  95.5000000       5.00000e-20       5.00000e-20
  95.6000000       5.00000e-20       5.00000e-20
  95.7000000       5.00000e-20       5.00000e-20
  95.8000000       5.00000e-20       5.00000e-20
  95.9000000       5.00000e-20       5.00000e-20
  96.0000000       5.00000e-20       5.00000e-20
  96.1000000       5.00000e-20       5.00000e-20
  96.2000000       5.00000e-20       5.00000e-20
  96.3000000       5.00000e-20       5.00000e-20
  96.4000000       5.00000e-20       5.00000e-20
  96.5000000       5.00000e-20       5.00000e-20
  96.6000000       5.00000e-20       5.00000e-20
  96.7000000       5.00000e-20       5.00000e-20
  96.8000000       5.00000e-20       5.00000e-20
  96.9000000       5.00000e-20       5.00000e-20
  97.0000000       5.00000e-20       5.00000e-20
  97.1000000       5.00000e-20       5.00000e-20
  97.2000000       5.00000e-20       5.00000e-20
  97.3000000       5.00000e-20       5.00000e-20
  97.4000000       5.00000e-20       5.00000e-20
  97.5000000       5.00000e-20       5.00000e-20
  97.6000000       5.00000e-20       5.00000e-20
  97.7000000       5.00000e-20       5.00000e-20
  97.8000000       5.00000e-20       5.00000e-20
  97.9000000       5.00000e-20       5.00000e-20
  98.0000000       5.00000e-20       5.00000e-20
  98.1000000       5.00000e-20       5.00000e-20
  98.2000000       5.00000e-20       5.00000e-20
  98.3000000       5.00000e-20       5.00000e-20
  98.4000000       5.00000e-20       5.00000e-20
  98.5000000       5.00000e-20       5.00000e-20
  98.6000000       5.00000e-20       5.00000e-20
  98.7000000       5.00000e-20       5.00000e-20
  98.8000000       5.00000e-20       5.00000e-20
  98.9000000       5.00000e-20       5.00000e-20
  99.0000000       5.00000e-20       5.00000e-20
  99.1000000       5.00000e-20       5.00000e-20
  99.2000000       5.00000e-20       5.00000e-20
  99.3000000       5.00000e-20       5.00000e-20
  99.4000000       5.00000e-20       5.00000e-20
  99.5000000       5.00000e-20       5.00000e-20
  99.6000000       5.00000e-20       5.00000e-20
  99.7000000       5.00000e-20       5.00000e-20
  99.8000000       5.00000e-20       5.00000e-20
  99.9000000       5.00000e-20       5.00000e-20
 100.0000000       5.00000e-20       5.00000e-20
 100.1000000       5.00000e-20       5.00000e-20
 100.2000000       5.00000e-20       5.00000e-20
 100.3000000       5.00000e-20       5.00000e-20
 100.4000000       5.00000e-20       5.00000e-20
 100.5000000       5.00000e-20       5.00000e-20
 100.6000000       5.00000e-20       5.00000e-20
 100.7000000       5.00000e-20       5.00000e-20
 100.8000000       5.00000e-20       5.00000e-20
 100.9000000       5.00000e-20       5.00000e-20
 101.0000000       5.00000e-20       5.00000e-20
 101.1000000       5.00000e-20       5.00000e-20
 101.2000000       5.00000e-20       5.00000e-20
 101.3000000       5.00000e-20       5.00000e-20
 101.4000000       5.00000e-20       5.00000e-20
 101.5000000       5.00000e-20       5.00000e-20
 101.6000000       5.00000e-20       5.00000e-20
 101.7000000       5.00000e-20       5.00000e-20
 101.8000000       5.00000e-20       5.00000e-20
 101.9000000       5.00000e-20       5.00000e-20
 102.0000000       5.00000e-20       5.00000e-20
 102.1000000       5.00000e-20       5.00000e-20
 102.2000000       5.00000e-20       5.00000e-20
 102.3000000       5.00000e-20       5.00000e-20
 102.4000000       5.00000e-20       5.00000e-20
 102.5000000       5.00000e-20       5.00000e-20
 102.6000000       5.00000e-20       5.00000e-20
 102.7000000       5.00000e-20       5.00000e-20
 102.8000000       5.00000e-20       5.00000e-20
 102.9000000       5.00000e-20       5.00000e-20
 103.0000000       5.00000e-20       5.00000e-20
 103.1000000       5.00000e-20       5.00000e-20
 103.2000000       5.00000e-20       5.00000e-20
 103.3000000       5.00000e-20       5.00000e-20
 103.4000000       5.00000e-20       5.00000e-20
 103.5000000       5.00000e-20       5.00000e-20
 103.6000000       5.00000e-20       5.00000e-20
 103.7000000       5.00000e-20       5.00000e-20
 103.8000000       5.00000e-20       5.00000e-20
 103.9000000       5.00000e-20       5.00000e-20
 104.0000000       5.00000e-20       5.00000e-20
 104.1000000       5.00000e-20       5.00000e-20
 104.2000000       5.00000e-20       5.00000e-20
 104.3000000       5.00000e-20       5.00000e-20
 104.4000000       5.00000e-20       5.00000e-20
 104.5000000       5.00000e-20       5.00000e-20
 104.6000000       5.00000e-20       5.00000e-20
 104.7000000       5.00000e-20       5.00000e-20
 104.8000000       5.00000e-20       5.00000e-20
 104.9000000       5.00000e-20       5.00000e-20
 105.0000000       5.00000e-20       5.00000e-20
 105.1000000       5.00000e-20       5.00000e-20
 105.2000000       5.00000e-20       5.00000e-20
 105.3000000       5.00000e-20       5.00000e-20
 105.4000000       5.00000e-20       5.00000e-20
 105.5000000       5.00000e-20       5.00000e-20
 105.6000000       5.00000e-20       5.00000e-20
 105.7000000       5.00000e-20       5.00000e-20
 105.8000000       5.00000e-20       5.00000e-20
 105.9000000       5.00000e-20       5.00000e-20
 106.0000000       5.00000e-20       5.00000e-20
 106.1000000       5.00000e-20       5.00000e-20
 106.2000000       5.00000e-20       5.00000e-20
 106.3000000       5.00000e-20       5.00000e-20
 106.4000000       5.00000e-20       5.00000e-20
 106.5000000       5.00000e-20       5.00000e-20
 106.6000000       5.00000e-20       5.00000e-20
 106.7000000       5.00000e-20       5.00000e-20
 106.8000000       5.00000e-20       5.00000e-20
 106.9000000       5.00000e-20       5.00000e-20
 107.0000000       5.00000e-20       5.00000e-20
 107.1000000       5.00000e-20       5.00000e-20
 107.2000000       5.00000e-20       5.00000e-20
 107.3000000       5.00000e-20       5.00000e-20
 107.4000000       5.00000e-20       5.00000e-20
 107.5000000       5.00000e-20       5.00000e-20
 107.6000000       5.00000e-20       5.00000e-20
 107.7000000       5.00000e-20       5.00000e-20
 107.8000000       5.00000e-20       5.00000e-20
 107.9000000       5.00000e-20       5.00000e-20
 108.0000000       5.00000e-20       5.00000e-20
 108.1000000       5.00000e-20       5.00000e-20
 108.2000000       5.00000e-20       5.00000e-20
 108.3000000       5.00000e-20       5.00000e-20
 108.4000000       5.00000e-20       5.00000e-20
 108.5000000       5.00000e-20       5.00000e-20
 108.6000000       5.00000e-20       5.00000e-20
 108.7000000       5.00000e-20       5.00000e-20
 108.8000000       5.00000e-20       5.00000e-20
 108.9000000       5.00000e-20       5.00000e-20
 109.0000000       5.00000e-20       5.00000e-20
 109.1000000       5.00000e-20       5.00000e-20
 109.2000000       5.00000e-20       5.00000e-20
 109.3000000       5.00000e-20       5.00000e-20
 109.4000000       5.00000e-20       5.00000e-20
 109.5000000       5.00000e-20       5.00000e-20
 109.6000000       5.00000e-20       5.00000e-20
 109.7000000       5.00000e-20       5.00000e-20
 109.8000000       5.00000e-20       5.00000e-20
 109.9000000       5.00000e-20       5.00000e-20
 110.0000000       5.00000e-20       5.00000e-20
 110.1000000       5.00000e-20       5.00000e-20
 110.2000000       5.00000e-20       5.00000e-20
 110.3000000       5.00000e-20       5.00000e-20
 110.4000000       5.00000e-20       5.00000e-20
 110.5000000       5.00000e-20       5.00000e-20
 110.6000000       5.00000e-20       5.00000e-20
 110.7000000       5.00000e-20       5.00000e-20
 110.8000000       5.00000e-20       5.00000e-20
 110.9000000       5.00000e-20       5.00000e-20
 111.0000000       5.00000e-20       5.00000e-20
 111.1000000       5.00000e-20       5.00000e-20
 111.2000000       5.00000e-20       5.00000e-20
 111.3000000       5.00000e-20       5.00000e-20
 111.4000000       5.00000e-20       5.00000e-20
 111.5000000       5.00000e-20       5.00000e-20
 111.6000000       5.00000e-20       5.00000e-20
 111.7000000       5.00000e-20       5.00000e-20
 111.8000000       5.00000e-20       5.00000e-20
 111.9000000       5.00000e-20       5.00000e-20
 112.0000000       5.00000e-20       5.00000e-20
 112.1000000       5.00000e-20       5.00000e-20
 112.2000000       5.00000e-20       5.00000e-20
 112.3000000       5.00000e-20       5.00000e-20
 112.4000000       5.00000e-20       5.00000e-20
 112.5000000       5.00000e-20       5.00000e-20
 112.6000000       5.00000e-20       5.00000e-20
 112.7000000       5.00000e-20       5.00000e-20
 112.8000000       5.00000e-20       5.00000e-20
 112.9000000       5.00000e-20       5.00000e-20
 113.0000000       5.00000e-20       5.00000e-20
 113.1000000       5.00000e-20       5.00000e-20
 113.2000000       5.00000e-20       5.00000e-20
 113.3000000       5.00000e-20       5.00000e-20
 113.4000000       5.00000e-20       5.00000e-20
 113.5000000       5.00000e-20       5.00000e-20
 113.6000000       5.00000e-20       5.00000e-20
 113.7000000       5.00000e-20       5.00000e-20
 113.8000000       5.00000e-20       5.00000e-20
 113.9000000       5.00000e-20       5.00000e-20
 114.0000000       5.00000e-20       5.00000e-20
 114.1000000       5.00000e-20       5.00000e-20
 114.2000000       5.00000e-20       5.00000e-20
 114.3000000       5.00000e-20       5.00000e-20
 114.4000000       5.00000e-20       5.00000e-20
 114.5000000       5.00000e-20       5.00000e-20
 114.6000000       5.00000e-20       5.00000e-20
 114.7000000       5.00000e-20       5.00000e-20
 114.8000000       5.00000e-20       5.00000e-20
 114.9000000       5.00000e-20       5.00000e-20
 115.0000000       5.00000e-20       5.00000e-20
 115.1000000       5.00000e-20       5.00000e-20
 115.2000000       5.00000e-20       5.00000e-20
 115.3000000       5.00000e-20       5.00000e-20
 115.4000000       5.00000e-20       5.00000e-20
 115.5000000       5.00000e-20       5.00000e-20
 115.6000000       5.00000e-20       5.00000e-20
 115.7000000       5.00000e-20       5.00000e-20
 115.8000000       5.00000e-20       5.00000e-20
 115.9000000       5.00000e-20       5.00000e-20
 116.0000000       5.00000e-20       5.00000e-20
 116.1000000       5.00000e-20       5.00000e-20
 116.2000000       5.00000e-20       5.00000e-20
 116.3000000       5.00000e-20       5.00000e-20
 116.4000000       5.00000e-20       5.00000e-20
 116.5000000       5.00000e-20       5.00000e-20
 116.6000000       5.00000e-20       5.00000e-20
 116.7000000       5.00000e-20       5.00000e-20
 116.8000000       5.00000e-20       5.00000e-20
 116.9000000       5.00000e-20       5.00000e-20
 117.0000000       5.00000e-20       5.00000e-20
 117.1000000       5.00000e-20       5.00000e-20
 117.2000000       5.00000e-20       5.00000e-20
 117.3000000       5.00000e-20       5.00000e-20
 117.4000000       5.00000e-20       5.00000e-20
 117.5000000       5.00000e-20       5.00000e-20
 117.6000000       5.00000e-20       5.00000e-20
 117.7000000       5.00000e-20       5.00000e-20
 117.8000000       5.00000e-20       5.00000e-20
 117.9000000       5.00000e-20       5.00000e-20
 118.0000000       5.00000e-20       5.00000e-20
 118.1000000       5.00000e-20       5.00000e-20
 118.2000000       5.00000e-20       5.00000e-20
 118.3000000       5.00000e-20       5.00000e-20
 118.4000000       5.00000e-20       5.00000e-20
 118.5000000       5.00000e-20       5.00000e-20
 118.6000000       5.00000e-20       5.00000e-20
 118.7000000       5.00000e-20       5.00000e-20
 118.8000000       5.00000e-20       5.00000e-20
 118.9000000       5.00000e-20       5.00000e-20
 119.0000000       5.00000e-20       5.00000e-20
 119.1000000       5.00000e-20       5.00000e-20
 119.2000000       5.00000e-20       5.00000e-20
 119.3000000       5.00000e-20       5.00000e-20
 119.4000000       5.00000e-20       5.00000e-20
 119.5000000       5.00000e-20       5.00000e-20
 119.6000000       5.00000e-20       5.00000e-20
 119.7000000       5.00000e-20       5.00000e-20
 119.8000000       5.00000e-20       5.00000e-20
 119.9000000       5.00000e-20       5.00000e-20
 120.0000000       5.00000e-20       5.00000e-20
 120.1000000       5.00000e-20       5.00000e-20
 120.2000000       5.00000e-20       5.00000e-20
 120.3000000       5.00000e-20       5.00000e-20
 120.4000000       5.00000e-20       5.00000e-20
 120.5000000       5.00000e-20       5.00000e-20
 120.6000000       5.00000e-20       5.00000e-20
 120.7000000       5.00000e-20       5.00000e-20
 120.8000000       5.00000e-20       5.00000e-20
 120.9000000       5.00000e-20       5.00000e-20
 121.0000000       5.00000e-20       5.00000e-20
 121.1000000       5.00000e-20       5.00000e-20
 121.2000000       5.00000e-20       5.00000e-20
 121.3000000       5.00000e-20       5.00000e-20
 121.4000000       5.00000e-20       5.00000e-20
 121.5000000       5.00000e-20       5.00000e-20
 121.6000000       5.00000e-20       5.00000e-20
 121.7000000       5.00000e-20       5.00000e-20
 121.8000000       5.00000e-20       5.00000e-20
 121.9000000       5.00000e-20       5.00000e-20
 122.0000000       5.00000e-20       5.00000e-20
 122.1000000       5.00000e-20       5.00000e-20
 122.2000000       5.00000e-20       5.00000e-20
 122.3000000       5.00000e-20       5.00000e-20
 122.4000000       5.00000e-20       5.00000e-20
 122.5000000       5.00000e-20       5.00000e-20
 122.6000000       5.00000e-20       5.00000e-20
 122.7000000       5.00000e-20       5.00000e-20
 122.8000000       5.00000e-20       5.00000e-20
 122.9000000       5.00000e-20       5.00000e-20
 123.0000000       5.00000e-20       5.00000e-20
 123.1000000       5.00000e-20       5.00000e-20
 123.2000000       5.00000e-20       5.00000e-20
 123.3000000       5.00000e-20       5.00000e-20
 123.4000000       5.00000e-20       5.00000e-20
 123.5000000       5.00000e-20       5.00000e-20
 123.6000000       5.00000e-20       5.00000e-20
 123.7000000       5.00000e-20       5.00000e-20
 123.8000000       5.00000e-20       5.00000e-20
 123.9000000       5.00000e-20       5.00000e-20
 124.0000000       5.00000e-20       5.00000e-20
 124.1000000       5.00000e-20       5.00000e-20
 124.2000000       5.00000e-20       5.00000e-20
 124.3000000       5.00000e-20       5.00000e-20
 124.4000000       5.00000e-20       5.00000e-20
 124.5000000       5.00000e-20       5.00000e-20
 124.6000000       5.00000e-20       5.00000e-20
 124.7000000       5.00000e-20       5.00000e-20
 124.8000000       5.00000e-20       5.00000e-20
 124.9000000       5.00000e-20       5.00000e-20
 125.0000000       5.00000e-20       5.00000e-20
 125.1000000       5.00000e-20       5.00000e-20
 125.2000000       5.00000e-20       5.00000e-20
 125.3000000       5.00000e-20       5.00000e-20
 125.4000000       5.00000e-20       5.00000e-20
 125.5000000       5.00000e-20       5.00000e-20
 125.6000000       5.00000e-20       5.00000e-20
 125.7000000       5.00000e-20       5.00000e-20
 125.8000000       5.00000e-20       5.00000e-20
 125.9000000       5.00000e-20       5.00000e-20
 126.0000000       5.00000e-20       5.00000e-20
 126.1000000       5.00000e-20       5.00000e-20
 126.2000000       5.00000e-20       5.00000e-20
 126.3000000       5.00000e-20       5.00000e-20
 126.4000000       5.00000e-20       5.00000e-20
 126.5000000       5.00000e-20       5.00000e-20
 126.6000000       5.00000e-20       5.00000e-20
 126.7000000       5.00000e-20       5.00000e-20
 126.8000000       5.00000e-20       5.00000e-20
 126.9000000       5.00000e-20       5.00000e-20
 127.0000000       5.00000e-20       5.00000e-20
 127.1000000       5.00000e-20       5.00000e-20
 127.2000000       5.00000e-20       5.00000e-20
 127.3000000       5.00000e-20       5.00000e-20
 127.4000000       5.00000e-20       5.00000e-20
 127.5000000       5.00000e-20       5.00000e-20
 127.6000000       5.00000e-20       5.00000e-20
 127.7000000       5.00000e-20       5.00000e-20
 127.8000000       5.00000e-20       5.00000e-20
 127.9000000       5.00000e-20       5.00000e-20
 128.0000000       5.00000e-20       5.00000e-20
 128.1000000       5.00000e-20       5.00000e-20
 128.2000000       5.00000e-20       5.00000e-20
 128.3000000       5.00000e-20       5.00000e-20
 128.4000000       5.00000e-20       5.00000e-20
 128.5000000       5.00000e-20       5.00000e-20
 128.6000000       5.00000e-20       5.00000e-20
 128.7000000       5.00000e-20       5.00000e-20
 128.8000000       5.00000e-20       5.00000e-20
 128.9000000       5.00000e-20       5.00000e-20
 129.0000000       5.00000e-20       5.00000e-20
 129.1000000       5.00000e-20       5.00000e-20
 129.2000000       5.00000e-20       5.00000e-20
 129.3000000       5.00000e-20       5.00000e-20
 129.4000000       5.00000e-20       5.00000e-20
 129.5000000       5.00000e-20       5.00000e-20
 129.6000000       5.00000e-20       5.00000e-20
 129.7000000       5.00000e-20       5.00000e-20
 129.8000000       5.00000e-20       5.00000e-20
 129.9000000       5.00000e-20       5.00000e-20
 130.0000000       5.00000e-20       5.00000e-20
 130.1000000       5.00000e-20       5.00000e-20
 130.2000000       5.00000e-20       5.00000e-20
 130.3000000       5.00000e-20       5.00000e-20
 130.4000000       5.00000e-20       5.00000e-20
 130.5000000       5.00000e-20       5.00000e-20
 130.6000000       5.00000e-20       5.00000e-20
 130.7000000       5.00000e-20       5.00000e-20
 130.8000000       5.00000e-20       5.00000e-20
 130.9000000       5.00000e-20       5.00000e-20
 131.0000000       5.00000e-20       5.00000e-20
 131.1000000       5.00000e-20       5.00000e-20
 131.2000000       5.00000e-20       5.00000e-20
 131.3000000       5.00000e-20       5.00000e-20
 131.4000000       5.00000e-20       5.00000e-20
 131.5000000       5.00000e-20       5.00000e-20
 131.6000000       5.00000e-20       5.00000e-20
 131.7000000       5.00000e-20       5.00000e-20
 131.8000000       5.00000e-20       5.00000e-20
 131.9000000       5.00000e-20       5.00000e-20
 132.0000000       5.00000e-20       5.00000e-20
 132.1000000       5.00000e-20       5.00000e-20
 132.2000000       5.00000e-20       5.00000e-20
 132.3000000       5.00000e-20       5.00000e-20
 132.4000000       5.00000e-20       5.00000e-20
 132.5000000       5.00000e-20       5.00000e-20
 132.6000000       5.00000e-20       5.00000e-20
 132.7000000       5.00000e-20       5.00000e-20
 132.8000000       5.00000e-20       5.00000e-20
 132.9000000       5.00000e-20       5.00000e-20
 133.0000000       5.00000e-20       5.00000e-20
 133.1000000       5.00000e-20       5.00000e-20
 133.2000000       5.00000e-20       5.00000e-20
 133.3000000       5.00000e-20       5.00000e-20
 133.4000000       5.00000e-20       5.00000e-20
 133.5000000       5.00000e-20       5.00000e-20
 133.6000000       5.00000e-20       5.00000e-20
 133.7000000       5.00000e-20       5.00000e-20
 133.8000000       5.00000e-20       5.00000e-20
 133.9000000       5.00000e-20       5.00000e-20
 134.0000000       5.00000e-20       5.00000e-20
 134.1000000       5.00000e-20       5.00000e-20
 134.2000000       5.00000e-20       5.00000e-20
 134.3000000       5.00000e-20       5.00000e-20
 134.4000000       5.00000e-20       5.00000e-20
 134.5000000       5.00000e-20       5.00000e-20
 134.6000000       5.00000e-20       5.00000e-20
 134.7000000       5.00000e-20       5.00000e-20
 134.8000000       5.00000e-20       5.00000e-20
 134.9000000       5.00000e-20       5.00000e-20
 135.0000000       5.00000e-20       5.00000e-20
 135.1000000       5.00000e-20       5.00000e-20
 135.2000000       5.00000e-20       5.00000e-20
 135.3000000       5.00000e-20       5.00000e-20
 135.4000000       5.00000e-20       5.00000e-20
 135.5000000       5.00000e-20       5.00000e-20
 135.6000000       5.00000e-20       5.00000e-20
 135.7000000       5.00000e-20       5.00000e-20
 135.8000000       5.00000e-20       5.00000e-20
 135.9000000       5.00000e-20       5.00000e-20
 136.0000000       5.00000e-20       5.00000e-20
 136.1000000       5.00000e-20       5.00000e-20
 136.2000000       5.00000e-20       5.00000e-20
 136.3000000       5.00000e-20       5.00000e-20
 136.4000000       5.00000e-20       5.00000e-20
 136.5000000       5.00000e-20       5.00000e-20
 136.6000000       5.00000e-20       5.00000e-20
 136.7000000       5.00000e-20       5.00000e-20
 136.8000000       5.00000e-20       5.00000e-20
 136.9000000       5.00000e-20       5.00000e-20
 137.0000000       5.00000e-20       5.00000e-20
 137.1000000       5.00000e-20       5.00000e-20
 137.2000000       5.00000e-20       5.00000e-20
 137.3000000       5.00000e-20       5.00000e-20
 137.4000000       5.00000e-20       5.00000e-20
 137.5000000       5.00000e-20       5.00000e-20
 137.6000000       5.00000e-20       5.00000e-20
 137.7000000       5.00000e-20       5.00000e-20
 137.8000000       5.00000e-20       5.00000e-20
 137.9000000       5.00000e-20       5.00000e-20
 138.0000000       5.00000e-20       5.00000e-20
 138.1000000       5.00000e-20       5.00000e-20
 138.2000000       5.00000e-20       5.00000e-20
 138.3000000       5.00000e-20       5.00000e-20
 138.4000000       5.00000e-20       5.00000e-20
 138.5000000       5.00000e-20       5.00000e-20
 138.6000000       5.00000e-20       5.00000e-20
 138.7000000       5.00000e-20       5.00000e-20
 138.8000000       5.00000e-20       5.00000e-20
 138.9000000       5.00000e-20       5.00000e-20
 139.0000000       5.00000e-20       5.00000e-20
 139.1000000       5.00000e-20       5.00000e-20
 139.2000000       5.00000e-20       5.00000e-20
 139.3000000       5.00000e-20       5.00000e-20
 139.4000000       5.00000e-20       5.00000e-20
 139.5000000       5.00000e-20       5.00000e-20
 139.6000000       5.00000e-20       5.00000e-20
 139.7000000       5.00000e-20       5.00000e-20
 139.8000000       5.00000e-20       5.00000e-20
 139.9000000       5.00000e-20       5.00000e-20
 140.0000000       5.00000e-20       5.00000e-20
 140.1000000       5.00000e-20       5.00000e-20
 140.2000000       5.00000e-20       5.00000e-20
 140.3000000       5.00000e-20       5.00000e-20
 140.4000000       5.00000e-20       5.00000e-20
 140.5000000       5.00000e-20       5.00000e-20
 140.6000000       5.00000e-20       5.00000e-20
 140.7000000       5.00000e-20       5.00000e-20
 140.8000000       5.00000e-20       5.00000e-20
 140.9000000       5.00000e-20       5.00000e-20
 141.0000000       5.00000e-20       5.00000e-20
 141.1000000       5.00000e-20       5.00000e-20
 141.2000000       5.00000e-20       5.00000e-20
 141.3000000       5.00000e-20       5.00000e-20
 141.4000000       5.00000e-20       5.00000e-20
 141.5000000       5.00000e-20       5.00000e-20
 141.6000000       5.00000e-20       5.00000e-20
 141.7000000       5.00000e-20       5.00000e-20
 141.8000000       5.00000e-20       5.00000e-20
 141.9000000       5.00000e-20       5.00000e-20
 142.0000000       5.00000e-20       5.00000e-20
 142.1000000       5.00000e-20       5.00000e-20
 142.2000000       5.00000e-20       5.00000e-20
 142.3000000       5.00000e-20       5.00000e-20
 142.4000000       5.00000e-20       5.00000e-20
 142.5000000       5.00000e-20       5.00000e-20
 142.6000000       5.00000e-20       5.00000e-20
 142.7000000       5.00000e-20       5.00000e-20
 142.8000000       5.00000e-20       5.00000e-20
 142.9000000       5.00000e-20       5.00000e-20
 143.0000000       5.00000e-20       5.00000e-20
 143.1000000       5.00000e-20       5.00000e-20
 143.2000000       5.00000e-20       5.00000e-20
 143.3000000       5.00000e-20       5.00000e-20
 143.4000000       5.00000e-20       5.00000e-20
 143.5000000       5.00000e-20       5.00000e-20
 143.6000000       5.00000e-20       5.00000e-20
 143.7000000       5.00000e-20       5.00000e-20
 143.8000000       5.00000e-20       5.00000e-20
 143.9000000       5.00000e-20       5.00000e-20
 144.0000000       5.00000e-20       5.00000e-20
 144.1000000       5.00000e-20       5.00000e-20
 144.2000000       5.00000e-20       5.00000e-20
 144.3000000       5.00000e-20       5.00000e-20
 144.4000000       5.00000e-20       5.00000e-20
 144.5000000       5.00000e-20       5.00000e-20
 144.6000000       5.00000e-20       5.00000e-20
 144.7000000       5.00000e-20       5.00000e-20
 144.8000000       5.00000e-20       5.00000e-20
 144.9000000       5.00000e-20       5.00000e-20
 145.0000000       5.00000e-20       5.00000e-20
 145.1000000       5.00000e-20       5.00000e-20
 145.2000000       5.00000e-20       5.00000e-20
 145.3000000       5.00000e-20       5.00000e-20
 145.4000000       5.00000e-20       5.00000e-20
 145.5000000       5.00000e-20       5.00000e-20
 145.6000000       5.00000e-20       5.00000e-20
 145.7000000       5.00000e-20       5.00000e-20
 145.8000000       5.00000e-20       5.00000e-20
 145.9000000       5.00000e-20       5.00000e-20
 146.0000000       5.00000e-20       5.00000e-20
 146.1000000       5.00000e-20       5.00000e-20
 146.2000000       5.00000e-20       5.00000e-20
 146.3000000       5.00000e-20       5.00000e-20
 146.4000000       5.00000e-20       5.00000e-20
 146.5000000       5.00000e-20       5.00000e-20
 146.6000000       5.00000e-20       5.00000e-20
 146.7000000       5.00000e-20       5.00000e-20
 146.8000000       5.00000e-20       5.00000e-20
 146.9000000       5.00000e-20       5.00000e-20
 147.0000000       5.00000e-20       5.00000e-20
 147.1000000       5.00000e-20       5.00000e-20
 147.2000000       5.00000e-20       5.00000e-20
 147.3000000       5.00000e-20       5.00000e-20
 147.4000000       5.00000e-20       5.00000e-20
 147.5000000       5.00000e-20       5.00000e-20
 147.6000000       5.00000e-20       5.00000e-20
 147.7000000       5.00000e-20       5.00000e-20
 147.8000000       5.00000e-20       5.00000e-20
 147.9000000       5.00000e-20       5.00000e-20
 148.0000000       5.00000e-20       5.00000e-20
 148.1000000       5.00000e-20       5.00000e-20
 148.2000000       5.00000e-20       5.00000e-20
 148.3000000       5.00000e-20       5.00000e-20
 148.4000000       5.00000e-20       5.00000e-20
 148.5000000       5.00000e-20       5.00000e-20
 148.6000000       5.00000e-20       5.00000e-20
 148.7000000       5.00000e-20       5.00000e-20
 148.8000000       5.00000e-20       5.00000e-20
 148.9000000       5.00000e-20       5.00000e-20
 149.0000000       5.00000e-20       5.00000e-20
 149.1000000       5.00000e-20       5.00000e-20
 149.2000000       5.00000e-20       5.00000e-20
 149.3000000       5.00000e-20       5.00000e-20
 149.4000000       5.00000e-20       5.00000e-20
 149.5000000       5.00000e-20       5.00000e-20
 149.6000000       5.00000e-20       5.00000e-20
 149.7000000       5.00000e-20       5.00000e-20
 149.8000000       5.00000e-20       5.00000e-20
 149.9000000       5.00000e-20       5.00000e-20
 150.0000000       5.00000e-20       5.00000e-20
 150.1000000       5.00000e-20       5.00000e-20
 150.2000000       5.00000e-20       5.00000e-20
 150.3000000       5.00000e-20       5.00000e-20
 150.4000000       5.00000e-20       5.00000e-20
 150.5000000       5.00000e-20       5.00000e-20
 150.6000000       5.00000e-20       5.00000e-20
 150.7000000       5.00000e-20       5.00000e-20
 150.8000000       5.00000e-20       5.00000e-20
 150.9000000       5.00000e-20       5.00000e-20
 151.0000000       5.00000e-20       5.00000e-20
 151.1000000       5.00000e-20       5.00000e-20
 151.2000000       5.00000e-20       5.00000e-20
 151.3000000       5.00000e-20       5.00000e-20
 151.4000000       5.00000e-20       5.00000e-20
 151.5000000       5.00000e-20       5.00000e-20
 151.6000000       5.00000e-20       5.00000e-20
 151.7000000       5.00000e-20       5.00000e-20
 151.8000000       5.00000e-20       5.00000e-20
 151.9000000       5.00000e-20       5.00000e-20
 152.0000000       5.00000e-20       5.00000e-20
 152.1000000       5.00000e-20       5.00000e-20
 152.2000000       5.00000e-20       5.00000e-20
 152.3000000       5.00000e-20       5.00000e-20
 152.4000000       5.00000e-20       5.00000e-20
 152.5000000       5.00000e-20       5.00000e-20
 152.6000000       5.00000e-20       5.00000e-20
 152.7000000       5.00000e-20       5.00000e-20
 152.8000000       5.00000e-20       5.00000e-20
 152.9000000       5.00000e-20       5.00000e-20
 153.0000000       5.00000e-20       5.00000e-20
 153.1000000       5.00000e-20       5.00000e-20
 153.2000000       5.00000e-20       5.00000e-20
 153.3000000       5.00000e-20       5.00000e-20
 153.4000000       5.00000e-20       5.00000e-20
 153.5000000       5.00000e-20       5.00000e-20
 153.6000000       5.00000e-20       5.00000e-20
 153.7000000       5.00000e-20       5.00000e-20
 153.8000000       5.00000e-20       5.00000e-20
 153.9000000       5.00000e-20       5.00000e-20
 154.0000000       5.00000e-20       5.00000e-20
 154.1000000       5.00000e-20       5.00000e-20
 154.2000000       5.00000e-20       5.00000e-20
 154.3000000       5.00000e-20       5.00000e-20
 154.4000000       5.00000e-20       5.00000e-20
 154.5000000       5.00000e-20       5.00000e-20
 154.6000000       5.00000e-20       5.00000e-20
 154.7000000       5.00000e-20       5.00000e-20
 154.8000000       5.00000e-20       5.00000e-20
 154.9000000       5.00000e-20       5.00000e-20
 155.0000000       5.00000e-20       5.00000e-20
 155.1000000       5.00000e-20       5.00000e-20
 155.2000000       5.00000e-20       5.00000e-20
 155.3000000       5.00000e-20       5.00000e-20
 155.4000000       5.00000e-20       5.00000e-20
 155.5000000       5.00000e-20       5.00000e-20
 155.6000000       5.00000e-20       5.00000e-20
 155.7000000       5.00000e-20       5.00000e-20
 155.8000000       5.00000e-20       5.00000e-20
 155.9000000       5.00000e-20       5.00000e-20
 156.0000000       5.00000e-20       5.00000e-20
 156.1000000       5.00000e-20       5.00000e-20
 156.2000000       5.00000e-20       5.00000e-20
 156.3000000       5.00000e-20       5.00000e-20
 156.4000000       5.00000e-20       5.00000e-20
 156.5000000       5.00000e-20       5.00000e-20
 156.6000000       5.00000e-20       5.00000e-20
 156.7000000       5.00000e-20       5.00000e-20
 156.8000000       5.00000e-20       5.00000e-20
 156.9000000       5.00000e-20       5.00000e-20
 157.0000000       5.00000e-20       5.00000e-20
 157.1000000       5.00000e-20       5.00000e-20
 157.2000000       5.00000e-20       5.00000e-20
 157.3000000       5.00000e-20       5.00000e-20
 157.4000000       5.00000e-20       5.00000e-20
 157.5000000       5.00000e-20       5.00000e-20
 157.6000000       5.00000e-20       5.00000e-20
 157.7000000       5.00000e-20       5.00000e-20
 157.8000000       5.00000e-20       5.00000e-20
 157.9000000       5.00000e-20       5.00000e-20
 158.0000000       5.00000e-20       5.00000e-20
 158.1000000       5.00000e-20       5.00000e-20
 158.2000000       5.00000e-20       5.00000e-20
 158.3000000       5.00000e-20       5.00000e-20
 158.4000000       5.00000e-20       5.00000e-20
 158.5000000       5.00000e-20       5.00000e-20
 158.6000000       5.00000e-20       5.00000e-20
 158.7000000       5.00000e-20       5.00000e-20
 158.8000000       5.00000e-20       5.00000e-20
 158.9000000       5.00000e-20       5.00000e-20
 159.0000000       5.00000e-20       5.00000e-20
 159.1000000       5.00000e-20       5.00000e-20
 159.2000000       5.00000e-20       5.00000e-20
 159.3000000       5.00000e-20       5.00000e-20
 159.4000000       5.00000e-20       5.00000e-20
 159.5000000       5.00000e-20       5.00000e-20
 159.6000000       5.00000e-20       5.00000e-20
 159.7000000       5.00000e-20       5.00000e-20
 159.8000000       5.00000e-20       5.00000e-20
 159.9000000       5.00000e-20       5.00000e-20
 160.0000000       5.00000e-20       5.00000e-20
 160.1000000       5.00000e-20       5.00000e-20
 160.2000000       5.00000e-20       5.00000e-20
 160.3000000       5.00000e-20       5.00000e-20
 160.4000000       5.00000e-20       5.00000e-20
 160.5000000       5.00000e-20       5.00000e-20
 160.6000000       5.00000e-20       5.00000e-20
 160.7000000       5.00000e-20       5.00000e-20
 160.8000000       5.00000e-20       5.00000e-20
 160.9000000       5.00000e-20       5.00000e-20
 161.0000000       5.00000e-20       5.00000e-20
 161.1000000       5.00000e-20       5.00000e-20
 161.2000000       5.00000e-20       5.00000e-20
 161.3000000       5.00000e-20       5.00000e-20
 161.4000000       5.00000e-20       5.00000e-20
 161.5000000       5.00000e-20       5.00000e-20
 161.6000000       5.00000e-20       5.00000e-20
 161.7000000       5.00000e-20       5.00000e-20
 161.8000000       5.00000e-20       5.00000e-20
 161.9000000       5.00000e-20       5.00000e-20
 162.0000000       5.00000e-20       5.00000e-20
 162.1000000       5.00000e-20       5.00000e-20
 162.2000000       5.00000e-20       5.00000e-20
 162.3000000       5.00000e-20       5.00000e-20
 162.4000000       5.00000e-20       5.00000e-20
 162.5000000       5.00000e-20       5.00000e-20
 162.6000000       5.00000e-20       5.00000e-20
 162.7000000       5.00000e-20       5.00000e-20
 162.8000000       5.00000e-20       5.00000e-20
 162.9000000       5.00000e-20       5.00000e-20
 163.0000000       5.00000e-20       5.00000e-20
 163.1000000       5.00000e-20       5.00000e-20
 163.2000000       5.00000e-20       5.00000e-20
 163.3000000       5.00000e-20       5.00000e-20
 163.4000000       5.00000e-20       5.00000e-20
 163.5000000       5.00000e-20       5.00000e-20
 163.6000000       5.00000e-20       5.00000e-20
 163.7000000       5.00000e-20       5.00000e-20
 163.8000000       5.00000e-20       5.00000e-20
 163.9000000       5.00000e-20       5.00000e-20
 164.0000000       5.00000e-20       5.00000e-20
 164.1000000       5.00000e-20       5.00000e-20
 164.2000000       5.00000e-20       5.00000e-20
 164.3000000       5.00000e-20       5.00000e-20
 164.4000000       5.00000e-20       5.00000e-20
 164.5000000       5.00000e-20       5.00000e-20
 164.6000000       5.00000e-20       5.00000e-20
 164.7000000       5.00000e-20       5.00000e-20
 164.8000000       5.00000e-20       5.00000e-20
 164.9000000       5.00000e-20       5.00000e-20
 165.0000000       5.00000e-20       5.00000e-20
 165.1000000       5.00000e-20       5.00000e-20
 165.2000000       5.00000e-20       5.00000e-20
 165.3000000       5.00000e-20       5.00000e-20
 165.4000000       5.00000e-20       5.00000e-20
 165.5000000       5.00000e-20       5.00000e-20
 165.6000000       5.00000e-20       5.00000e-20
 165.7000000       5.00000e-20       5.00000e-20
 165.8000000       5.00000e-20       5.00000e-20
 165.9000000       5.00000e-20       5.00000e-20
 166.0000000       5.00000e-20       5.00000e-20
 166.1000000       5.00000e-20       5.00000e-20
 166.2000000       5.00000e-20       5.00000e-20
 166.3000000       5.00000e-20       5.00000e-20
 166.4000000       5.00000e-20       5.00000e-20
 166.5000000       5.00000e-20       5.00000e-20
 166.6000000       5.00000e-20       5.00000e-20
 166.7000000       5.00000e-20       5.00000e-20
 166.8000000       5.00000e-20       5.00000e-20
 166.9000000       5.00000e-20       5.00000e-20
 167.0000000       5.00000e-20       5.00000e-20
 167.1000000       5.00000e-20       5.00000e-20
 167.2000000       5.00000e-20       5.00000e-20
 167.3000000       5.00000e-20       5.00000e-20
 167.4000000       5.00000e-20       5.00000e-20
 167.5000000       5.00000e-20       5.00000e-20
 167.6000000       5.00000e-20       5.00000e-20
 167.7000000       5.00000e-20       5.00000e-20
 167.8000000       5.00000e-20       5.00000e-20
 167.9000000       5.00000e-20       5.00000e-20
 168.0000000       5.00000e-20       5.00000e-20
 168.1000000       5.00000e-20       5.00000e-20
 168.2000000       5.00000e-20       5.00000e-20
 168.3000000       5.00000e-20       5.00000e-20
 168.4000000       5.00000e-20       5.00000e-20
 168.5000000       5.00000e-20       5.00000e-20
 168.6000000       5.00000e-20       5.00000e-20
 168.7000000       5.00000e-20       5.00000e-20
 168.8000000       5.00000e-20       5.00000e-20
 168.9000000       5.00000e-20       5.00000e-20
 169.0000000       5.00000e-20       5.00000e-20
 169.1000000       5.00000e-20       5.00000e-20
 169.2000000       5.00000e-20       5.00000e-20
 169.3000000       5.00000e-20       5.00000e-20
 169.4000000       5.00000e-20       5.00000e-20
 169.5000000       5.00000e-20       5.00000e-20
 169.6000000       5.00000e-20       5.00000e-20
 169.7000000       5.00000e-20       5.00000e-20
 169.8000000       5.00000e-20       5.00000e-20
 169.9000000       5.00000e-20       5.00000e-20
 170.0000000       5.00000e-20       5.00000e-20
 170.1000000       5.00000e-20       5.00000e-20
 170.2000000       5.00000e-20       5.00000e-20
 170.3000000       5.00000e-20       5.00000e-20
 170.4000000       5.00000e-20       5.00000e-20
 170.5000000       5.00000e-20       5.00000e-20
 170.6000000       5.00000e-20       5.00000e-20
 170.7000000       5.00000e-20       5.00000e-20
 170.8000000       5.00000e-20       5.00000e-20
 170.9000000       5.00000e-20       5.00000e-20
 171.0000000       5.00000e-20       5.00000e-20
 171.1000000       5.00000e-20       5.00000e-20
 171.2000000       5.00000e-20       5.00000e-20
 171.3000000       5.00000e-20       5.00000e-20
 171.4000000       5.00000e-20       5.00000e-20
 171.5000000       5.00000e-20       5.00000e-20
 171.6000000       5.00000e-20       5.00000e-20
 171.7000000       5.00000e-20       5.00000e-20
 171.8000000       5.00000e-20       5.00000e-20
 171.9000000       5.00000e-20       5.00000e-20
 172.0000000       5.00000e-20       5.00000e-20
 172.1000000       5.00000e-20       5.00000e-20
 172.2000000       5.00000e-20       5.00000e-20
 172.3000000       5.00000e-20       5.00000e-20
 172.4000000       5.00000e-20       5.00000e-20
 172.5000000       5.00000e-20       5.00000e-20
 172.6000000       5.00000e-20       5.00000e-20
 172.7000000       5.00000e-20       5.00000e-20
 172.8000000       5.00000e-20       5.00000e-20
 172.9000000       5.00000e-20       5.00000e-20
 173.0000000       5.00000e-20       5.00000e-20
 173.1000000       5.00000e-20       5.00000e-20
 173.2000000       5.00000e-20       5.00000e-20
 173.3000000       5.00000e-20       5.00000e-20
 173.4000000       5.00000e-20       5.00000e-20
 173.5000000       5.00000e-20       5.00000e-20
 173.6000000       5.00000e-20       5.00000e-20
 173.7000000       5.00000e-20       5.00000e-20
 173.8000000       5.00000e-20       5.00000e-20
 173.9000000       5.00000e-20       5.00000e-20
 174.0000000       5.00000e-20       5.00000e-20
 174.1000000       5.00000e-20       5.00000e-20
 174.2000000       5.00000e-20       5.00000e-20
 174.3000000       5.00000e-20       5.00000e-20
 174.4000000       5.00000e-20       5.00000e-20
 174.5000000       5.00000e-20       5.00000e-20
 174.6000000       5.00000e-20       5.00000e-20
 174.7000000       5.00000e-20       5.00000e-20
 174.8000000       5.00000e-20       5.00000e-20
 174.9000000       5.00000e-20       5.00000e-20
 175.0000000       5.00000e-20       5.00000e-20
 175.1000000       5.00000e-20       5.00000e-20
 175.2000000       5.46400e-20       5.46400e-20
 175.3000000       9.87789e-20       9.87789e-20
 175.4000000       2.38242e-19       2.38242e-19
 175.5000000       5.56008e-19       5.56008e-19
 175.6000000       1.22861e-18       1.22861e-18
 175.7000000       2.57047e-18       2.57047e-18
 175.8000000       5.09184e-18       5.09184e-18
 175.9000000       9.54990e-18       9.54990e-18
 176.0000000       1.69583e-17       1.69583e-17
 176.1000000       2.85116e-17       2.85116e-17
 176.2000000       4.53855e-17       4.53855e-17
 176.3000000       6.84013e-17       6.84013e-17
 176.4000000       9.76030e-17       9.76030e-17
 176.5000000       1.31859e-16       1.31859e-16
 176.6000000       1.68658e-16       1.68658e-16
 176.7000000       2.04243e-16       2.04243e-16
 176.8000000       2.34173e-16       2.34173e-16
 176.9000000       2.54196e-16       2.54196e-16
 177.0000000       2.61244e-16       2.61244e-16
 177.1000000       2.54196e-16       2.54196e-16
 177.2000000       2.34173e-16       2.34173e-16
 177.3000000       2.04243e-16       2.04243e-16
 177.4000000       1.68658e-16       1.68658e-16
 177.5000000       1.31859e-16       1.31859e-16
 177.6000000       9.76030e-17       9.76030e-17
 177.7000000       6.84013e-17       6.84013e-17
 177.8000000       4.53855e-17       4.53855e-17
 177.9000000       2.85116e-17       2.85116e-17
 178.0000000       1.69583e-17       1.69583e-17
 178.1000000       9.54990e-18       9.54990e-18
 178.2000000       5.09184e-18       5.09184e-18
 178.3000000       2.57047e-18       2.57047e-18
 178.4000000       1.22861e-18       1.22861e-18
 178.5000000       5.56008e-19       5.56008e-19
 178.6000000       2.38242e-19       2.38242e-19
 178.7000000       9.87789e-20       9.87789e-20
 178.8000000       5.46400e-20       5.46400e-20
 178.9000000       5.00000e-20       5.00000e-20
 179.0000000       5.00000e-20       5.00000e-20
 179.1000000       5.00000e-20       5.00000e-20
 179.2000000       5.00000e-20       5.00000e-20
 179.3000000       5.00000e-20       5.00000e-20
 179.4000000       5.00000e-20       5.00000e-20
 179.5000000       5.00000e-20       5.00000e-20
 179.6000000       5.00000e-20       5.00000e-20
 179.7000000       5.00000e-20       5.00000e-20
 179.8000000       5.00000e-20       5.00000e-20
 179.9000000       5.00000e-20       5.00000e-20
 180.0000000       5.00000e-20       5.00000e-20
 180.1000000       5.00000e-20       5.00000e-20
 180.2000000       5.00000e-20       5.00000e-20
 180.3000000       5.00000e-20       5.00000e-20
 180.4000000       5.00000e-20       5.00000e-20
 180.5000000       5.00000e-20       5.00000e-20
 180.6000000       5.00000e-20       5.00000e-20
 180.7000000       5.00000e-20       5.00000e-20
 180.8000000       5.00000e-20       5.00000e-20
 180.9000000       5.00000e-20       5.00000e-20
 181.0000000       5.00000e-20       5.00000e-20
 181.1000000       5.00000e-20       5.00000e-20
 181.2000000       5.00000e-20       5.00000e-20
 181.3000000       5.00000e-20       5.00000e-20
 181.4000000       5.00000e-20       5.00000e-20
 181.5000000       5.00000e-20       5.00000e-20
 181.6000000       5.00000e-20       5.00000e-20
 181.7000000       5.00000e-20       5.00000e-20
 181.8000000       5.00000e-20       5.00000e-20
 181.9000000       5.00000e-20       5.00000e-20
 182.0000000       5.00000e-20       5.00000e-20
 182.1000000       5.00000e-20       5.00000e-20
 182.2000000       5.00000e-20       5.00000e-20
 182.3000000       5.00000e-20       5.00000e-20
 182.4000000       5.00000e-20       5.00000e-20
 182.5000000       5.00000e-20       5.00000e-20
 182.6000000       5.00000e-20       5.00000e-20
 182.7000000       5.00000e-20       5.00000e-20
 182.8000000       5.00000e-20       5.00000e-20
 182.9000000       5.00000e-20       5.00000e-20
 183.0000000       5.00000e-20       5.00000e-20
 183.1000000       5.00000e-20       5.00000e-20
 183.2000000       5.00000e-20       5.00000e-20
 183.3000000       5.00000e-20       5.00000e-20
 183.4000000       5.00000e-20       5.00000e-20
 183.5000000       5.00000e-20       5.00000e-20
 183.6000000       5.00000e-20       5.00000e-20
 183.7000000       5.00000e-20       5.00000e-20
 183.8000000       5.00000e-20       5.00000e-20
 183.9000000       5.00000e-20       5.00000e-20
 184.0000000       5.00000e-20       5.00000e-20
 184.1000000       5.00000e-20       5.00000e-20
 184.2000000       5.00000e-20       5.00000e-20
 184.3000000       5.00000e-20       5.00000e-20
 184.4000000       5.00000e-20       5.00000e-20
 184.5000000       5.00000e-20       5.00000e-20
 184.6000000       5.00000e-20       5.00000e-20
 184.7000000       5.00000e-20       5.00000e-20
 184.8000000       5.00000e-20       5.00000e-20
 184.9000000       5.00000e-20       5.00000e-20
 185.0000000       5.00000e-20       5.00000e-20
 185.1000000       5.00000e-20       5.00000e-20
 185.2000000       5.00000e-20       5.00000e-20
 185.3000000       5.00000e-20       5.00000e-20
 185.4000000       5.00000e-20       5.00000e-20
 185.5000000       5.00000e-20       5.00000e-20
 185.6000000       5.00000e-20       5.00000e-20
 185.7000000       5.00000e-20       5.00000e-20
 185.8000000       5.00000e-20       5.00000e-20
 185.9000000       5.00000e-20       5.00000e-20
 186.0000000       5.00000e-20       5.00000e-20
 186.1000000       5.00000e-20       5.00000e-20
 186.2000000       5.00000e-20       5.00000e-20
 186.3000000       5.00000e-20       5.00000e-20
 186.4000000       5.00000e-20       5.00000e-20
 186.5000000       5.00000e-20       5.00000e-20
 186.6000000       5.00000e-20       5.00000e-20
 186.7000000       5.00000e-20       5.00000e-20
 186.8000000       5.00000e-20       5.00000e-20
 186.9000000       5.00000e-20       5.00000e-20
 187.0000000       5.00000e-20       5.00000e-20
 187.1000000       5.00000e-20       5.00000e-20
 187.2000000       5.00000e-20       5.00000e-20
 187.3000000       5.00000e-20       5.00000e-20
 187.4000000       5.00000e-20       5.00000e-20
 187.5000000       5.00000e-20       5.00000e-20
 187.6000000       5.00000e-20       5.00000e-20
 187.7000000       5.00000e-20       5.00000e-20
 187.8000000       5.00000e-20       5.00000e-20
 187.9000000       5.00000e-20       5.00000e-20
 188.0000000       5.00000e-20       5.00000e-20
 188.1000000       5.00000e-20       5.00000e-20
 188.2000000       5.00000e-20       5.00000e-20
 188.3000000       5.00000e-20       5.00000e-20
 188.4000000       5.00000e-20       5.00000e-20
 188.5000000       5.00000e-20       5.00000e-20
 188.6000000       5.00000e-20       5.00000e-20
 188.7000000       5.00000e-20       5.00000e-20
 188.8000000       5.00000e-20       5.00000e-20
 188.9000000       5.00000e-20       5.00000e-20
 189.0000000       5.00000e-20       5.00000e-20
 189.1000000       5.00000e-20       5.00000e-20
 189.2000000       5.00000e-20       5.00000e-20
 189.3000000       5.00000e-20       5.00000e-20
 189.4000000       5.00000e-20       5.00000e-20
 189.5000000       5.00000e-20       5.00000e-20
 189.6000000       8.08750e-19       8.08750e-19
 189.7000000       5.35936e-18       5.35936e-18
 189.8000000       6.10486e-18       6.10486e-18
 189.9000000       6.08973e-18       6.08973e-18
 190.0000000       6.07459e-18       6.07459e-18
 190.1000000       6.05946e-18       6.05946e-18
 190.2000000       6.04432e-18       6.04432e-18
 190.3000000       6.02919e-18       6.02919e-18
 190.4000000       6.01405e-18       6.01405e-18
 190.5000000       5.99892e-18       5.99892e-18
 190.6000000       5.98378e-18       5.98378e-18
 190.7000000       5.96865e-18       5.96865e-18
 190.8000000       5.95351e-18       5.95351e-18
 190.9000000       5.93838e-18       5.93838e-18
 191.0000000       5.92324e-18       5.92324e-18
 191.1000000       5.90811e-18       5.90811e-18
 191.2000000       5.89297e-18       5.89297e-18
 191.3000000       5.87784e-18       5.87784e-18
 191.4000000       5.86270e-18       5.86270e-18
 191.5000000       5.84757e-18       5.84757e-18
 191.6000000       5.83243e-18       5.83243e-18
 191.7000000       5.81730e-18       5.81730e-18
 191.8000000       5.80216e-18       5.80216e-18
 191.9000000       5.78703e-18       5.78703e-18
 192.0000000       5.77189e-18       5.77189e-18
 192.1000000       5.75676e-18       5.75676e-18
 192.2000000       5.74162e-18       5.74162e-18
 192.3000000       5.72649e-18       5.72649e-18
 192.4000000       5.71135e-18       5.71135e-18
 192.5000000       5.69622e-18       5.69622e-18
 192.6000000       5.68108e-18       5.68108e-18
 192.7000000       5.66595e-18       5.66595e-18
 192.8000000       5.65081e-18       5.65081e-18
 192.9000000       5.63568e-18       5.63568e-18
 193.0000000       5.62054e-18       5.62054e-18
 193.1000000       5.60541e-18       5.60541e-18
 193.2000000       5.59027e-18       5.59027e-18
 193.3000000       5.57514e-18       5.57514e-18
 193.4000000       5.55663e-18       5.55663e-18
 193.5000000       5.51794e-18       5.51794e-18
 193.6000000       5.47588e-18       5.47588e-18
 193.7000000       5.43381e-18       5.43381e-18
 193.8000000       5.39175e-18       5.39175e-18
 193.9000000       5.34969e-18       5.34969e-18
 194.0000000       5.30763e-18       5.30763e-18
 194.1000000       5.26557e-18       5.26557e-18
 194.2000000       5.22351e-18       5.22351e-18
 194.3000000       5.18144e-18       5.18144e-18
 194.4000000       5.13938e-18       5.13938e-18
 194.5000000       5.09732e-18       5.09732e-18
 194.6000000       5.05526e-18       5.05526e-18
 194.7000000       5.01320e-18       5.01320e-18
 194.8000000       4.97113e-18       4.97113e-18
 194.9000000       4.92907e-18       4.92907e-18
 195.0000000       4.88701e-18       4.88701e-18
 195.1000000       4.84495e-18       4.84495e-18
 195.2000000       4.80289e-18       4.80289e-18
 195.3000000       4.76082e-18       4.76082e-18
 195.4000000       4.71876e-18       4.71876e-18
 195.5000000       4.67670e-18       4.67670e-18
 195.6000000       4.63464e-18       4.63464e-18
 195.7000000       4.59258e-18       4.59258e-18
 195.8000000       4.55052e-18       4.55052e-18
 195.9000000       4.50845e-18       4.50845e-18
 196.0000000       4.46639e-18       4.46639e-18
 196.1000000       4.42433e-18       4.42433e-18
 196.2000000       4.38227e-18       4.38227e-18
 196.3000000       4.34021e-18       4.34021e-18
 196.4000000       4.29814e-18       4.29814e-18
 196.5000000       4.25608e-18       4.25608e-18
 196.6000000       4.21402e-18       4.21402e-18
 196.7000000       4.17196e-18       4.17196e-18
 196.8000000       4.12990e-18       4.12990e-18
 196.9000000       4.08784e-18       4.08784e-18
 197.0000000       4.04577e-18       4.04577e-18
 197.1000000       4.00371e-18       4.00371e-18
 197.2000000       3.96165e-18       3.96165e-18
 197.3000000       3.91959e-18       3.91959e-18
 197.4000000       3.87753e-18       3.87753e-18
 197.5000000       3.83546e-18       3.83546e-18
 197.6000000       3.79340e-18       3.79340e-18
 197.7000000       3.75134e-18       3.75134e-18
 197.8000000       3.70928e-18       3.70928e-18
 197.9000000       3.66722e-18       3.66722e-18
 198.0000000       3.62515e-18       3.62515e-18
 198.1000000       3.58309e-18       3.58309e-18
 198.2000000       3.54103e-18       3.54103e-18
 198.3000000       3.49897e-18       3.49897e-18
 198.4000000       3.45691e-18       3.45691e-18
 198.5000000       3.41485e-18       3.41485e-18
 198.6000000       3.37278e-18       3.37278e-18
 198.7000000       3.33072e-18       3.33072e-18
 198.8000000       3.28866e-18       3.28866e-18
 198.9000000       3.24660e-18       3.24660e-18
 199.0000000       3.20454e-18       3.20454e-18
 199.1000000       3.16247e-18       3.16247e-18
 199.2000000       3.12041e-18       3.12041e-18
 199.3000000       3.07835e-18       3.07835e-18
 199.4000000       3.03629e-18       3.03629e-18
 199.5000000       2.99423e-18       2.99423e-18
 199.6000000       2.95216e-18       2.95216e-18
 199.7000000       2.91010e-18       2.91010e-18
 199.8000000       2.86804e-18       2.86804e-18
 199.9000000       2.82598e-18       2.82598e-18
 200.0000000       2.78392e-18       2.78392e-18
 200.1000000       2.74186e-18       2.74186e-18
 200.2000000       2.69979e-18       2.69979e-18
 200.3000000       2.65773e-18       2.65773e-18
 200.4000000       2.61567e-18       2.61567e-18
 200.5000000       2.57361e-18       2.57361e-18
 200.6000000       2.53155e-18       2.53155e-18
 200.7000000       2.48948e-18       2.48948e-18
 200.8000000       2.44742e-18       2.44742e-18
 200.9000000       2.40536e-18       2.40536e-18
 201.0000000       2.36330e-18       2.36330e-18
 201.1000000       2.32124e-18       2.32124e-18
 201.2000000       2.27918e-18       2.27918e-18
 201.3000000       2.23711e-18       2.23711e-18
 201.4000000       2.19505e-18       2.19505e-18
 201.5000000       2.15299e-18       2.15299e-18
 201.6000000       2.11093e-18       2.11093e-18
 201.7000000       2.06887e-18       2.06887e-18
 201.8000000       2.02680e-18       2.02680e-18
 201.9000000       1.98474e-18       1.98474e-18
 202.0000000       1.94268e-18       1.94268e-18
 202.1000000       1.90062e-18       1.90062e-18
 202.2000000       1.85856e-18       1.85856e-18
 202.3000000       1.81649e-18       1.81649e-18
 202.4000000       1.77443e-18       1.77443e-18
 202.5000000       1.73237e-18       1.73237e-18
 202.6000000       1.69031e-18       1.69031e-18
 202.7000000       1.64825e-18       1.64825e-18
 202.8000000       1.60619e-18       1.60619e-18
 202.9000000       1.56412e-18       1.56412e-18
 203.0000000       1.52206e-18       1.52206e-18
 203.1000000       1.48200e-18       1.48200e-18
 203.2000000       1.45391e-18       1.45391e-18
 203.3000000       1.42782e-18       1.42782e-18
 203.4000000       1.40173e-18       1.40173e-18
 203.5000000       1.37564e-18       1.37564e-18
 203.6000000       1.34955e-18       1.34955e-18
 203.7000000       1.32345e-18       1.32345e-18
 203.8000000       1.29736e-18       1.29736e-18
 203.9000000       1.27127e-18       1.27127e-18
 204.0000000       1.24518e-18       1.24518e-18
 204.1000000       1.21909e-18       1.21909e-18
 204.2000000       1.19300e-18       1.19300e-18
 204.3000000       1.16691e-18       1.16691e-18
 204.4000000       1.14082e-18       1.14082e-18
 204.5000000       1.11473e-18       1.11473e-18
 204.6000000       1.08864e-18       1.08864e-18
 204.7000000       1.06255e-18       1.06255e-18
 204.8000000       1.03645e-18       1.03645e-18
 204.9000000       1.01036e-18       1.01036e-18
 205.0000000       9.84273e-19       9.84273e-19
 205.1000000       9.58182e-19       9.58182e-19
 205.2000000       9.32091e-19       9.32091e-19
 205.3000000       9.09053e-19       9.09053e-19
 205.4000000       9.04333e-19       9.04333e-19
 205.5000000       9.02667e-19       9.02667e-19
 205.6000000       9.01000e-19       9.01000e-19
 205.7000000       8.99333e-19       8.99333e-19
 205.8000000       8.97667e-19       8.97667e-19
 205.9000000       8.95754e-19       8.95754e-19
 206.0000000       8.92364e-19       8.92364e-19
 206.1000000       8.88727e-19       8.88727e-19
 206.2000000       8.85091e-19       8.85091e-19
 206.3000000       8.81455e-19       8.81455e-19
 206.4000000       8.77818e-19       8.77818e-19
 206.5000000       8.74182e-19       8.74182e-19
 206.6000000       8.70545e-19       8.70545e-19
 206.7000000       8.66909e-19       8.66909e-19
 206.8000000       8.63273e-19       8.63273e-19
 206.9000000       8.59636e-19       8.59636e-19
 207.0000000       8.56000e-19       8.56000e-19
 207.1000000       8.52364e-19       8.52364e-19
 207.2000000       8.48727e-19       8.48727e-19
 207.3000000       8.45091e-19       8.45091e-19
 207.4000000       8.41455e-19       8.41455e-19
 207.5000000       8.37818e-19       8.37818e-19
 207.6000000       8.34182e-19       8.34182e-19
 207.7000000       8.30545e-19       8.30545e-19
 207.8000000       8.26909e-19       8.26909e-19
 207.9000000       8.23273e-19       8.23273e-19
 208.0000000       8.19636e-19       8.19636e-19
 208.1000000       8.16000e-19       8.16000e-19
 208.2000000       8.12364e-19       8.12364e-19
 208.3000000       8.08727e-19       8.08727e-19
 208.4000000       8.05091e-19       8.05091e-19
 208.5000000       8.01455e-19       8.01455e-19
 208.6000000       7.97818e-19       7.97818e-19
 208.7000000       7.94182e-19       7.94182e-19
 208.8000000       7.90545e-19       7.90545e-19
 208.9000000       7.86909e-19       7.86909e-19
 209.0000000       7.83273e-19       7.83273e-19
 209.1000000       7.79636e-19       7.79636e-19
 209.2000000       7.76000e-19       7.76000e-19
 209.3000000       7.72364e-19       7.72364e-19
 209.4000000       7.68727e-19       7.68727e-19
 209.5000000       7.65091e-19       7.65091e-19
 209.6000000       7.61455e-19       7.61455e-19
 209.7000000       7.57818e-19       7.57818e-19
 209.8000000       7.54182e-19       7.54182e-19
 209.9000000       7.50545e-19       7.50545e-19
 210.0000000       7.46909e-19       7.46909e-19
 210.1000000       7.43273e-19       7.43273e-19
 210.2000000       7.39636e-19       7.39636e-19
 210.3000000       7.37005e-19       7.37005e-19
 210.4000000       7.40400e-19       7.40400e-19
 210.5000000       7.44800e-19       7.44800e-19
 210.6000000       7.49200e-19       7.49200e-19
 210.7000000       7.53600e-19       7.53600e-19
 210.8000000       7.58000e-19       7.58000e-19
 210.9000000       7.62400e-19       7.62400e-19
 211.0000000       7.66800e-19       7.66800e-19
 211.1000000       7.71200e-19       7.71200e-19
 211.2000000       7.75600e-19       7.75600e-19
 211.3000000       7.80000e-19       7.80000e-19
 211.4000000       7.84400e-19       7.84400e-19
 211.5000000       7.88800e-19       7.88800e-19
 211.6000000       7.93200e-19       7.93200e-19
 211.7000000       7.97600e-19       7.97600e-19
 211.8000000       8.02000e-19       8.02000e-19
 211.9000000       8.06400e-19       8.06400e-19
 212.0000000       8.10800e-19       8.10800e-19
 212.1000000       8.15200e-19       8.15200e-19
 212.2000000       8.19600e-19       8.19600e-19
 212.3000000       8.24000e-19       8.24000e-19
 212.4000000       8.28400e-19       8.28400e-19
 212.5000000       8.32800e-19       8.32800e-19
 212.6000000       8.37200e-19       8.37200e-19
 212.7000000       8.41600e-19       8.41600e-19
 212.8000000       8.46000e-19       8.46000e-19
 212.9000000       8.50400e-19       8.50400e-19
 213.0000000       8.54800e-19       8.54800e-19
 213.1000000       8.59200e-19       8.59200e-19
 213.2000000       8.63600e-19       8.63600e-19
 213.3000000       8.68000e-19       8.68000e-19
 213.4000000       8.72400e-19       8.72400e-19
 213.5000000       8.76800e-19       8.76800e-19
 213.6000000       8.81200e-19       8.81200e-19
 213.7000000       8.85600e-19       8.85600e-19
 213.8000000       8.90000e-19       8.90000e-19
 213.9000000       8.94400e-19       8.94400e-19
 214.0000000       8.98800e-19       8.98800e-19
 214.1000000       9.03200e-19       9.03200e-19
 214.2000000       9.07600e-19       9.07600e-19
 214.3000000       9.12000e-19       9.12000e-19
 214.4000000       9.16400e-19       9.16400e-19
 214.5000000       9.20800e-19       9.20800e-19
 214.6000000       9.25200e-19       9.25200e-19
 214.7000000       9.29600e-19       9.29600e-19
 214.8000000       9.34000e-19       9.34000e-19
 214.9000000       9.38400e-19       9.38400e-19
 215.0000000       9.42800e-19       9.42800e-19
 215.1000000       9.47200e-19       9.47200e-19
 215.2000000       9.51600e-19       9.51600e-19
 215.3000000       9.56000e-19       9.56000e-19
 215.4000000       9.60400e-19       9.60400e-19
 215.5000000       9.64800e-19       9.64800e-19
 215.6000000       9.69200e-19       9.69200e-19
 215.7000000       9.73600e-19       9.73600e-19
 215.8000000       9.78000e-19       9.78000e-19
 215.9000000       9.82400e-19       9.82400e-19
 216.0000000       9.86800e-19       9.86800e-19
 216.1000000       9.91200e-19       9.91200e-19
 216.2000000       9.95600e-19       9.95600e-19
 216.3000000       9.96653e-19       9.96653e-19
 216.4000000       9.77625e-19       9.77625e-19
 216.5000000       9.55250e-19       9.55250e-19
 216.6000000       9.32875e-19       9.32875e-19
 216.7000000       9.10500e-19       9.10500e-19
 216.8000000       8.88125e-19       8.88125e-19
 216.9000000       8.65750e-19       8.65750e-19
 217.0000000       8.43375e-19       8.43375e-19
 217.1000000       8.21000e-19       8.21000e-19
 217.2000000       7.98625e-19       7.98625e-19
 217.3000000       7.76250e-19       7.76250e-19
 217.4000000       7.53875e-19       7.53875e-19
 217.5000000       7.31500e-19       7.31500e-19
 217.6000000       7.09125e-19       7.09125e-19
 217.7000000       6.86750e-19       6.86750e-19
 217.8000000       6.64375e-19       6.64375e-19
 217.9000000       6.42000e-19       6.42000e-19
 218.0000000       6.19625e-19       6.19625e-19
 218.1000000       5.97250e-19       5.97250e-19
 218.2000000       5.74875e-19       5.74875e-19
 218.3000000       5.52500e-19       5.52500e-19
 218.4000000       5.30125e-19       5.30125e-19
 218.5000000       5.07750e-19       5.07750e-19
 218.6000000       4.85375e-19       4.85375e-19
 218.7000000       4.67714e-19       4.67714e-19
 218.8000000       4.78338e-19       4.78338e-19
 218.9000000       4.93677e-19       4.93677e-19
 219.0000000       5.09015e-19       5.09015e-19
 219.1000000       5.24354e-19       5.24354e-19
 219.2000000       5.39692e-19       5.39692e-19
 219.3000000       5.55031e-19       5.55031e-19
 219.4000000       5.70369e-19       5.70369e-19
 219.5000000       5.85708e-19       5.85708e-19
 219.6000000       6.01046e-19       6.01046e-19
 219.7000000       6.16385e-19       6.16385e-19
 219.8000000       6.31723e-19       6.31723e-19
 219.9000000       6.47062e-19       6.47062e-19
 220.0000000       6.62400e-19       6.62400e-19
 220.1000000       6.77738e-19       6.77738e-19
 220.2000000       6.93077e-19       6.93077e-19
 220.3000000       7.08415e-19       7.08415e-19
 220.4000000       7.23754e-19       7.23754e-19
 220.5000000       7.39092e-19       7.39092e-19
 220.6000000       7.54431e-19       7.54431e-19
 220.7000000       7.69769e-19       7.69769e-19
 220.8000000       7.85108e-19       7.85108e-19
 220.9000000       8.00446e-19       8.00446e-19
 221.0000000       8.15785e-19       8.15785e-19
 221.1000000       8.31123e-19       8.31123e-19
 221.2000000       8.46462e-19       8.46462e-19
 221.3000000       8.61800e-19       8.61800e-19
 221.4000000       8.77138e-19       8.77138e-19
 221.5000000       8.92477e-19       8.92477e-19
 221.6000000       9.07815e-19       9.07815e-19
 221.7000000       9.23154e-19       9.23154e-19
 221.8000000       9.38492e-19       9.38492e-19
 221.9000000       9.53831e-19       9.53831e-19
 222.0000000       9.69169e-19       9.69169e-19
 222.1000000       9.84508e-19       9.84508e-19
 222.2000000       9.99846e-19       9.99846e-19
 222.3000000       1.01518e-18       1.01518e-18
 222.4000000       1.03052e-18       1.03052e-18
 222.5000000       1.04586e-18       1.04586e-18
 222.6000000       1.06120e-18       1.06120e-18
 222.7000000       1.07654e-18       1.07654e-18
 222.8000000       1.09188e-18       1.09188e-18
 222.9000000       1.10722e-18       1.10722e-18
 223.0000000       1.12255e-18       1.12255e-18
 223.1000000       1.13789e-18       1.13789e-18
 223.2000000       1.15323e-18       1.15323e-18
 223.3000000       1.16857e-18       1.16857e-18
 223.4000000       1.18391e-18       1.18391e-18
 223.5000000       1.19925e-18       1.19925e-18
 223.6000000       1.21458e-18       1.21458e-18
 223.7000000       1.22992e-18       1.22992e-18
 223.8000000       1.24526e-18       1.24526e-18
 223.9000000       1.26060e-18       1.26060e-18
 224.0000000       1.27594e-18       1.27594e-18
 224.1000000       1.29128e-18       1.29128e-18
 224.2000000       1.30662e-18       1.30662e-18
 224.3000000       1.32195e-18       1.32195e-18
 224.4000000       1.33729e-18       1.33729e-18
 224.5000000       1.35263e-18       1.35263e-18
 224.6000000       1.36797e-18       1.36797e-18
 224.7000000       1.38331e-18       1.38331e-18
 224.8000000       1.39865e-18       1.39865e-18
 224.9000000       1.41398e-18       1.41398e-18
 225.0000000       1.42932e-18       1.42932e-18
 225.1000000       1.44466e-18       1.44466e-18
 225.2000000       1.46688e-18       1.46688e-18
 225.3000000       1.53038e-18       1.53038e-18
 225.4000000       1.60077e-18       1.60077e-18
 225.5000000       1.67115e-18       1.67115e-18
 225.6000000       1.74154e-18       1.74154e-18
 225.7000000       1.81192e-18       1.81192e-18
 225.8000000       1.88231e-18       1.88231e-18
 225.9000000       1.95269e-18       1.95269e-18
 226.0000000       2.02308e-18       2.02308e-18
 226.1000000       2.09346e-18       2.09346e-18
 226.2000000       2.16385e-18       2.16385e-18
 226.3000000       2.23423e-18       2.23423e-18
 226.4000000       2.30462e-18       2.30462e-18
 226.5000000       2.37500e-18       2.37500e-18
 226.6000000       2.44538e-18       2.44538e-18
 226.7000000       2.51577e-18       2.51577e-18
 226.8000000       2.58615e-18       2.58615e-18
 226.9000000       2.65654e-18       2.65654e-18
 227.0000000       2.72692e-18       2.72692e-18
 227.1000000       2.79731e-18       2.79731e-18
 227.2000000       2.86769e-18       2.86769e-18
 227.3000000       2.93808e-18       2.93808e-18
 227.4000000       3.00846e-18       3.00846e-18
 227.5000000       3.07885e-18       3.07885e-18
 227.6000000       3.14923e-18       3.14923e-18
 227.7000000       3.21962e-18       3.21962e-18
 227.8000000       3.29000e-18       3.29000e-18
 227.9000000       3.36038e-18       3.36038e-18
 228.0000000       3.43077e-18       3.43077e-18
 228.1000000       3.50115e-18       3.50115e-18
 228.2000000       3.57154e-18       3.57154e-18
 228.3000000       3.64192e-18       3.64192e-18
 228.4000000       3.71231e-18       3.71231e-18
 228.5000000       3.78269e-18       3.78269e-18
 228.6000000       3.85308e-18       3.85308e-18
 228.7000000       3.92346e-18       3.92346e-18
 228.8000000       3.99385e-18       3.99385e-18
 228.9000000       4.06423e-18       4.06423e-18
 229.0000000       4.13462e-18       4.13462e-18
 229.1000000       4.20500e-18       4.20500e-18
 229.2000000       4.27538e-18       4.27538e-18
 229.3000000       4.34577e-18       4.34577e-18
 229.4000000       4.41615e-18       4.41615e-18
 229.5000000       4.48654e-18       4.48654e-18
 229.6000000       4.55692e-18       4.55692e-18
 229.7000000       4.62731e-18       4.62731e-18
 229.8000000       4.69769e-18       4.69769e-18
 229.9000000       4.76808e-18       4.76808e-18
 230.0000000       4.83846e-18       4.83846e-18
 230.1000000       4.90885e-18       4.90885e-18
 230.2000000       4.97923e-18       4.97923e-18
 230.3000000       5.04962e-18       5.04962e-18
 230.4000000       5.17917e-18       5.17917e-18
 230.5000000       5.66375e-18       5.66375e-18
 230.6000000       6.20750e-18       6.20750e-18
 230.7000000       6.75125e-18       6.75125e-18
 230.8000000       7.29500e-18       7.29500e-18
 230.9000000       7.83875e-18       7.83875e-18
 231.0000000       8.38250e-18       8.38250e-18
 231.1000000       8.92625e-18       8.92625e-18
 231.2000000       9.40440e-18       9.40440e-18
 231.3000000       9.48893e-18       9.48893e-18
 231.4000000       9.50786e-18       9.50786e-18
 231.5000000       9.52679e-18       9.52679e-18
 231.6000000       9.54571e-18       9.54571e-18
 231.7000000       9.56464e-18       9.56464e-18
 231.8000000       9.58357e-18       9.58357e-18
 231.9000000       9.60250e-18       9.60250e-18
 232.0000000       9.62143e-18       9.62143e-18
 232.1000000       9.64036e-18       9.64036e-18
 232.2000000       9.65929e-18       9.65929e-18
 232.3000000       9.67821e-18       9.67821e-18
 232.4000000       9.69714e-18       9.69714e-18
 232.5000000       9.71607e-18       9.71607e-18
 232.6000000       9.73500e-18       9.73500e-18
 232.7000000       9.75393e-18       9.75393e-18
 232.8000000       9.77286e-18       9.77286e-18
 232.9000000       9.79179e-18       9.79179e-18
 233.0000000       9.81071e-18       9.81071e-18
 233.1000000       9.82964e-18       9.82964e-18
 233.2000000       9.84857e-18       9.84857e-18
 233.3000000       9.86750e-18       9.86750e-18
 233.4000000       9.88643e-18       9.88643e-18
 233.5000000       9.90536e-18       9.90536e-18
 233.6000000       9.92429e-18       9.92429e-18
 233.7000000       9.94321e-18       9.94321e-18
 233.8000000       9.96214e-18       9.96214e-18
 233.9000000       9.98107e-18       9.98107e-18
 234.0000000       9.98506e-18       9.98506e-18
 234.1000000       9.89944e-18       9.89944e-18
 234.2000000       9.79889e-18       9.79889e-18
 234.3000000       9.69833e-18       9.69833e-18
 234.4000000       9.59778e-18       9.59778e-18
 234.5000000       9.49722e-18       9.49722e-18
 234.6000000       9.39667e-18       9.39667e-18
 234.7000000       9.29611e-18       9.29611e-18
 234.8000000       9.19556e-18       9.19556e-18
 234.9000000       9.09500e-18       9.09500e-18
 235.0000000       8.99444e-18       8.99444e-18
 235.1000000       8.89389e-18       8.89389e-18
 235.2000000       8.79333e-18       8.79333e-18
 235.3000000       8.69278e-18       8.69278e-18
 235.4000000       8.59222e-18       8.59222e-18
 235.5000000       8.49167e-18       8.49167e-18
 235.6000000       8.39111e-18       8.39111e-18
 235.7000000       8.29056e-18       8.29056e-18
 235.8000000       8.19000e-18       8.19000e-18
 235.9000000       8.08944e-18       8.08944e-18
 236.0000000       7.98889e-18       7.98889e-18
 236.1000000       7.88833e-18       7.88833e-18
 236.2000000       7.78778e-18       7.78778e-18
 236.3000000       7.68722e-18       7.68722e-18
 236.4000000       7.58667e-18       7.58667e-18
 236.5000000       7.48611e-18       7.48611e-18
 236.6000000       7.38556e-18       7.38556e-18
 236.7000000       7.28500e-18       7.28500e-18
 236.8000000       7.18444e-18       7.18444e-18
 236.9000000       7.08389e-18       7.08389e-18
 237.0000000       6.98333e-18       6.98333e-18
 237.1000000       6.88278e-18       6.88278e-18
 237.2000000       6.78222e-18       6.78222e-18
 237.3000000       6.68167e-18       6.68167e-18
 237.4000000       6.58111e-18       6.58111e-18
 237.5000000       6.48056e-18       6.48056e-18
 237.6000000       6.39375e-18       6.39375e-18
 237.7000000       6.38947e-18       6.38947e-18
 237.8000000       6.39895e-18       6.39895e-18
 237.9000000       6.40842e-18       6.40842e-18
 238.0000000       6.41789e-18       6.41789e-18
 238.1000000       6.42737e-18       6.42737e-18
 238.2000000       6.43684e-18       6.43684e-18
 238.3000000       6.44632e-18       6.44632e-18
 238.4000000       6.45579e-18       6.45579e-18
 238.5000000       6.46526e-18       6.46526e-18
 238.6000000       6.47474e-18       6.47474e-18
 238.7000000       6.48421e-18       6.48421e-18
 238.8000000       6.49368e-18       6.49368e-18
 238.9000000       6.50316e-18       6.50316e-18
 239.0000000       6.51263e-18       6.51263e-18
 239.1000000       6.52211e-18       6.52211e-18
 239.2000000       6.53158e-18       6.53158e-18
 239.3000000       6.54105e-18       6.54105e-18
 239.4000000       6.55053e-18       6.55053e-18
 239.5000000       6.56000e-18       6.56000e-18
 239.6000000       6.56947e-18       6.56947e-18
 239.7000000       6.57895e-18       6.57895e-18
 239.8000000       6.58842e-18       6.58842e-18
 239.9000000       6.59789e-18       6.59789e-18
 240.0000000       6.60737e-18       6.60737e-18
 240.1000000       6.61684e-18       6.61684e-18
 240.2000000       6.62632e-18       6.62632e-18
 240.3000000       6.63579e-18       6.63579e-18
 240.4000000       6.64526e-18       6.64526e-18
 240.5000000       6.65474e-18       6.65474e-18
 240.6000000       6.66421e-18       6.66421e-18
 240.7000000       6.67368e-18       6.67368e-18
 240.8000000       6.68316e-18       6.68316e-18
 240.9000000       6.69263e-18       6.69263e-18
 241.0000000       6.70211e-18       6.70211e-18
 241.1000000       6.71158e-18       6.71158e-18
 241.2000000       6.72105e-18       6.72105e-18
 241.3000000       6.73053e-18       6.73053e-18
 241.4000000       6.72908e-18       6.72908e-18
 241.5000000       6.66214e-18       6.66214e-18
 241.6000000       6.58429e-18       6.58429e-18
 241.7000000       6.50643e-18       6.50643e-18
 241.8000000       6.42857e-18       6.42857e-18
 241.9000000       6.35071e-18       6.35071e-18
 242.0000000       6.27286e-18       6.27286e-18
 242.1000000       6.19500e-18       6.19500e-18
 242.2000000       6.11714e-18       6.11714e-18
 242.3000000       6.03929e-18       6.03929e-18
 242.4000000       5.96143e-18       5.96143e-18
 242.5000000       5.88357e-18       5.88357e-18
 242.6000000       5.80571e-18       5.80571e-18
 242.7000000       5.72786e-18       5.72786e-18
 242.8000000       5.65000e-18       5.65000e-18
 242.9000000       5.57214e-18       5.57214e-18
 243.0000000       5.49429e-18       5.49429e-18
 243.1000000       5.41643e-18       5.41643e-18
 243.2000000       5.33857e-18       5.33857e-18
 243.3000000       5.26071e-18       5.26071e-18
 243.4000000       5.18286e-18       5.18286e-18
 243.5000000       5.10500e-18       5.10500e-18
 243.6000000       5.02714e-18       5.02714e-18
 243.7000000       4.94929e-18       4.94929e-18
 243.8000000       4.87143e-18       4.87143e-18
 243.9000000       4.79357e-18       4.79357e-18
 244.0000000       4.71571e-18       4.71571e-18
 244.1000000       4.63786e-18       4.63786e-18
 244.2000000       4.56000e-18       4.56000e-18
 244.3000000       4.48214e-18       4.48214e-18
 244.4000000       4.40429e-18       4.40429e-18
 244.5000000       4.32643e-18       4.32643e-18
 244.6000000       4.24857e-18       4.24857e-18
 244.7000000       4.17071e-18       4.17071e-18
 244.8000000       4.09286e-18       4.09286e-18
 244.9000000       4.01500e-18       4.01500e-18
 245.0000000       3.93714e-18       3.93714e-18
 245.1000000       3.85929e-18       3.85929e-18
 245.2000000       3.78143e-18       3.78143e-18
 245.3000000       3.70357e-18       3.70357e-18
 245.4000000       3.62571e-18       3.62571e-18
 245.5000000       3.54786e-18       3.54786e-18
 245.6000000       3.47000e-18       3.47000e-18
 245.7000000       3.39214e-18       3.39214e-18
 245.8000000       3.31429e-18       3.31429e-18
 245.9000000       3.23643e-18       3.23643e-18
 246.0000000       3.15857e-18       3.15857e-18
 246.1000000       3.08071e-18       3.08071e-18
 246.2000000       3.00286e-18       3.00286e-18
 246.3000000       2.92500e-18       2.92500e-18
 246.4000000       2.84714e-18       2.84714e-18
 246.5000000       2.76929e-18       2.76929e-18
 246.6000000       2.69143e-18       2.69143e-18
 246.7000000       2.61357e-18       2.61357e-18
 246.8000000       2.53571e-18       2.53571e-18
 246.9000000       2.45786e-18       2.45786e-18
 247.0000000       2.38000e-18       2.38000e-18
 247.1000000       2.30214e-18       2.30214e-18
 247.2000000       2.22429e-18       2.22429e-18
 247.3000000       2.14643e-18       2.14643e-18
 247.4000000       2.06857e-18       2.06857e-18
 247.5000000       1.99071e-18       1.99071e-18
 247.6000000       1.91286e-18       1.91286e-18
 247.7000000       1.83500e-18       1.83500e-18
 247.8000000       1.75714e-18       1.75714e-18
 247.9000000       1.67929e-18       1.67929e-18
 248.0000000       1.60143e-18       1.60143e-18
 248.1000000       1.52357e-18       1.52357e-18
 248.2000000       1.44571e-18       1.44571e-18
 248.3000000       1.36786e-18       1.36786e-18
 248.4000000       1.30450e-18       1.30450e-18
 248.5000000       1.32812e-18       1.32812e-18
 248.6000000       1.36625e-18       1.36625e-18
 248.7000000       1.40437e-18       1.40437e-18
 248.8000000       1.44250e-18       1.44250e-18
 248.9000000       1.48062e-18       1.48062e-18
 249.0000000       1.51875e-18       1.51875e-18
 249.1000000       1.55687e-18       1.55687e-18
 249.2000000       1.59500e-18       1.59500e-18
 249.3000000       1.63312e-18       1.63312e-18
 249.4000000       1.67125e-18       1.67125e-18
 249.5000000       1.70937e-18       1.70937e-18
 249.6000000       1.74750e-18       1.74750e-18
 249.7000000       1.78562e-18       1.78562e-18
 249.8000000       1.82375e-18       1.82375e-18
 249.9000000       1.86187e-18       1.86187e-18
 250.0000000       1.90000e-18       1.90000e-18
 250.1000000       1.93812e-18       1.93812e-18
 250.2000000       1.97625e-18       1.97625e-18
 250.3000000       2.01437e-18       2.01437e-18
 250.4000000       2.05250e-18       2.05250e-18
 250.5000000       2.09062e-18       2.09062e-18
 250.6000000       2.12875e-18       2.12875e-18
 250.7000000       2.16687e-18       2.16687e-18
 250.8000000       2.20500e-18       2.20500e-18
 250.9000000       2.24312e-18       2.24312e-18
 251.0000000       2.28125e-18       2.28125e-18
 251.1000000       2.31937e-18       2.31937e-18
 251.2000000       2.35750e-18       2.35750e-18
 251.3000000       2.39562e-18       2.39562e-18
 251.4000000       2.43375e-18       2.43375e-18
 251.5000000       2.47187e-18       2.47187e-18
 251.6000000       2.51199e-18       2.51199e-18
 251.7000000       2.56406e-18       2.56406e-18
 251.8000000       2.61812e-18       2.61812e-18
 251.9000000       2.67219e-18       2.67219e-18
 252.0000000       2.72625e-18       2.72625e-18
 252.1000000       2.78031e-18       2.78031e-18
 252.2000000       2.83437e-18       2.83437e-18
 252.3000000       2.88844e-18       2.88844e-18
 252.4000000       2.94250e-18       2.94250e-18
 252.5000000       2.99656e-18       2.99656e-18
 252.6000000       3.05062e-18       3.05062e-18
 252.7000000       3.10469e-18       3.10469e-18
 252.8000000       3.15875e-18       3.15875e-18
 252.9000000       3.21281e-18       3.21281e-18
 253.0000000       3.26687e-18       3.26687e-18
 253.1000000       3.32094e-18       3.32094e-18
 253.2000000       3.37500e-18       3.37500e-18
 253.3000000       3.42906e-18       3.42906e-18
 253.4000000       3.48312e-18       3.48312e-18
 253.5000000       3.53719e-18       3.53719e-18
 253.6000000       3.59125e-18       3.59125e-18
 253.7000000       3.64531e-18       3.64531e-18
 253.8000000       3.69937e-18       3.69937e-18
 253.9000000       3.75344e-18       3.75344e-18
 254.0000000       3.80750e-18       3.80750e-18
 254.1000000       3.86156e-18       3.86156e-18
 254.2000000       3.91562e-18       3.91562e-18
 254.3000000       3.96969e-18       3.96969e-18
 254.4000000       4.02375e-18       4.02375e-18
 254.5000000       4.07781e-18       4.07781e-18
 254.6000000       4.13187e-18       4.13187e-18
 254.7000000       4.18594e-18       4.18594e-18
 254.8000000       4.23345e-18       4.23345e-18
 254.9000000       4.24167e-18       4.24167e-18
 255.0000000       4.24333e-18       4.24333e-18
 255.1000000       4.24500e-18       4.24500e-18
 255.2000000       4.24667e-18       4.24667e-18
 255.3000000       4.24833e-18       4.24833e-18
 255.4000000       4.25000e-18       4.25000e-18
 255.5000000       4.25167e-18       4.25167e-18
 255.6000000       4.25333e-18       4.25333e-18
 255.7000000       4.25500e-18       4.25500e-18
 255.8000000       4.25667e-18       4.25667e-18
 255.9000000       4.25833e-18       4.25833e-18
 256.0000000       4.26000e-18       4.26000e-18
 256.1000000       4.26167e-18       4.26167e-18
 256.2000000       4.26333e-18       4.26333e-18
 256.3000000       4.26500e-18       4.26500e-18
 256.4000000       4.26667e-18       4.26667e-18
 256.5000000       4.26833e-18       4.26833e-18
 256.6000000       4.27000e-18       4.27000e-18
 256.7000000       4.27167e-18       4.27167e-18
 256.8000000       4.27333e-18       4.27333e-18
 256.9000000       4.27500e-18       4.27500e-18
 257.0000000       4.27667e-18       4.27667e-18
 257.1000000       4.27833e-18       4.27833e-18
 257.2000000       4.28000e-18       4.28000e-18
 257.3000000       4.28167e-18       4.28167e-18
 257.4000000       4.28333e-18       4.28333e-18
 257.5000000       4.28500e-18       4.28500e-18
 257.6000000       4.28667e-18       4.28667e-18
 257.7000000       4.28833e-18       4.28833e-18
 257.8000000       4.29000e-18       4.29000e-18
 257.9000000       4.29167e-18       4.29167e-18
 258.0000000       4.29333e-18       4.29333e-18
 258.1000000       4.29500e-18       4.29500e-18
 258.2000000       4.29667e-18       4.29667e-18
 258.3000000       4.29833e-18       4.29833e-18
 258.4000000       4.30000e-18       4.30000e-18
 258.5000000       4.30167e-18       4.30167e-18
 258.6000000       4.30333e-18       4.30333e-18
 258.7000000       4.30500e-18       4.30500e-18
 258.8000000       4.30667e-18       4.30667e-18
 258.9000000       4.30833e-18       4.30833e-18
 259.0000000       4.31000e-18       4.31000e-18
 259.1000000       4.31167e-18       4.31167e-18
 259.2000000       4.31333e-18       4.31333e-18
 259.3000000       4.31500e-18       4.31500e-18
 259.4000000       4.31667e-18       4.31667e-18
 259.5000000       4.31833e-18       4.31833e-18
 259.6000000       4.32000e-18       4.32000e-18
 259.7000000       4.32167e-18       4.32167e-18
 259.8000000       4.32333e-18       4.32333e-18
 259.9000000       4.32500e-18       4.32500e-18
 260.0000000       4.32667e-18       4.32667e-18
 260.1000000       4.32833e-18       4.32833e-18
 260.2000000       4.32579e-18       4.32579e-18
 260.3000000       4.29802e-18       4.29802e-18
 260.4000000       4.26605e-18       4.26605e-18
 260.5000000       4.23407e-18       4.23407e-18
 260.6000000       4.20210e-18       4.20210e-18
 260.7000000       4.17012e-18       4.17012e-18
 260.8000000       4.13815e-18       4.13815e-18
 260.9000000       4.10617e-18       4.10617e-18
 261.0000000       4.07420e-18       4.07420e-18
 261.1000000       4.04222e-18       4.04222e-18
 261.2000000       4.01025e-18       4.01025e-18
 261.3000000       3.97827e-18       3.97827e-18
 261.4000000       3.94630e-18       3.94630e-18
 261.5000000       3.91432e-18       3.91432e-18
 261.6000000       3.88235e-18       3.88235e-18
 261.7000000       3.85037e-18       3.85037e-18
 261.8000000       3.81840e-18       3.81840e-18
 261.9000000       3.78642e-18       3.78642e-18
 262.0000000       3.75444e-18       3.75444e-18
 262.1000000       3.72247e-18       3.72247e-18
 262.2000000       3.69049e-18       3.69049e-18
 262.3000000       3.65852e-18       3.65852e-18
 262.4000000       3.62654e-18       3.62654e-18
 262.5000000       3.59457e-18       3.59457e-18
 262.6000000       3.56259e-18       3.56259e-18
 262.7000000       3.53062e-18       3.53062e-18
 262.8000000       3.49864e-18       3.49864e-18
 262.9000000       3.46667e-18       3.46667e-18
 263.0000000       3.43469e-18       3.43469e-18
 263.1000000       3.40272e-18       3.40272e-18
 263.2000000       3.37074e-18       3.37074e-18
 263.3000000       3.33877e-18       3.33877e-18
 263.4000000       3.30679e-18       3.30679e-18
 263.5000000       3.27481e-18       3.27481e-18
 263.6000000       3.24284e-18       3.24284e-18
 263.7000000       3.21086e-18       3.21086e-18
 263.8000000       3.17889e-18       3.17889e-18
 263.9000000       3.14691e-18       3.14691e-18
 264.0000000       3.11494e-18       3.11494e-18
 264.1000000       3.08296e-18       3.08296e-18
 264.2000000       3.05099e-18       3.05099e-18
 264.3000000       3.01901e-18       3.01901e-18
 264.4000000       2.98704e-18       2.98704e-18
 264.5000000       2.95506e-18       2.95506e-18
 264.6000000       2.92309e-18       2.92309e-18
 264.7000000       2.89111e-18       2.89111e-18
 264.8000000       2.85914e-18       2.85914e-18
 264.9000000       2.82716e-18       2.82716e-18
 265.0000000       2.79519e-18       2.79519e-18
 265.1000000       2.76321e-18       2.76321e-18
 265.2000000       2.73123e-18       2.73123e-18
 265.3000000       2.69926e-18       2.69926e-18
 265.4000000       2.66728e-18       2.66728e-18
 265.5000000       2.63531e-18       2.63531e-18
 265.6000000       2.60333e-18       2.60333e-18
 265.7000000       2.57136e-18       2.57136e-18
 265.8000000       2.53938e-18       2.53938e-18
 265.9000000       2.50741e-18       2.50741e-18
 266.0000000       2.47543e-18       2.47543e-18
 266.1000000       2.44346e-18       2.44346e-18
 266.2000000       2.41148e-18       2.41148e-18
 266.3000000       2.37951e-18       2.37951e-18
 266.4000000       2.34753e-18       2.34753e-18
 266.5000000       2.31556e-18       2.31556e-18
 266.6000000       2.28358e-18       2.28358e-18
 266.7000000       2.25160e-18       2.25160e-18
 266.8000000       2.21963e-18       2.21963e-18
 266.9000000       2.18765e-18       2.18765e-18
 267.0000000       2.15568e-18       2.15568e-18
 267.1000000       2.12370e-18       2.12370e-18
 267.2000000       2.09173e-18       2.09173e-18
 267.3000000       2.05975e-18       2.05975e-18
 267.4000000       2.02778e-18       2.02778e-18
 267.5000000       1.99580e-18       1.99580e-18
 267.6000000       1.96383e-18       1.96383e-18
 267.7000000       1.93185e-18       1.93185e-18
 267.8000000       1.89988e-18       1.89988e-18
 267.9000000       1.86790e-18       1.86790e-18
 268.0000000       1.83593e-18       1.83593e-18
 268.1000000       1.80395e-18       1.80395e-18
 268.2000000       1.77198e-18       1.77198e-18
 268.3000000       1.74207e-18       1.74207e-18
 268.4000000       1.72460e-18       1.72460e-18
 268.5000000       1.70920e-18       1.70920e-18
 268.6000000       1.69379e-18       1.69379e-18
 268.7000000       1.67839e-18       1.67839e-18
 268.8000000       1.66299e-18       1.66299e-18
 268.9000000       1.64759e-18       1.64759e-18
 269.0000000       1.63218e-18       1.63218e-18
 269.1000000       1.61678e-18       1.61678e-18
 269.2000000       1.60138e-18       1.60138e-18
 269.3000000       1.58598e-18       1.58598e-18
 269.4000000       1.57057e-18       1.57057e-18
 269.5000000       1.55517e-18       1.55517e-18
 269.6000000       1.53977e-18       1.53977e-18
 269.7000000       1.52437e-18       1.52437e-18
 269.8000000       1.50897e-18       1.50897e-18
 269.9000000       1.49356e-18       1.49356e-18
 270.0000000       1.47816e-18       1.47816e-18
 270.1000000       1.46276e-18       1.46276e-18
 270.2000000       1.44736e-18       1.44736e-18
 270.3000000       1.43195e-18       1.43195e-18
 270.4000000       1.41655e-18       1.41655e-18
 270.5000000       1.40115e-18       1.40115e-18
 270.6000000       1.38575e-18       1.38575e-18
 270.7000000       1.37034e-18       1.37034e-18
 270.8000000       1.35494e-18       1.35494e-18
 270.9000000       1.33954e-18       1.33954e-18
 271.0000000       1.32414e-18       1.32414e-18
 271.1000000       1.30874e-18       1.30874e-18
 271.2000000       1.29333e-18       1.29333e-18
 271.3000000       1.27793e-18       1.27793e-18
 271.4000000       1.26253e-18       1.26253e-18
 271.5000000       1.24713e-18       1.24713e-18
 271.6000000       1.23172e-18       1.23172e-18
 271.7000000       1.21632e-18       1.21632e-18
 271.8000000       1.20092e-18       1.20092e-18
 271.9000000       1.18552e-18       1.18552e-18
 272.0000000       1.17011e-18       1.17011e-18
 272.1000000       1.15471e-18       1.15471e-18
 272.2000000       1.13931e-18       1.13931e-18
 272.3000000       1.12391e-18       1.12391e-18
 272.4000000       1.10851e-18       1.10851e-18
 272.5000000       1.09310e-18       1.09310e-18
 272.6000000       1.07770e-18       1.07770e-18
 272.7000000       1.06230e-18       1.06230e-18
 272.8000000       1.04690e-18       1.04690e-18
 272.9000000       1.03149e-18       1.03149e-18
 273.0000000       1.01609e-18       1.01609e-18
 273.1000000       1.00069e-18       1.00069e-18
 273.2000000       9.85287e-19       9.85287e-19
 273.3000000       9.69885e-19       9.69885e-19
 273.4000000       9.54483e-19       9.54483e-19
 273.5000000       9.39080e-19       9.39080e-19
 273.6000000       9.23678e-19       9.23678e-19
 273.7000000       9.08276e-19       9.08276e-19
 273.8000000       8.92874e-19       8.92874e-19
 273.9000000       8.77471e-19       8.77471e-19
 274.0000000       8.62069e-19       8.62069e-19
 274.1000000       8.46667e-19       8.46667e-19
 274.2000000       8.31264e-19       8.31264e-19
 274.3000000       8.15862e-19       8.15862e-19
 274.4000000       8.00460e-19       8.00460e-19
 274.5000000       7.85057e-19       7.85057e-19
 274.6000000       7.69655e-19       7.69655e-19
 274.7000000       7.54253e-19       7.54253e-19
 274.8000000       7.38851e-19       7.38851e-19
 274.9000000       7.23448e-19       7.23448e-19
 275.0000000       7.08046e-19       7.08046e-19
 275.1000000       6.92644e-19       6.92644e-19
 275.2000000       6.77241e-19       6.77241e-19
 275.3000000       6.61839e-19       6.61839e-19
 275.4000000       6.46437e-19       6.46437e-19
 275.5000000       6.31034e-19       6.31034e-19
 275.6000000       6.15632e-19       6.15632e-19
 275.7000000       6.00230e-19       6.00230e-19
 275.8000000       5.84828e-19       5.84828e-19
 275.9000000       5.69425e-19       5.69425e-19
 276.0000000       5.54023e-19       5.54023e-19
 276.1000000       5.38621e-19       5.38621e-19
 276.2000000       5.23218e-19       5.23218e-19
 276.3000000       5.07816e-19       5.07816e-19
 276.4000000       4.92414e-19       4.92414e-19
 276.5000000       4.77011e-19       4.77011e-19
 276.6000000       4.61609e-19       4.61609e-19
 276.7000000       4.46207e-19       4.46207e-19
 276.8000000       4.30805e-19       4.30805e-19
 276.9000000       4.15402e-19       4.15402e-19
 277.0000000       4.01457e-19       4.01457e-19
 277.1000000       3.96250e-19       3.96250e-19
 277.2000000       3.92500e-19       3.92500e-19
 277.3000000       3.88750e-19       3.88750e-19
 277.4000000       3.85000e-19       3.85000e-19
 277.5000000       3.81250e-19       3.81250e-19
 277.6000000       3.77500e-19       3.77500e-19
 277.7000000       3.73750e-19       3.73750e-19
 277.8000000       3.70000e-19       3.70000e-19
 277.9000000       3.66250e-19       3.66250e-19
 278.0000000       3.62500e-19       3.62500e-19
 278.1000000       3.58750e-19       3.58750e-19
 278.2000000       3.55000e-19       3.55000e-19
 278.3000000       3.51250e-19       3.51250e-19
 278.4000000       3.47500e-19       3.47500e-19
 278.5000000       3.43750e-19       3.43750e-19
 278.6000000       3.40000e-19       3.40000e-19
 278.7000000       3.36250e-19       3.36250e-19
 278.8000000       3.32500e-19       3.32500e-19
 278.9000000       3.28750e-19       3.28750e-19
 279.0000000       3.25000e-19       3.25000e-19
 279.1000000       3.21250e-19       3.21250e-19
 279.2000000       3.17500e-19       3.17500e-19
 279.3000000       3.13750e-19       3.13750e-19
 279.4000000       3.10000e-19       3.10000e-19
 279.5000000       3.06250e-19       3.06250e-19
 279.6000000       3.02500e-19       3.02500e-19
 279.7000000       2.98750e-19       2.98750e-19
 279.8000000       2.95000e-19       2.95000e-19
 279.9000000       2.91250e-19       2.91250e-19
 280.0000000       2.87500e-19       2.87500e-19
 280.1000000       2.83750e-19       2.83750e-19
 280.2000000       2.80000e-19       2.80000e-19
 280.3000000       2.76250e-19       2.76250e-19
 280.4000000       2.72500e-19       2.72500e-19
 280.5000000       2.68750e-19       2.68750e-19
 280.6000000       2.65000e-19       2.65000e-19
 280.7000000       2.61250e-19       2.61250e-19
 280.8000000       2.57500e-19       2.57500e-19
 280.9000000       2.53750e-19       2.53750e-19
 281.0000000       2.50000e-19       2.50000e-19
 281.1000000       2.46250e-19       2.46250e-19
 281.2000000       2.42500e-19       2.42500e-19
 281.3000000       2.38750e-19       2.38750e-19
 281.4000000       2.35000e-19       2.35000e-19
 281.5000000       2.31250e-19       2.31250e-19
 281.6000000       2.27500e-19       2.27500e-19
 281.7000000       2.23750e-19       2.23750e-19
 281.8000000       2.20000e-19       2.20000e-19
 281.9000000       2.16250e-19       2.16250e-19
 282.0000000       2.12500e-19       2.12500e-19
 282.1000000       2.08750e-19       2.08750e-19
 282.2000000       2.05000e-19       2.05000e-19
 282.3000000       2.01250e-19       2.01250e-19
 282.4000000       1.97500e-19       1.97500e-19
 282.5000000       1.93750e-19       1.93750e-19
 282.6000000       1.90000e-19       1.90000e-19
 282.7000000       1.86250e-19       1.86250e-19
 282.8000000       1.82500e-19       1.82500e-19
 282.9000000       1.78750e-19       1.78750e-19
 283.0000000       1.75000e-19       1.75000e-19
 283.1000000       1.71250e-19       1.71250e-19
 283.2000000       1.67500e-19       1.67500e-19
 283.3000000       1.63750e-19       1.63750e-19
 283.4000000       1.60000e-19       1.60000e-19
 283.5000000       1.56250e-19       1.56250e-19
 283.6000000       1.52500e-19       1.52500e-19
 283.7000000       1.48750e-19       1.48750e-19
 283.8000000       1.45000e-19       1.45000e-19
 283.9000000       1.41250e-19       1.41250e-19
 284.0000000       1.37500e-19       1.37500e-19
 284.1000000       1.33750e-19       1.33750e-19
 284.2000000       1.30000e-19       1.30000e-19
 284.3000000       1.26250e-19       1.26250e-19
 284.4000000       1.22500e-19       1.22500e-19
 284.5000000       1.18750e-19       1.18750e-19
 284.6000000       1.15000e-19       1.15000e-19
 284.7000000       1.11250e-19       1.11250e-19
 284.8000000       1.07500e-19       1.07500e-19
 284.9000000       1.03750e-19       1.03750e-19
 285.0000000       1.00377e-19       1.00377e-19
 285.1000000       9.92647e-20       9.92647e-20
 285.2000000       9.85294e-20       9.85294e-20
 285.3000000       9.77941e-20       9.77941e-20
 285.4000000       9.70588e-20       9.70588e-20
 285.5000000       9.63235e-20       9.63235e-20
 285.6000000       9.55882e-20       9.55882e-20
 285.7000000       9.48529e-20       9.48529e-20
 285.8000000       9.41176e-20       9.41176e-20
 285.9000000       9.33824e-20       9.33824e-20
 286.0000000       9.26471e-20       9.26471e-20
 286.1000000       9.19118e-20       9.19118e-20
 286.2000000       9.11765e-20       9.11765e-20
 286.3000000       9.04412e-20       9.04412e-20
 286.4000000       8.97059e-20       8.97059e-20
 286.5000000       8.89706e-20       8.89706e-20
 286.6000000       8.82353e-20       8.82353e-20
 286.7000000       8.75000e-20       8.75000e-20
 286.8000000       8.67647e-20       8.67647e-20
 286.9000000       8.60294e-20       8.60294e-20
 287.0000000       8.52941e-20       8.52941e-20
 287.1000000       8.45588e-20       8.45588e-20
 287.2000000       8.38235e-20       8.38235e-20
 287.3000000       8.30882e-20       8.30882e-20
 287.4000000       8.23529e-20       8.23529e-20
 287.5000000       8.16176e-20       8.16176e-20
 287.6000000       8.08824e-20       8.08824e-20
 287.7000000       8.01471e-20       8.01471e-20
 287.8000000       7.94118e-20       7.94118e-20
 287.9000000       7.86765e-20       7.86765e-20
 288.0000000       7.79412e-20       7.79412e-20
 288.1000000       7.72059e-20       7.72059e-20
 288.2000000       7.64706e-20       7.64706e-20
 288.3000000       7.57353e-20       7.57353e-20
 288.4000000       7.50000e-20       7.50000e-20
 288.5000000       7.42647e-20       7.42647e-20
 288.6000000       7.35294e-20       7.35294e-20
 288.7000000       7.27941e-20       7.27941e-20
 288.8000000       7.20588e-20       7.20588e-20
 288.9000000       7.13235e-20       7.13235e-20
 289.0000000       7.05882e-20       7.05882e-20
 289.1000000       6.98529e-20       6.98529e-20
 289.2000000       6.91176e-20       6.91176e-20
 289.3000000       6.83824e-20       6.83824e-20
 289.4000000       6.76471e-20       6.76471e-20
 289.5000000       6.69118e-20       6.69118e-20
 289.6000000       6.61765e-20       6.61765e-20
 289.7000000       6.54412e-20       6.54412e-20
 289.8000000       6.47059e-20       6.47059e-20
 289.9000000       6.39706e-20       6.39706e-20
 290.0000000       6.32353e-20       6.32353e-20
 290.1000000       6.25000e-20       6.25000e-20
 290.2000000       6.17647e-20       6.17647e-20
 290.3000000       6.10294e-20       6.10294e-20
 290.4000000       6.02941e-20       6.02941e-20
 290.5000000       5.95588e-20       5.95588e-20
 290.6000000       5.88235e-20       5.88235e-20
 290.7000000       5.80882e-20       5.80882e-20
 290.8000000       5.73529e-20       5.73529e-20
 290.9000000       5.66176e-20       5.66176e-20
 291.0000000       5.58824e-20       5.58824e-20
 291.1000000       5.51471e-20       5.51471e-20
 291.2000000       5.44118e-20       5.44118e-20
 291.3000000       5.36765e-20       5.36765e-20
 291.4000000       5.29412e-20       5.29412e-20
 291.5000000       5.22059e-20       5.22059e-20
 291.6000000       5.14706e-20       5.14706e-20
 291.7000000       5.09191e-20       5.09191e-20
