# b'NH2CHO cross sections\nAlan Heays 2015-09-30\nReference: gingell1997, leach2010\nphotoabsorption   -- Photoabsorption cross section (cm2)\nphotodissociation -- Photodissociation cross section (cm2)\nphotoionisation   -- Photoionisation cross section (cm2)'
# 
# wavelength   photoabsorption photodissociation   photoionisation
  80.1000000       8.10381e-17       0.00000e+00       8.10381e-17
  80.2000000       8.06131e-17       0.00000e+00       8.06131e-17
  80.3000000       8.01130e-17       0.00000e+00       8.01130e-17
  80.4000000       7.96165e-17       0.00000e+00       7.96165e-17
  80.5000000       7.90458e-17       0.00000e+00       7.90458e-17
  80.6000000       7.84250e-17       0.00000e+00       7.84250e-17
  80.7000000       7.80937e-17       0.00000e+00       7.80937e-17
  80.8000000       7.80419e-17       0.00000e+00       7.80419e-17
  80.9000000       7.76495e-17       0.00000e+00       7.76495e-17
  81.0000000       7.69084e-17       0.00000e+00       7.69084e-17
  81.1000000       7.59906e-17       0.00000e+00       7.59906e-17
  81.2000000       7.50430e-17       0.00000e+00       7.50430e-17
  81.3000000       7.42278e-17       0.00000e+00       7.42278e-17
  81.4000000       7.33745e-17       0.00000e+00       7.33745e-17
  81.5000000       7.22367e-17       0.00000e+00       7.22367e-17
  81.6000000       7.09662e-17       0.00000e+00       7.09662e-17
  81.7000000       7.00762e-17       0.00000e+00       7.00762e-17
  81.8000000       6.93145e-17       0.00000e+00       6.93145e-17
  81.9000000       6.85004e-17       0.00000e+00       6.85004e-17
  82.0000000       6.76116e-17       0.00000e+00       6.76116e-17
  82.1000000       6.66279e-17       0.00000e+00       6.66279e-17
  82.2000000       6.56174e-17       0.00000e+00       6.56174e-17
  82.3000000       6.48636e-17       0.00000e+00       6.48636e-17
  82.4000000       6.43074e-17       0.00000e+00       6.43074e-17
  82.5000000       6.40343e-17       0.00000e+00       6.40343e-17
  82.6000000       6.39565e-17       0.00000e+00       6.39565e-17
  82.7000000       6.39773e-17       0.00000e+00       6.39773e-17
  82.8000000       6.38728e-17       0.00000e+00       6.38728e-17
  82.9000000       6.33139e-17       0.00000e+00       6.33139e-17
  83.0000000       6.22333e-17       0.00000e+00       6.22333e-17
  83.1000000       6.11244e-17       0.00000e+00       6.11244e-17
  83.2000000       6.00449e-17       0.00000e+00       6.00449e-17
  83.3000000       5.87750e-17       0.00000e+00       5.87750e-17
  83.4000000       5.76263e-17       0.00000e+00       5.76263e-17
  83.5000000       5.65351e-17       0.00000e+00       5.65351e-17
  83.6000000       5.52883e-17       0.00000e+00       5.52883e-17
  83.7000000       5.44124e-17       0.00000e+00       5.44124e-17
  83.8000000       5.36543e-17       0.00000e+00       5.36543e-17
  83.9000000       5.28746e-17       0.00000e+00       5.28746e-17
  84.0000000       5.20386e-17       0.00000e+00       5.20386e-17
  84.1000000       5.11260e-17       0.00000e+00       5.11260e-17
  84.2000000       5.01761e-17       0.00000e+00       5.01761e-17
  84.3000000       4.91851e-17       0.00000e+00       4.91851e-17
  84.4000000       4.81799e-17       0.00000e+00       4.81799e-17
  84.5000000       4.72990e-17       0.00000e+00       4.72990e-17
  84.6000000       4.65732e-17       0.00000e+00       4.65732e-17
  84.7000000       4.59312e-17       0.00000e+00       4.59312e-17
  84.8000000       4.53766e-17       0.00000e+00       4.53766e-17
  84.9000000       4.48958e-17       0.00000e+00       4.48958e-17
  85.0000000       4.44263e-17       0.00000e+00       4.44263e-17
  85.1000000       4.39229e-17       0.00000e+00       4.39229e-17
  85.2000000       4.33878e-17       0.00000e+00       4.33878e-17
  85.3000000       4.28648e-17       0.00000e+00       4.28648e-17
  85.4000000       4.24544e-17       0.00000e+00       4.24544e-17
  85.5000000       4.20815e-17       0.00000e+00       4.20815e-17
  85.6000000       4.17154e-17       0.00000e+00       4.17154e-17
  85.7000000       4.12999e-17       0.00000e+00       4.12999e-17
  85.8000000       4.08805e-17       0.00000e+00       4.08805e-17
  85.9000000       4.05123e-17       0.00000e+00       4.05123e-17
  86.0000000       4.02822e-17       0.00000e+00       4.02822e-17
  86.1000000       4.00720e-17       0.00000e+00       4.00720e-17
  86.2000000       3.98532e-17       0.00000e+00       3.98532e-17
  86.3000000       3.95947e-17       0.00000e+00       3.95947e-17
  86.4000000       3.93080e-17       0.00000e+00       3.93080e-17
  86.5000000       3.90272e-17       0.00000e+00       3.90272e-17
  86.6000000       3.87935e-17       0.00000e+00       3.87935e-17
  86.7000000       3.86019e-17       0.00000e+00       3.86019e-17
  86.8000000       3.84184e-17       0.00000e+00       3.84184e-17
  86.9000000       3.82554e-17       0.00000e+00       3.82554e-17
  87.0000000       3.81256e-17       0.00000e+00       3.81256e-17
  87.1000000       3.79961e-17       0.00000e+00       3.79961e-17
  87.2000000       3.78527e-17       0.00000e+00       3.78527e-17
  87.3000000       3.76759e-17       0.00000e+00       3.76759e-17
  87.4000000       3.74945e-17       0.00000e+00       3.74945e-17
  87.5000000       3.73483e-17       0.00000e+00       3.73483e-17
  87.6000000       3.72004e-17       0.00000e+00       3.72004e-17
  87.7000000       3.70571e-17       0.00000e+00       3.70571e-17
  87.8000000       3.69347e-17       0.00000e+00       3.69347e-17
  87.9000000       3.69338e-17       0.00000e+00       3.69338e-17
  88.0000000       3.70263e-17       0.00000e+00       3.70263e-17
  88.1000000       3.71637e-17       0.00000e+00       3.71637e-17
  88.2000000       3.72865e-17       0.00000e+00       3.72865e-17
  88.3000000       3.73916e-17       0.00000e+00       3.73916e-17
  88.4000000       3.74945e-17       0.00000e+00       3.74945e-17
  88.5000000       3.76010e-17       0.00000e+00       3.76010e-17
  88.6000000       3.79006e-17       1.98836e-19       3.77018e-17
  88.7000000       3.80703e-17       3.08490e-19       3.77618e-17
  88.8000000       3.73340e-17       3.57418e-21       3.73305e-17
  88.9000000       3.81953e-17       1.19644e-19       3.80757e-17
  89.0000000       3.84903e-17       2.10926e-19       3.82793e-17
  89.1000000       3.83994e-17       6.74945e-21       3.83926e-17
  89.2000000       3.85993e-17       0.00000e+00       3.85993e-17
  89.3000000       3.83167e-17       3.90079e-22       3.83163e-17
  89.4000000       3.94509e-17       1.63646e-20       3.94345e-17
  89.5000000       3.94955e-17       4.79787e-21       3.94907e-17
  89.6000000       3.93883e-17       0.00000e+00       3.93883e-17
  89.7000000       3.92346e-17       4.65759e-22       3.92341e-17
  89.8000000       3.93561e-17       1.66954e-20       3.93394e-17
  89.9000000       3.95161e-17       3.82581e-20       3.94779e-17
  90.0000000       3.95098e-17       4.26279e-20       3.94672e-17
  90.1000000       3.89585e-17       0.00000e+00       3.89585e-17
  90.2000000       3.96221e-17       3.17269e-19       3.93049e-17
  90.3000000       4.05941e-17       5.03465e-19       4.00906e-17
  90.4000000       4.02593e-17       7.25899e-20       4.01867e-17
  90.5000000       4.01840e-17       1.66855e-20       4.01673e-17
  90.6000000       4.05189e-17       1.00894e-19       4.04180e-17
  90.7000000       4.07126e-17       6.17073e-20       4.06509e-17
  90.8000000       4.05756e-17       5.55415e-22       4.05750e-17
  90.9000000       4.02728e-17       0.00000e+00       4.02728e-17
  91.0000000       4.07891e-17       7.12712e-20       4.07178e-17
  91.1000000       4.15828e-17       7.61432e-19       4.08214e-17
  91.2000000       3.99056e-17       1.34364e-20       3.98922e-17
  91.3000000       4.01405e-17       0.00000e+00       4.01405e-17
  91.4000000       4.04253e-17       0.00000e+00       4.04253e-17
  91.5000000       4.08747e-17       0.00000e+00       4.08747e-17
  91.6000000       4.13515e-17       0.00000e+00       4.13515e-17
  91.7000000       4.10130e-17       0.00000e+00       4.10130e-17
  91.8000000       4.11377e-17       0.00000e+00       4.11377e-17
  91.9000000       4.15314e-17       0.00000e+00       4.15314e-17
  92.0000000       4.13682e-17       0.00000e+00       4.13682e-17
  92.1000000       4.11079e-17       0.00000e+00       4.11079e-17
  92.2000000       4.07795e-17       0.00000e+00       4.07795e-17
  92.3000000       4.06095e-17       0.00000e+00       4.06095e-17
  92.4000000       4.08787e-17       0.00000e+00       4.08787e-17
  92.5000000       4.16190e-17       1.79738e-21       4.16172e-17
  92.6000000       4.20805e-17       3.74878e-20       4.20430e-17
  92.7000000       4.22210e-17       2.71721e-19       4.19493e-17
  92.8000000       4.22939e-17       6.76898e-19       4.16170e-17
  92.9000000       4.23667e-17       1.08208e-18       4.12846e-17
  93.0000000       4.24395e-17       1.48725e-18       4.09523e-17
  93.1000000       4.25124e-17       1.89243e-18       4.06199e-17
  93.2000000       4.25761e-17       2.28759e-18       4.02885e-17
  93.3000000       4.19089e-17       1.90278e-18       4.00061e-17
  93.4000000       4.17245e-17       2.33093e-18       3.93936e-17
  93.5000000       4.12682e-17       2.63009e-18       3.86381e-17
  93.6000000       4.04923e-17       2.50589e-18       3.79865e-17
  93.7000000       4.05917e-17       3.13334e-18       3.74584e-17
  93.8000000       4.05407e-17       3.50882e-18       3.70319e-17
  93.9000000       3.99642e-17       3.20768e-18       3.67565e-17
  94.0000000       3.92868e-17       2.76614e-18       3.65206e-17
  94.1000000       4.03203e-17       4.06023e-18       3.62601e-17
  94.2000000       4.05273e-17       4.58079e-18       3.59465e-17
  94.3000000       3.88475e-17       3.24274e-18       3.56048e-17
  94.4000000       3.82343e-17       3.00103e-18       3.52332e-17
  94.5000000       3.82600e-17       3.40631e-18       3.48537e-17
  94.6000000       3.92375e-17       4.77285e-18       3.44646e-17
  94.7000000       3.84046e-17       4.36414e-18       3.40404e-17
  94.8000000       3.75410e-17       4.01843e-18       3.35225e-17
  94.9000000       3.72856e-17       4.28610e-18       3.29995e-17
  95.0000000       3.71104e-17       4.63159e-18       3.24788e-17
  95.1000000       3.72694e-17       5.22830e-18       3.20411e-17
  95.2000000       3.68793e-17       5.17762e-18       3.17017e-17
  95.3000000       3.67290e-17       5.37599e-18       3.13530e-17
  95.4000000       3.62807e-17       5.31888e-18       3.09618e-17
  95.5000000       3.56444e-17       5.08980e-18       3.05546e-17
  95.6000000       3.54325e-17       5.30004e-18       3.01325e-17
  95.7000000       3.51218e-17       5.43302e-18       2.96888e-17
  95.8000000       3.46832e-17       5.44722e-18       2.92360e-17
  95.9000000       3.41046e-17       5.31976e-18       2.87849e-17
  96.0000000       3.36442e-17       5.31814e-18       2.83260e-17
  96.1000000       3.32556e-17       5.38970e-18       2.78659e-17
  96.2000000       3.27358e-17       5.30368e-18       2.74321e-17
  96.3000000       3.22444e-17       5.22979e-18       2.70146e-17
  96.4000000       3.22781e-17       5.49385e-18       2.67842e-17
  96.5000000       3.19732e-17       5.37639e-18       2.65968e-17
  96.6000000       3.17304e-17       5.45670e-18       2.62737e-17
  96.7000000       3.15982e-17       5.66899e-18       2.59292e-17
  96.8000000       3.09161e-17       5.23009e-18       2.56860e-17
  96.9000000       3.00507e-17       4.55176e-18       2.54990e-17
  97.0000000       3.05701e-17       5.14884e-18       2.54212e-17
  97.1000000       3.13961e-17       6.01266e-18       2.53834e-17
  97.2000000       3.11662e-17       5.85131e-18       2.53149e-17
  97.3000000       3.02337e-17       5.12162e-18       2.51120e-17
  97.4000000       2.98071e-17       4.92760e-18       2.48795e-17
  97.5000000       2.96193e-17       4.97938e-18       2.46399e-17
  97.6000000       2.91522e-17       4.84347e-18       2.43088e-17
  97.7000000       2.86702e-17       4.72911e-18       2.39411e-17
  97.8000000       2.91809e-17       5.60300e-18       2.35779e-17
  97.9000000       2.82528e-17       4.96146e-18       2.32914e-17
  98.0000000       2.81807e-17       5.14189e-18       2.30388e-17
  98.1000000       2.84551e-17       5.66560e-18       2.27895e-17
  98.2000000       2.88098e-17       6.25436e-18       2.25555e-17
  98.3000000       2.94951e-17       7.11721e-18       2.23779e-17
  98.4000000       2.98370e-17       7.60907e-18       2.22279e-17
  98.5000000       2.97778e-17       7.69937e-18       2.20784e-17
  98.6000000       2.96093e-17       7.68291e-18       2.19264e-17
  98.7000000       2.94330e-17       7.68049e-18       2.17525e-17
  98.8000000       2.92549e-17       7.68115e-18       2.15738e-17
  98.9000000       2.91609e-17       7.75508e-18       2.14058e-17
  99.0000000       2.91425e-17       7.89495e-18       2.12475e-17
  99.1000000       2.91235e-17       8.03660e-18       2.10869e-17
  99.2000000       2.90700e-17       8.28735e-18       2.07826e-17
  99.3000000       2.87735e-17       8.30979e-18       2.04637e-17
  99.4000000       2.83490e-17       7.93479e-18       2.04142e-17
  99.5000000       2.82795e-17       7.86655e-18       2.04129e-17
  99.6000000       2.85141e-17       8.10111e-18       2.04130e-17
  99.7000000       2.87024e-17       8.29248e-18       2.04099e-17
  99.8000000       2.87616e-17       8.36131e-18       2.04003e-17
  99.9000000       2.88270e-17       8.44822e-18       2.03788e-17
 100.0000000       2.89093e-17       8.57159e-18       2.03377e-17
 100.1000000       2.89578e-17       8.73154e-18       2.02263e-17
 100.2000000       2.89635e-17       8.94925e-18       2.00143e-17
 100.3000000       2.90096e-17       9.22233e-18       1.97873e-17
 100.4000000       2.90105e-17       9.44980e-18       1.95607e-17
 100.5000000       2.86025e-17       9.24192e-18       1.93606e-17
 100.6000000       2.83788e-17       9.20957e-18       1.91692e-17
 100.7000000       2.85144e-17       9.53560e-18       1.89788e-17
 100.8000000       2.87441e-17       9.93938e-18       1.88047e-17
 100.9000000       2.90021e-17       1.03519e-17       1.86502e-17
 101.0000000       2.88689e-17       1.03579e-17       1.85110e-17
 101.1000000       2.86740e-17       1.02999e-17       1.83741e-17
 101.2000000       2.85418e-17       1.02990e-17       1.82428e-17
 101.3000000       2.88995e-17       1.07524e-17       1.81472e-17
 101.4000000       2.92611e-17       1.11974e-17       1.80637e-17
 101.5000000       2.90101e-17       1.10290e-17       1.79812e-17
 101.6000000       2.84364e-17       1.05561e-17       1.78803e-17
 101.7000000       2.81239e-17       1.03647e-17       1.77592e-17
 101.8000000       2.78883e-17       1.02727e-17       1.76155e-17
 101.9000000       2.77571e-17       1.03160e-17       1.74411e-17
 102.0000000       2.78796e-17       1.06109e-17       1.72688e-17
 102.1000000       2.76687e-17       1.05615e-17       1.71073e-17
 102.2000000       2.63514e-17       9.39391e-18       1.69575e-17
 102.3000000       2.66755e-17       9.85243e-18       1.68230e-17
 102.4000000       2.70051e-17       1.02985e-17       1.67066e-17
 102.5000000       2.69983e-17       1.04006e-17       1.65977e-17
 102.6000000       2.68806e-17       1.03840e-17       1.64966e-17
 102.7000000       2.67624e-17       1.03665e-17       1.63959e-17
 102.8000000       2.70390e-17       1.07492e-17       1.62898e-17
 102.9000000       2.69819e-17       1.07893e-17       1.61926e-17
 103.0000000       2.65561e-17       1.04529e-17       1.61032e-17
 103.1000000       2.61304e-17       1.01166e-17       1.60138e-17
 103.2000000       2.57046e-17       9.78023e-18       1.59244e-17
 103.3000000       2.53017e-17       9.45833e-18       1.58434e-17
 103.4000000       2.51829e-17       9.31610e-18       1.58668e-17
 103.5000000       2.53121e-17       9.35282e-18       1.59593e-17
 103.6000000       2.57243e-17       9.58008e-18       1.61442e-17
 103.7000000       2.59032e-17       9.55994e-18       1.63433e-17
 103.8000000       2.58932e-17       9.33184e-18       1.65614e-17
 103.9000000       2.58012e-17       9.07843e-18       1.67228e-17
 104.0000000       2.57468e-17       9.14152e-18       1.66053e-17
 104.1000000       2.56912e-17       9.24957e-18       1.64416e-17
 104.2000000       2.56905e-17       9.51232e-18       1.61782e-17
 104.3000000       2.62417e-17       1.03048e-17       1.59369e-17
 104.4000000       2.65638e-17       1.08563e-17       1.57075e-17
 104.5000000       2.70237e-17       1.15156e-17       1.55081e-17
 104.6000000       2.73814e-17       1.19061e-17       1.54753e-17
 104.7000000       2.76603e-17       1.21600e-17       1.55004e-17
 104.8000000       2.78126e-17       1.22871e-17       1.55254e-17
 104.9000000       2.77642e-17       1.22137e-17       1.55504e-17
 105.0000000       2.79994e-17       1.24937e-17       1.55057e-17
 105.1000000       2.82333e-17       1.28443e-17       1.53890e-17
 105.2000000       2.81597e-17       1.28968e-17       1.52630e-17
 105.3000000       2.81568e-17       1.30242e-17       1.51326e-17
 105.4000000       2.83013e-17       1.33080e-17       1.49933e-17
 105.5000000       2.84606e-17       1.36085e-17       1.48521e-17
 105.6000000       2.86560e-17       1.39506e-17       1.47053e-17
 105.7000000       2.88546e-17       1.42965e-17       1.45581e-17
 105.8000000       2.88593e-17       1.44169e-17       1.44424e-17
 105.9000000       2.85392e-17       1.41722e-17       1.43670e-17
 106.0000000       2.80683e-17       1.37753e-17       1.42931e-17
 106.1000000       2.76861e-17       1.34637e-17       1.42224e-17
 106.2000000       2.77311e-17       1.35745e-17       1.41566e-17
 106.3000000       2.77738e-17       1.36753e-17       1.40985e-17
 106.4000000       2.77419e-17       1.36917e-17       1.40501e-17
 106.5000000       2.77052e-17       1.37034e-17       1.40018e-17
 106.6000000       2.76669e-17       1.37134e-17       1.39535e-17
 106.7000000       2.76186e-17       1.37090e-17       1.39096e-17
 106.8000000       2.75042e-17       1.36085e-17       1.38957e-17
 106.9000000       2.73775e-17       1.34902e-17       1.38873e-17
 107.0000000       2.72517e-17       1.33729e-17       1.38788e-17
 107.1000000       2.72562e-17       1.33913e-17       1.38649e-17
 107.2000000       2.73524e-17       1.35052e-17       1.38472e-17
 107.3000000       2.71187e-17       1.33062e-17       1.38125e-17
 107.4000000       2.70499e-17       1.33004e-17       1.37494e-17
 107.5000000       2.73201e-17       1.36342e-17       1.36859e-17
 107.6000000       2.77437e-17       1.41213e-17       1.36223e-17
 107.7000000       2.78906e-17       1.43289e-17       1.35617e-17
 107.8000000       2.75458e-17       1.40118e-17       1.35340e-17
 107.9000000       2.69764e-17       1.33912e-17       1.35852e-17
 108.0000000       2.68043e-17       1.31337e-17       1.36707e-17
 108.1000000       2.66917e-17       1.29393e-17       1.37523e-17
 108.2000000       2.66399e-17       1.28652e-17       1.37746e-17
 108.3000000       2.66089e-17       1.28324e-17       1.37766e-17
 108.4000000       2.65780e-17       1.27995e-17       1.37785e-17
 108.5000000       2.65138e-17       1.27443e-17       1.37695e-17
 108.6000000       2.63921e-17       1.26511e-17       1.37410e-17
 108.7000000       2.63064e-17       1.26391e-17       1.36673e-17
 108.8000000       2.62452e-17       1.26813e-17       1.35639e-17
 108.9000000       2.61840e-17       1.27236e-17       1.34605e-17
 109.0000000       2.60773e-17       1.27068e-17       1.33705e-17
 109.1000000       2.57934e-17       1.24605e-17       1.33329e-17
 109.2000000       2.55132e-17       1.22019e-17       1.33113e-17
 109.3000000       2.52716e-17       1.19625e-17       1.33092e-17
 109.4000000       2.49656e-17       1.16581e-17       1.33074e-17
 109.5000000       2.47491e-17       1.14506e-17       1.32985e-17
 109.6000000       2.47684e-17       1.14910e-17       1.32774e-17
 109.7000000       2.47524e-17       1.14988e-17       1.32535e-17
 109.8000000       2.45181e-17       1.13026e-17       1.32155e-17
 109.9000000       2.43254e-17       1.11493e-17       1.31761e-17
 110.0000000       2.43367e-17       1.11981e-17       1.31387e-17
 110.1000000       2.43010e-17       1.11999e-17       1.31011e-17
 110.2000000       2.36031e-17       1.05421e-17       1.30610e-17
 110.3000000       2.33241e-17       1.03051e-17       1.30190e-17
 110.4000000       2.34696e-17       1.04933e-17       1.29763e-17
 110.5000000       2.36129e-17       1.06799e-17       1.29330e-17
 110.6000000       2.36235e-17       1.07687e-17       1.28549e-17
 110.7000000       2.35569e-17       1.08004e-17       1.27565e-17
 110.8000000       2.35165e-17       1.08765e-17       1.26400e-17
 110.9000000       2.35430e-17       1.10660e-17       1.24770e-17
 111.0000000       2.39351e-17       1.16162e-17       1.23190e-17
 111.1000000       2.44576e-17       1.22145e-17       1.22431e-17
 111.2000000       2.50308e-17       1.28272e-17       1.22036e-17
 111.3000000       2.50361e-17       1.28649e-17       1.21712e-17
 111.4000000       2.49660e-17       1.28272e-17       1.21388e-17
 111.5000000       2.48656e-17       1.27572e-17       1.21084e-17
 111.6000000       2.46241e-17       1.25366e-17       1.20875e-17
 111.7000000       2.43438e-17       1.22714e-17       1.20724e-17
 111.8000000       2.40044e-17       1.19343e-17       1.20702e-17
 111.9000000       2.38183e-17       1.17600e-17       1.20583e-17
 112.0000000       2.39220e-17       1.18948e-17       1.20272e-17
 112.1000000       2.40316e-17       1.20382e-17       1.19934e-17
 112.2000000       2.41374e-17       1.21990e-17       1.19383e-17
 112.3000000       2.42422e-17       1.23643e-17       1.18780e-17
 112.4000000       2.43401e-17       1.25268e-17       1.18133e-17
 112.5000000       2.43418e-17       1.26528e-17       1.16890e-17
 112.6000000       2.43416e-17       1.27968e-17       1.15448e-17
 112.7000000       2.45382e-17       1.31444e-17       1.13938e-17
 112.8000000       2.46802e-17       1.34161e-17       1.12641e-17
 112.9000000       2.44858e-17       1.32689e-17       1.12169e-17
 113.0000000       2.42095e-17       1.30339e-17       1.11755e-17
 113.1000000       2.37617e-17       1.26402e-17       1.11215e-17
 113.2000000       2.32188e-17       1.22135e-17       1.10054e-17
 113.3000000       2.30677e-17       1.21947e-17       1.08730e-17
 113.4000000       2.29325e-17       1.21920e-17       1.07406e-17
 113.5000000       2.27526e-17       1.21604e-17       1.05922e-17
 113.6000000       2.24103e-17       1.20185e-17       1.03918e-17
 113.7000000       2.22381e-17       1.19081e-17       1.03300e-17
 113.8000000       2.21465e-17       1.18426e-17       1.03039e-17
 113.9000000       2.22329e-17       1.20458e-17       1.01871e-17
 114.0000000       2.23604e-17       1.23110e-17       1.00494e-17
 114.1000000       2.24319e-17       1.25012e-17       9.93065e-18
 114.2000000       2.24189e-17       1.25785e-17       9.84038e-18
 114.3000000       2.24051e-17       1.26547e-17       9.75039e-18
 114.4000000       2.23912e-17       1.27310e-17       9.66026e-18
 114.5000000       2.23698e-17       1.28671e-17       9.50274e-18
 114.6000000       2.23398e-17       1.30506e-17       9.28922e-18
 114.7000000       2.21289e-17       1.30595e-17       9.06938e-18
 114.8000000       2.14850e-17       1.26163e-17       8.86865e-18
 114.9000000       2.01988e-17       1.14843e-17       8.71457e-18
 115.0000000       1.94414e-17       1.08938e-17       8.54759e-18
 115.1000000       1.93894e-17       1.10272e-17       8.36224e-18
 115.2000000       1.93403e-17       1.11635e-17       8.17681e-18
 115.3000000       1.92912e-17       1.12998e-17       7.99138e-18
 115.4000000       1.92546e-17       1.14497e-17       7.80488e-18
 115.5000000       1.92303e-17       1.16129e-17       7.61734e-18
 115.6000000       1.92059e-17       1.17761e-17       7.42980e-18
 115.7000000       1.91817e-17       1.19394e-17       7.24227e-18
 115.8000000       1.91776e-17       1.21205e-17       7.05716e-18
 115.9000000       1.91899e-17       1.23159e-17       6.87399e-18
 116.0000000       1.92021e-17       1.25113e-17       6.69083e-18
 116.1000000       1.92143e-17       1.27066e-17       6.50771e-18
 116.2000000       1.92124e-17       1.28801e-17       6.33227e-18
 116.3000000       1.92004e-17       1.30381e-17       6.16231e-18
 116.4000000       1.91884e-17       1.31960e-17       5.99236e-18
 116.5000000       1.91769e-17       1.33547e-17       5.82217e-18
 116.6000000       1.92451e-17       1.36339e-17       5.61117e-18
 116.7000000       1.93718e-17       1.40016e-17       5.37025e-18
 116.8000000       1.94946e-17       1.43592e-17       5.13542e-18
 116.9000000       1.95834e-17       1.46298e-17       4.95351e-18
 117.0000000       1.96642e-17       1.48803e-17       4.78385e-18
 117.1000000       1.97450e-17       1.51308e-17       4.61419e-18
 117.2000000       1.98074e-17       1.53375e-17       4.46991e-18
 117.3000000       1.98350e-17       1.54615e-17       4.37350e-18
 117.4000000       1.98617e-17       1.55835e-17       4.27821e-18
 117.5000000       1.98839e-17       1.57023e-17       4.18161e-18
 117.6000000       1.97624e-17       1.57190e-17       4.04345e-18
 117.7000000       1.95726e-17       1.56871e-17       3.88551e-18
 117.8000000       1.94774e-17       1.56978e-17       3.77964e-18
 117.9000000       1.95120e-17       1.57669e-17       3.74516e-18
 118.0000000       1.95434e-17       1.58336e-17       3.70983e-18
 118.1000000       1.94161e-17       1.57922e-17       3.62392e-18
 118.2000000       1.92180e-17       1.57039e-17       3.51414e-18
 118.3000000       1.91617e-17       1.57286e-17       3.43311e-18
 118.4000000       1.91487e-17       1.57878e-17       3.36084e-18
 118.5000000       1.91357e-17       1.58471e-17       3.28858e-18
 118.6000000       1.91753e-17       1.59987e-17       3.17655e-18
 118.7000000       1.93961e-17       1.64687e-17       2.92746e-18
 118.8000000       1.95823e-17       1.68851e-17       2.69721e-18
 118.9000000       1.96686e-17       1.71410e-17       2.52761e-18
 119.0000000       1.97334e-17       1.73729e-17       2.36048e-18
 119.1000000       1.96840e-17       1.74858e-17       2.19824e-18
 119.2000000       1.96153e-17       1.75785e-17       2.03682e-18
 119.3000000       1.95876e-17       1.76869e-17       1.90068e-18
 119.4000000       1.96828e-17       1.78426e-17       1.84022e-18
 119.5000000       1.97863e-17       1.80015e-17       1.78484e-18
 119.6000000       1.98732e-17       1.81475e-17       1.72578e-18
 119.7000000       1.98223e-17       1.81863e-17       1.63603e-18
 119.8000000       1.97403e-17       1.82007e-17       1.53958e-18
 119.9000000       1.96133e-17       1.81238e-17       1.48952e-18
 120.0000000       1.94510e-17       1.79753e-17       1.47575e-18
 120.1000000       1.92735e-17       1.78136e-17       1.45990e-18
 120.2000000       1.90493e-17       1.76116e-17       1.43771e-18
 120.3000000       1.88719e-17       1.74617e-17       1.41026e-18
 120.4000000       1.88070e-17       1.74350e-17       1.37198e-18
 120.5000000       1.87611e-17       1.74297e-17       1.33141e-18
 120.6000000       1.88596e-17       1.75871e-17       1.27253e-18
 120.7000000       1.89945e-17       1.77855e-17       1.20902e-18
 120.8000000       1.91039e-17       1.79605e-17       1.14345e-18
 120.9000000       1.90746e-17       1.80080e-17       1.06664e-18
 121.0000000       1.90243e-17       1.80362e-17       9.88130e-19
 121.1000000       1.89160e-17       1.80385e-17       8.77512e-19
 121.2000000       1.86073e-17       1.79513e-17       6.56011e-19
 121.3000000       1.83912e-17       1.79140e-17       4.77194e-19
 121.4000000       1.82327e-17       1.79069e-17       3.25752e-19
 121.5000000       1.82110e-17       1.80020e-17       2.09008e-19
 121.6000000       1.85378e-17       1.83578e-17       1.79976e-19
 121.7000000       1.89959e-17       1.88285e-17       1.67462e-19
 121.8000000       1.97006e-17       1.95338e-17       1.66811e-19
 121.9000000       2.01213e-17       1.99536e-17       1.67711e-19
 122.0000000       2.01522e-17       1.99824e-17       1.69806e-19
 122.1000000       1.97845e-17       1.96096e-17       1.74907e-19
 122.2000000       1.90979e-17       1.89211e-17       1.76788e-19
 122.3000000       1.85203e-17       1.83481e-17       1.72245e-19
 122.4000000       1.80021e-17       1.78337e-17       1.68348e-19
 122.5000000       1.79014e-17       1.77323e-17       1.69053e-19
 122.6000000       1.78819e-17       1.77113e-17       1.70653e-19
 122.7000000       1.78003e-17       1.76315e-17       1.68854e-19
 122.8000000       1.76541e-17       1.74906e-17       1.63521e-19
 122.9000000       1.74841e-17       1.73240e-17       1.60079e-19
 123.0000000       1.72909e-17       1.71325e-17       1.58460e-19
 123.1000000       1.70024e-17       1.68415e-17       1.60882e-19
 123.2000000       1.66220e-17       1.64548e-17       1.67191e-19
 123.3000000       1.62859e-17       1.61157e-17       1.70240e-19
 123.4000000       1.60369e-17       1.58672e-17       1.69751e-19
 123.5000000       1.60519e-17       1.58827e-17       1.69262e-19
 123.6000000       1.61927e-17       1.60243e-17       1.68385e-19
 123.7000000       1.63825e-17       1.62215e-17       1.60920e-19
 123.8000000       1.63309e-17       1.62177e-17       1.13187e-19
 123.9000000       1.62355e-17       1.61773e-17       5.81470e-20
 124.0000000       1.61185e-17       1.61100e-17       8.52141e-21
 124.1000000       1.58377e-17       1.58377e-17       0.00000e+00
 124.2000000       1.57726e-17       1.57726e-17       0.00000e+00
 124.3000000       1.61185e-17       1.61185e-17       0.00000e+00
 124.4000000       1.64527e-17       1.64527e-17       0.00000e+00
 124.5000000       1.62312e-17       1.62312e-17       0.00000e+00
 124.6000000       1.57152e-17       1.57152e-17       0.00000e+00
 124.7000000       1.57227e-17       1.57227e-17       0.00000e+00
 124.8000000       1.58546e-17       1.58546e-17       0.00000e+00
 124.9000000       1.58189e-17       1.58189e-17       0.00000e+00
 125.0000000       1.57251e-17       1.57251e-17       0.00000e+00
 125.1000000       1.56008e-17       1.56008e-17       0.00000e+00
 125.2000000       1.53957e-17       1.53957e-17       0.00000e+00
 125.3000000       1.52608e-17       1.52608e-17       0.00000e+00
 125.4000000       1.53806e-17       1.53806e-17       0.00000e+00
 125.5000000       1.54854e-17       1.54854e-17       0.00000e+00
 125.6000000       1.54401e-17       1.54401e-17       0.00000e+00
 125.7000000       1.53782e-17       1.53782e-17       0.00000e+00
 125.8000000       1.52999e-17       1.52999e-17       0.00000e+00
 125.9000000       1.51127e-17       1.51127e-17       0.00000e+00
 126.0000000       1.48879e-17       1.48879e-17       0.00000e+00
 126.1000000       1.44585e-17       1.44585e-17       0.00000e+00
 126.2000000       1.38540e-17       1.38540e-17       0.00000e+00
 126.3000000       1.35734e-17       1.35734e-17       0.00000e+00
 126.4000000       1.36087e-17       1.36087e-17       0.00000e+00
 126.5000000       1.37945e-17       1.37945e-17       0.00000e+00
 126.6000000       1.40538e-17       1.40538e-17       0.00000e+00
 126.7000000       1.43399e-17       1.43399e-17       0.00000e+00
 126.8000000       1.45096e-17       1.45096e-17       0.00000e+00
 126.9000000       1.41782e-17       1.41782e-17       0.00000e+00
 127.0000000       1.31739e-17       1.31739e-17       0.00000e+00
 127.1000000       1.21628e-17       1.21628e-17       0.00000e+00
 127.2000000       1.18536e-17       1.18536e-17       0.00000e+00
 127.3000000       1.19234e-17       1.19234e-17       0.00000e+00
 127.4000000       1.22807e-17       1.22807e-17       0.00000e+00
 127.5000000       1.26177e-17       1.26177e-17       0.00000e+00
 127.6000000       1.24411e-17       1.24411e-17       0.00000e+00
 127.7000000       1.19638e-17       1.19638e-17       0.00000e+00
 127.8000000       1.14706e-17       1.14706e-17       0.00000e+00
 127.9000000       1.14564e-17       1.14564e-17       0.00000e+00
 128.0000000       1.15577e-17       1.15577e-17       0.00000e+00
 128.1000000       1.16367e-17       1.16367e-17       0.00000e+00
 128.2000000       1.14067e-17       1.14067e-17       0.00000e+00
 128.3000000       1.12812e-17       1.12812e-17       0.00000e+00
 128.4000000       1.13256e-17       1.13256e-17       0.00000e+00
 128.5000000       1.14970e-17       1.14970e-17       0.00000e+00
 128.6000000       1.17826e-17       1.17826e-17       0.00000e+00
 128.7000000       1.16519e-17       1.16519e-17       0.00000e+00
 128.8000000       1.14915e-17       1.14915e-17       0.00000e+00
 128.9000000       1.12987e-17       1.12987e-17       0.00000e+00
 129.0000000       1.11194e-17       1.11194e-17       0.00000e+00
 129.1000000       1.11788e-17       1.11788e-17       0.00000e+00
 129.2000000       1.13133e-17       1.13133e-17       0.00000e+00
 129.3000000       1.15315e-17       1.15315e-17       0.00000e+00
 129.4000000       1.17588e-17       1.17588e-17       0.00000e+00
 129.5000000       1.17703e-17       1.17703e-17       0.00000e+00
 129.6000000       1.17283e-17       1.17283e-17       0.00000e+00
 129.7000000       1.13979e-17       1.13979e-17       0.00000e+00
 129.8000000       1.10974e-17       1.10974e-17       0.00000e+00
 129.9000000       1.08599e-17       1.08599e-17       0.00000e+00
 130.0000000       1.11213e-17       1.11213e-17       0.00000e+00
 130.1000000       1.18094e-17       1.18094e-17       0.00000e+00
 130.2000000       1.19194e-17       1.19194e-17       0.00000e+00
 130.3000000       1.14127e-17       1.14127e-17       0.00000e+00
 130.4000000       1.12840e-17       1.12840e-17       0.00000e+00
 130.5000000       1.14054e-17       1.14054e-17       0.00000e+00
 130.6000000       1.15216e-17       1.15216e-17       0.00000e+00
 130.7000000       1.15519e-17       1.15519e-17       0.00000e+00
 130.8000000       1.15519e-17       1.15519e-17       0.00000e+00
 130.9000000       1.16244e-17       1.16244e-17       0.00000e+00
 131.0000000       1.21705e-17       1.21705e-17       0.00000e+00
 131.1000000       1.26820e-17       1.26820e-17       0.00000e+00
 131.2000000       1.27758e-17       1.27758e-17       0.00000e+00
 131.3000000       1.27747e-17       1.27747e-17       0.00000e+00
 131.4000000       1.27237e-17       1.27237e-17       0.00000e+00
 131.5000000       1.26621e-17       1.26621e-17       0.00000e+00
 131.6000000       1.24375e-17       1.24375e-17       0.00000e+00
 131.7000000       1.21416e-17       1.21416e-17       0.00000e+00
 131.8000000       1.18208e-17       1.18208e-17       0.00000e+00
 131.9000000       1.18764e-17       1.18764e-17       0.00000e+00
 132.0000000       1.20919e-17       1.20919e-17       0.00000e+00
 132.1000000       1.24196e-17       1.24196e-17       0.00000e+00
 132.2000000       1.23786e-17       1.23786e-17       0.00000e+00
 132.3000000       1.21721e-17       1.21721e-17       0.00000e+00
 132.4000000       1.17722e-17       1.17722e-17       0.00000e+00
 132.5000000       1.14194e-17       1.14194e-17       0.00000e+00
 132.6000000       1.11815e-17       1.11815e-17       0.00000e+00
 132.7000000       1.11038e-17       1.11038e-17       0.00000e+00
 132.8000000       1.13457e-17       1.13457e-17       0.00000e+00
 132.9000000       1.19363e-17       1.19363e-17       0.00000e+00
 133.0000000       1.28358e-17       1.28358e-17       0.00000e+00
 133.1000000       1.41449e-17       1.41449e-17       0.00000e+00
 133.2000000       1.49035e-17       1.49035e-17       0.00000e+00
 133.3000000       1.46926e-17       1.46926e-17       0.00000e+00
 133.4000000       1.41319e-17       1.41319e-17       0.00000e+00
 133.5000000       1.38667e-17       1.38667e-17       0.00000e+00
 133.6000000       1.39598e-17       1.39598e-17       0.00000e+00
 133.7000000       1.42211e-17       1.42211e-17       0.00000e+00
 133.8000000       1.47782e-17       1.47782e-17       0.00000e+00
 133.9000000       1.55848e-17       1.55848e-17       0.00000e+00
 134.0000000       1.58907e-17       1.58907e-17       0.00000e+00
 134.1000000       1.58772e-17       1.58772e-17       0.00000e+00
 134.2000000       1.58636e-17       1.58636e-17       0.00000e+00
 134.3000000       1.57210e-17       1.57210e-17       0.00000e+00
 134.4000000       1.50102e-17       1.50102e-17       0.00000e+00
 134.5000000       1.43293e-17       1.43293e-17       0.00000e+00
 134.6000000       1.36766e-17       1.36766e-17       0.00000e+00
 134.7000000       1.30161e-17       1.30161e-17       0.00000e+00
 134.8000000       1.30380e-17       1.30380e-17       0.00000e+00
 134.9000000       1.33747e-17       1.33747e-17       0.00000e+00
 135.0000000       1.39476e-17       1.39476e-17       0.00000e+00
 135.1000000       1.47610e-17       1.47610e-17       0.00000e+00
 135.2000000       1.49750e-17       1.49750e-17       0.00000e+00
 135.3000000       1.48420e-17       1.48420e-17       0.00000e+00
 135.4000000       1.42509e-17       1.42509e-17       0.00000e+00
 135.5000000       1.36597e-17       1.36597e-17       0.00000e+00
 135.6000000       1.30903e-17       1.30903e-17       0.00000e+00
 135.7000000       1.27867e-17       1.27867e-17       0.00000e+00
 135.8000000       1.26220e-17       1.26220e-17       0.00000e+00
 135.9000000       1.27757e-17       1.27757e-17       0.00000e+00
 136.0000000       1.31212e-17       1.31212e-17       0.00000e+00
 136.1000000       1.35759e-17       1.35759e-17       0.00000e+00
 136.2000000       1.38008e-17       1.38008e-17       0.00000e+00
 136.3000000       1.37222e-17       1.37222e-17       0.00000e+00
 136.4000000       1.32529e-17       1.32529e-17       0.00000e+00
 136.5000000       1.27937e-17       1.27937e-17       0.00000e+00
 136.6000000       1.22691e-17       1.22691e-17       0.00000e+00
 136.7000000       1.19687e-17       1.19687e-17       0.00000e+00
 136.8000000       1.20182e-17       1.20182e-17       0.00000e+00
 136.9000000       1.22213e-17       1.22213e-17       0.00000e+00
 137.0000000       1.24749e-17       1.24749e-17       0.00000e+00
 137.1000000       1.30437e-17       1.30437e-17       0.00000e+00
 137.2000000       1.35179e-17       1.35179e-17       0.00000e+00
 137.3000000       1.33030e-17       1.33030e-17       0.00000e+00
 137.4000000       1.09270e-17       1.09270e-17       0.00000e+00
 137.5000000       1.05242e-17       1.05242e-17       0.00000e+00
 137.6000000       1.04392e-17       1.04392e-17       0.00000e+00
 137.7000000       1.02410e-17       1.02410e-17       0.00000e+00
 137.8000000       9.88909e-18       9.88909e-18       0.00000e+00
 137.9000000       9.52371e-18       9.52371e-18       0.00000e+00
 138.0000000       9.26884e-18       9.26884e-18       0.00000e+00
 138.1000000       9.03957e-18       9.03957e-18       0.00000e+00
 138.2000000       8.81091e-18       8.81091e-18       0.00000e+00
 138.3000000       8.61627e-18       8.61627e-18       0.00000e+00
 138.4000000       8.54946e-18       8.54946e-18       0.00000e+00
 138.5000000       8.49492e-18       8.49492e-18       0.00000e+00
 138.6000000       8.44038e-18       8.44038e-18       0.00000e+00
 138.7000000       8.39010e-18       8.39010e-18       0.00000e+00
 138.8000000       8.47744e-18       8.47744e-18       0.00000e+00
 138.9000000       8.64064e-18       8.64064e-18       0.00000e+00
 139.0000000       8.94349e-18       8.94349e-18       0.00000e+00
 139.1000000       9.54116e-18       9.54116e-18       0.00000e+00
 139.2000000       1.03401e-17       1.03401e-17       0.00000e+00
 139.3000000       1.05910e-17       1.05910e-17       0.00000e+00
 139.4000000       9.70595e-18       9.70595e-18       0.00000e+00
 139.5000000       8.54550e-18       8.54550e-18       0.00000e+00
 139.6000000       7.77893e-18       7.77893e-18       0.00000e+00
 139.7000000       7.75151e-18       7.75151e-18       0.00000e+00
 139.8000000       8.07486e-18       8.07486e-18       0.00000e+00
 139.9000000       8.51849e-18       8.51849e-18       0.00000e+00
 140.0000000       9.12553e-18       9.12553e-18       0.00000e+00
 140.1000000       9.52167e-18       9.52167e-18       0.00000e+00
 140.2000000       9.45767e-18       9.45767e-18       0.00000e+00
 140.3000000       9.04010e-18       9.04010e-18       0.00000e+00
 140.4000000       8.64863e-18       8.64863e-18       0.00000e+00
 140.5000000       8.57995e-18       8.57995e-18       0.00000e+00
 140.6000000       8.55028e-18       8.55028e-18       0.00000e+00
 140.7000000       8.50913e-18       8.50913e-18       0.00000e+00
 140.8000000       8.31338e-18       8.31338e-18       0.00000e+00
 140.9000000       8.07390e-18       8.07390e-18       0.00000e+00
 141.0000000       7.89230e-18       7.89230e-18       0.00000e+00
 141.1000000       7.72742e-18       7.72742e-18       0.00000e+00
 141.2000000       7.52089e-18       7.52089e-18       0.00000e+00
 141.3000000       7.21137e-18       7.21137e-18       0.00000e+00
 141.4000000       7.00208e-18       7.00208e-18       0.00000e+00
 141.5000000       6.81990e-18       6.81990e-18       0.00000e+00
 141.6000000       6.69537e-18       6.69537e-18       0.00000e+00
 141.7000000       6.71747e-18       6.71747e-18       0.00000e+00
 141.8000000       6.74680e-18       6.74680e-18       0.00000e+00
 141.9000000       6.78181e-18       6.78181e-18       0.00000e+00
 142.0000000       6.86047e-18       6.86047e-18       0.00000e+00
 142.1000000       6.94827e-18       6.94827e-18       0.00000e+00
 142.2000000       7.04025e-18       7.04025e-18       0.00000e+00
 142.3000000       7.39976e-18       7.39976e-18       0.00000e+00
 142.4000000       7.43279e-18       7.43279e-18       0.00000e+00
 142.5000000       7.51237e-18       7.51237e-18       0.00000e+00
 142.6000000       6.06887e-18       6.06887e-18       0.00000e+00
 142.7000000       5.63329e-18       5.63329e-18       0.00000e+00
 142.8000000       5.65798e-18       5.65798e-18       0.00000e+00
 142.9000000       5.81283e-18       5.81283e-18       0.00000e+00
 143.0000000       6.41464e-18       6.41464e-18       0.00000e+00
 143.1000000       7.31710e-18       7.31710e-18       0.00000e+00
 143.2000000       7.46993e-18       7.46993e-18       0.00000e+00
 143.3000000       7.07404e-18       7.07404e-18       0.00000e+00
 143.4000000       6.52128e-18       6.52128e-18       0.00000e+00
 143.5000000       6.34183e-18       6.34183e-18       0.00000e+00
 143.6000000       6.18247e-18       6.18247e-18       0.00000e+00
 143.7000000       6.09095e-18       6.09095e-18       0.00000e+00
 143.8000000       6.06733e-18       6.06733e-18       0.00000e+00
 143.9000000       6.22077e-18       6.22077e-18       0.00000e+00
 144.0000000       6.52535e-18       6.52535e-18       0.00000e+00
 144.1000000       6.61717e-18       6.61717e-18       0.00000e+00
 144.2000000       6.29332e-18       6.29332e-18       0.00000e+00
 144.3000000       5.74371e-18       5.74371e-18       0.00000e+00
 144.4000000       5.73845e-18       5.73845e-18       0.00000e+00
 144.5000000       5.92766e-18       5.92766e-18       0.00000e+00
 144.6000000       6.14008e-18       6.14008e-18       0.00000e+00
 144.7000000       6.18921e-18       6.18921e-18       0.00000e+00
 144.8000000       5.85942e-18       5.85942e-18       0.00000e+00
 144.9000000       5.51491e-18       5.51491e-18       0.00000e+00
 145.0000000       5.03617e-18       5.03617e-18       0.00000e+00
 145.1000000       4.83311e-18       4.83311e-18       0.00000e+00
 145.2000000       4.81328e-18       4.81328e-18       0.00000e+00
 145.3000000       4.79344e-18       4.79344e-18       0.00000e+00
 145.4000000       4.77361e-18       4.77361e-18       0.00000e+00
 145.5000000       4.75999e-18       4.75999e-18       0.00000e+00
 145.6000000       4.80501e-18       4.80501e-18       0.00000e+00
 145.7000000       4.86450e-18       4.86450e-18       0.00000e+00
 145.8000000       4.92400e-18       4.92400e-18       0.00000e+00
 145.9000000       4.98349e-18       4.98349e-18       0.00000e+00
 146.0000000       5.04745e-18       5.04745e-18       0.00000e+00
 146.1000000       5.13586e-18       5.13586e-18       0.00000e+00
 146.2000000       5.22799e-18       5.22799e-18       0.00000e+00
 146.3000000       5.32011e-18       5.32011e-18       0.00000e+00
 146.4000000       5.43366e-18       5.43366e-18       0.00000e+00
 146.5000000       5.83434e-18       5.83434e-18       0.00000e+00
 146.6000000       6.54822e-18       6.54822e-18       0.00000e+00
 146.7000000       6.82845e-18       6.82845e-18       0.00000e+00
 146.8000000       6.55809e-18       6.55809e-18       0.00000e+00
 146.9000000       5.88178e-18       5.88178e-18       0.00000e+00
 147.0000000       5.58511e-18       5.58511e-18       0.00000e+00
 147.1000000       5.38995e-18       5.38995e-18       0.00000e+00
 147.2000000       5.34872e-18       5.34872e-18       0.00000e+00
 147.3000000       5.37133e-18       5.37133e-18       0.00000e+00
 147.4000000       5.39393e-18       5.39393e-18       0.00000e+00
 147.5000000       5.41654e-18       5.41654e-18       0.00000e+00
 147.6000000       5.43914e-18       5.43914e-18       0.00000e+00
 147.7000000       5.46175e-18       5.46175e-18       0.00000e+00
 147.8000000       5.50341e-18       5.50341e-18       0.00000e+00
 147.9000000       5.58118e-18       5.58118e-18       0.00000e+00
 148.0000000       5.65981e-18       5.65981e-18       0.00000e+00
 148.1000000       5.73844e-18       5.73844e-18       0.00000e+00
 148.2000000       5.82707e-18       5.82707e-18       0.00000e+00
 148.3000000       5.97028e-18       5.97028e-18       0.00000e+00
 148.4000000       6.12174e-18       6.12174e-18       0.00000e+00
 148.5000000       6.28878e-18       6.28878e-18       0.00000e+00
 148.6000000       6.50872e-18       6.50872e-18       0.00000e+00
 148.7000000       6.74292e-18       6.74292e-18       0.00000e+00
 148.8000000       7.03629e-18       7.03629e-18       0.00000e+00
 148.9000000       7.33914e-18       7.33914e-18       0.00000e+00
 149.0000000       7.64840e-18       7.64840e-18       0.00000e+00
 149.1000000       7.97687e-18       7.97687e-18       0.00000e+00
 149.2000000       8.12424e-18       8.12424e-18       0.00000e+00
 149.3000000       8.18090e-18       8.18090e-18       0.00000e+00
 149.4000000       8.23756e-18       8.23756e-18       0.00000e+00
 149.5000000       8.29422e-18       8.29422e-18       0.00000e+00
 149.6000000       8.35115e-18       8.35115e-18       0.00000e+00
 149.7000000       8.46049e-18       8.46049e-18       0.00000e+00
 149.8000000       8.60895e-18       8.60895e-18       0.00000e+00
 149.9000000       8.75795e-18       8.75795e-18       0.00000e+00
 150.0000000       8.93789e-18       8.93789e-18       0.00000e+00
 150.1000000       9.13572e-18       9.13572e-18       0.00000e+00
 150.2000000       9.29133e-18       9.29133e-18       0.00000e+00
 150.3000000       9.39607e-18       9.39607e-18       0.00000e+00
 150.4000000       9.50069e-18       9.50069e-18       0.00000e+00
 150.5000000       9.60075e-18       9.60075e-18       0.00000e+00
 150.6000000       9.60618e-18       9.60618e-18       0.00000e+00
 150.7000000       9.57397e-18       9.57397e-18       0.00000e+00
 150.8000000       9.54176e-18       9.54176e-18       0.00000e+00
 150.9000000       9.50956e-18       9.50956e-18       0.00000e+00
 151.0000000       9.47735e-18       9.47735e-18       0.00000e+00
 151.1000000       9.45261e-18       9.45261e-18       0.00000e+00
 151.2000000       9.57088e-18       9.57088e-18       0.00000e+00
 151.3000000       9.74393e-18       9.74393e-18       0.00000e+00
 151.4000000       9.99857e-18       9.99857e-18       0.00000e+00
 151.5000000       1.02966e-17       1.02966e-17       0.00000e+00
 151.6000000       1.04596e-17       1.04596e-17       0.00000e+00
 151.7000000       1.06045e-17       1.06045e-17       0.00000e+00
 151.8000000       1.07543e-17       1.07543e-17       0.00000e+00
 151.9000000       1.09278e-17       1.09278e-17       0.00000e+00
 152.0000000       1.11044e-17       1.11044e-17       0.00000e+00
 152.1000000       1.13527e-17       1.13527e-17       0.00000e+00
 152.2000000       1.19364e-17       1.19364e-17       0.00000e+00
 152.3000000       1.23741e-17       1.23741e-17       0.00000e+00
 152.4000000       1.28752e-17       1.28752e-17       0.00000e+00
 152.5000000       1.40652e-17       1.40652e-17       0.00000e+00
 152.6000000       1.48648e-17       1.48648e-17       0.00000e+00
 152.7000000       1.60223e-17       1.60223e-17       0.00000e+00
 152.8000000       1.68398e-17       1.68398e-17       0.00000e+00
 152.9000000       1.68428e-17       1.68428e-17       0.00000e+00
 153.0000000       1.67213e-17       1.67213e-17       0.00000e+00
 153.1000000       1.59863e-17       1.59863e-17       0.00000e+00
 153.2000000       1.52591e-17       1.52591e-17       0.00000e+00
 153.3000000       1.43021e-17       1.43021e-17       0.00000e+00
 153.4000000       1.38129e-17       1.38129e-17       0.00000e+00
 153.5000000       1.37309e-17       1.37309e-17       0.00000e+00
 153.6000000       1.36843e-17       1.36843e-17       0.00000e+00
 153.7000000       1.36718e-17       1.36718e-17       0.00000e+00
 153.8000000       1.38351e-17       1.38351e-17       0.00000e+00
 153.9000000       1.40353e-17       1.40353e-17       0.00000e+00
 154.0000000       1.45418e-17       1.45418e-17       0.00000e+00
 154.1000000       1.50022e-17       1.50022e-17       0.00000e+00
 154.2000000       1.49798e-17       1.49798e-17       0.00000e+00
 154.3000000       1.49305e-17       1.49305e-17       0.00000e+00
 154.4000000       1.48812e-17       1.48812e-17       0.00000e+00
 154.5000000       1.46559e-17       1.46559e-17       0.00000e+00
 154.6000000       1.43742e-17       1.43742e-17       0.00000e+00
 154.7000000       1.43948e-17       1.43948e-17       0.00000e+00
 154.8000000       1.45394e-17       1.45394e-17       0.00000e+00
 154.9000000       1.50989e-17       1.50989e-17       0.00000e+00
 155.0000000       1.56452e-17       1.56452e-17       0.00000e+00
 155.1000000       1.61521e-17       1.61521e-17       0.00000e+00
 155.2000000       1.64840e-17       1.64840e-17       0.00000e+00
 155.3000000       1.69591e-17       1.69591e-17       0.00000e+00
 155.4000000       1.75473e-17       1.75473e-17       0.00000e+00
 155.5000000       1.78721e-17       1.78721e-17       0.00000e+00
 155.6000000       1.82967e-17       1.82967e-17       0.00000e+00
 155.7000000       1.89227e-17       1.89227e-17       0.00000e+00
 155.8000000       1.95370e-17       1.95370e-17       0.00000e+00
 155.9000000       2.05152e-17       2.05152e-17       0.00000e+00
 156.0000000       2.19461e-17       2.19461e-17       0.00000e+00
 156.1000000       2.35395e-17       2.35395e-17       0.00000e+00
 156.2000000       2.45355e-17       2.45355e-17       0.00000e+00
 156.3000000       2.95790e-17       2.95790e-17       0.00000e+00
 156.4000000       3.38659e-17       3.38659e-17       0.00000e+00
 156.5000000       3.33619e-17       3.33619e-17       0.00000e+00
 156.6000000       3.24964e-17       3.24964e-17       0.00000e+00
 156.7000000       2.93052e-17       2.93052e-17       0.00000e+00
 156.8000000       2.41167e-17       2.41167e-17       0.00000e+00
 156.9000000       2.11879e-17       2.11879e-17       0.00000e+00
 157.0000000       2.09007e-17       2.09007e-17       0.00000e+00
 157.1000000       2.05531e-17       2.05531e-17       0.00000e+00
 157.2000000       2.01310e-17       2.01310e-17       0.00000e+00
 157.3000000       1.99157e-17       1.99157e-17       0.00000e+00
 157.4000000       2.03580e-17       2.03580e-17       0.00000e+00
 157.5000000       2.10079e-17       2.10079e-17       0.00000e+00
 157.6000000       2.16577e-17       2.16577e-17       0.00000e+00
 157.7000000       2.17595e-17       2.17595e-17       0.00000e+00
 157.8000000       2.12496e-17       2.12496e-17       0.00000e+00
 157.9000000       2.17029e-17       2.17029e-17       0.00000e+00
 158.0000000       2.21528e-17       2.21528e-17       0.00000e+00
 158.1000000       2.22895e-17       2.22895e-17       0.00000e+00
 158.2000000       2.22193e-17       2.22193e-17       0.00000e+00
 158.3000000       2.21492e-17       2.21492e-17       0.00000e+00
 158.4000000       2.20791e-17       2.20791e-17       0.00000e+00
 158.5000000       2.22146e-17       2.22146e-17       0.00000e+00
 158.6000000       2.25718e-17       2.25718e-17       0.00000e+00
 158.7000000       2.29291e-17       2.29291e-17       0.00000e+00
 158.8000000       2.32865e-17       2.32865e-17       0.00000e+00
 158.9000000       2.39537e-17       2.39537e-17       0.00000e+00
 159.0000000       2.47113e-17       2.47113e-17       0.00000e+00
 159.1000000       2.54388e-17       2.54388e-17       0.00000e+00
 159.2000000       2.61284e-17       2.61284e-17       0.00000e+00
 159.3000000       2.71776e-17       2.71776e-17       0.00000e+00
 159.4000000       2.79240e-17       2.79240e-17       0.00000e+00
 159.5000000       2.82809e-17       2.82809e-17       0.00000e+00
 159.6000000       2.86428e-17       2.86428e-17       0.00000e+00
 159.7000000       2.91627e-17       2.91627e-17       0.00000e+00
 159.8000000       2.98378e-17       2.98378e-17       0.00000e+00
 159.9000000       3.07886e-17       3.07886e-17       0.00000e+00
 160.0000000       3.16867e-17       3.16867e-17       0.00000e+00
 160.1000000       3.49791e-17       3.49791e-17       0.00000e+00
 160.2000000       4.01294e-17       4.01294e-17       0.00000e+00
 160.3000000       4.24817e-17       4.24817e-17       0.00000e+00
 160.4000000       4.22051e-17       4.22051e-17       0.00000e+00
 160.5000000       4.12986e-17       4.12986e-17       0.00000e+00
 160.6000000       3.66333e-17       3.66333e-17       0.00000e+00
 160.7000000       3.32721e-17       3.32721e-17       0.00000e+00
 160.8000000       3.17292e-17       3.17292e-17       0.00000e+00
 160.9000000       3.01863e-17       3.01863e-17       0.00000e+00
 161.0000000       2.87540e-17       2.87540e-17       0.00000e+00
 161.1000000       2.86130e-17       2.86130e-17       0.00000e+00
 161.2000000       2.88489e-17       2.88489e-17       0.00000e+00
 161.3000000       2.91054e-17       2.91054e-17       0.00000e+00
 161.4000000       2.93775e-17       2.93775e-17       0.00000e+00
 161.5000000       2.96777e-17       2.96777e-17       0.00000e+00
 161.6000000       3.01413e-17       3.01413e-17       0.00000e+00
 161.7000000       3.03691e-17       3.03691e-17       0.00000e+00
 161.8000000       3.05394e-17       3.05394e-17       0.00000e+00
 161.9000000       3.08821e-17       3.08821e-17       0.00000e+00
 162.0000000       3.14508e-17       3.14508e-17       0.00000e+00
 162.1000000       3.18176e-17       3.18176e-17       0.00000e+00
 162.2000000       3.21462e-17       3.21462e-17       0.00000e+00
 162.3000000       3.26189e-17       3.26189e-17       0.00000e+00
 162.4000000       3.29140e-17       3.29140e-17       0.00000e+00
 162.5000000       3.33115e-17       3.33115e-17       0.00000e+00
 162.6000000       3.36125e-17       3.36125e-17       0.00000e+00
 162.7000000       3.37997e-17       3.37997e-17       0.00000e+00
 162.8000000       3.39762e-17       3.39762e-17       0.00000e+00
 162.9000000       3.41069e-17       3.41069e-17       0.00000e+00
 163.0000000       3.42323e-17       3.42323e-17       0.00000e+00
 163.1000000       3.43569e-17       3.43569e-17       0.00000e+00
 163.2000000       3.44222e-17       3.44222e-17       0.00000e+00
 163.3000000       3.44498e-17       3.44498e-17       0.00000e+00
 163.4000000       3.44774e-17       3.44774e-17       0.00000e+00
 163.5000000       3.45050e-17       3.45050e-17       0.00000e+00
 163.6000000       3.45327e-17       3.45327e-17       0.00000e+00
 163.7000000       3.47635e-17       3.47635e-17       0.00000e+00
 163.8000000       3.51768e-17       3.51768e-17       0.00000e+00
 163.9000000       3.54541e-17       3.54541e-17       0.00000e+00
 164.0000000       3.57111e-17       3.57111e-17       0.00000e+00
 164.1000000       3.60064e-17       3.60064e-17       0.00000e+00
 164.2000000       3.65367e-17       3.65367e-17       0.00000e+00
 164.3000000       3.70991e-17       3.70991e-17       0.00000e+00
 164.4000000       3.75148e-17       3.75148e-17       0.00000e+00
 164.5000000       3.77704e-17       3.77704e-17       0.00000e+00
 164.6000000       3.82171e-17       3.82171e-17       0.00000e+00
 164.7000000       3.85518e-17       3.85518e-17       0.00000e+00
 164.8000000       3.87891e-17       3.87891e-17       0.00000e+00
 164.9000000       3.88710e-17       3.88710e-17       0.00000e+00
 165.0000000       3.89361e-17       3.89361e-17       0.00000e+00
 165.1000000       3.90012e-17       3.90012e-17       0.00000e+00
 165.2000000       3.90655e-17       3.90655e-17       0.00000e+00
 165.3000000       3.90844e-17       3.90844e-17       0.00000e+00
 165.4000000       3.90767e-17       3.90767e-17       0.00000e+00
 165.5000000       3.90691e-17       3.90691e-17       0.00000e+00
 165.6000000       3.90615e-17       3.90615e-17       0.00000e+00
 165.7000000       3.90539e-17       3.90539e-17       0.00000e+00
 165.8000000       3.90462e-17       3.90462e-17       0.00000e+00
 165.9000000       3.89578e-17       3.89578e-17       0.00000e+00
 166.0000000       3.87240e-17       3.87240e-17       0.00000e+00
 166.1000000       3.83474e-17       3.83474e-17       0.00000e+00
 166.2000000       3.80244e-17       3.80244e-17       0.00000e+00
 166.3000000       3.78491e-17       3.78491e-17       0.00000e+00
 166.4000000       3.76571e-17       3.76571e-17       0.00000e+00
 166.5000000       3.72588e-17       3.72588e-17       0.00000e+00
 166.6000000       3.71584e-17       3.71584e-17       0.00000e+00
 166.7000000       3.71585e-17       3.71585e-17       0.00000e+00
 166.8000000       3.71585e-17       3.71585e-17       0.00000e+00
 166.9000000       3.71586e-17       3.71586e-17       0.00000e+00
 167.0000000       3.73176e-17       3.73176e-17       0.00000e+00
 167.1000000       3.77039e-17       3.77039e-17       0.00000e+00
 167.2000000       3.79762e-17       3.79762e-17       0.00000e+00
 167.3000000       3.86350e-17       3.86350e-17       0.00000e+00
 167.4000000       3.95238e-17       3.95238e-17       0.00000e+00
 167.5000000       4.01398e-17       4.01398e-17       0.00000e+00
 167.6000000       4.06294e-17       4.06294e-17       0.00000e+00
 167.7000000       4.08941e-17       4.08941e-17       0.00000e+00
 167.8000000       4.12206e-17       4.12206e-17       0.00000e+00
 167.9000000       4.17516e-17       4.17516e-17       0.00000e+00
 168.0000000       4.20539e-17       4.20539e-17       0.00000e+00
 168.1000000       4.20932e-17       4.20932e-17       0.00000e+00
 168.2000000       4.21323e-17       4.21323e-17       0.00000e+00
 168.3000000       4.21532e-17       4.21532e-17       0.00000e+00
 168.4000000       4.18157e-17       4.18157e-17       0.00000e+00
 168.5000000       4.13390e-17       4.13390e-17       0.00000e+00
 168.6000000       4.08624e-17       4.08624e-17       0.00000e+00
 168.7000000       4.03858e-17       4.03858e-17       0.00000e+00
 168.8000000       3.99092e-17       3.99092e-17       0.00000e+00
 168.9000000       3.94300e-17       3.94300e-17       0.00000e+00
 169.0000000       3.89715e-17       3.89715e-17       0.00000e+00
 169.1000000       3.87126e-17       3.87126e-17       0.00000e+00
 169.2000000       3.84333e-17       3.84333e-17       0.00000e+00
 169.3000000       3.79564e-17       3.79564e-17       0.00000e+00
 169.4000000       3.75151e-17       3.75151e-17       0.00000e+00
 169.5000000       3.72503e-17       3.72503e-17       0.00000e+00
 169.6000000       3.69291e-17       3.69291e-17       0.00000e+00
 169.7000000       3.65231e-17       3.65231e-17       0.00000e+00
 169.8000000       3.62907e-17       3.62907e-17       0.00000e+00
 169.9000000       3.59661e-17       3.59661e-17       0.00000e+00
 170.0000000       3.56080e-17       3.56080e-17       0.00000e+00
 170.1000000       3.54546e-17       3.54546e-17       0.00000e+00
 170.2000000       3.53038e-17       3.53038e-17       0.00000e+00
 170.3000000       3.52880e-17       3.52880e-17       0.00000e+00
 170.4000000       3.54070e-17       3.54070e-17       0.00000e+00
 170.5000000       3.55278e-17       3.55278e-17       0.00000e+00
 170.6000000       3.57359e-17       3.57359e-17       0.00000e+00
 170.7000000       3.60029e-17       3.60029e-17       0.00000e+00
 170.8000000       3.64543e-17       3.64543e-17       0.00000e+00
 170.9000000       3.69487e-17       3.69487e-17       0.00000e+00
 171.0000000       3.72265e-17       3.72265e-17       0.00000e+00
 171.1000000       3.74557e-17       3.74557e-17       0.00000e+00
 171.2000000       3.76849e-17       3.76849e-17       0.00000e+00
 171.3000000       3.78005e-17       3.78005e-17       0.00000e+00
 171.4000000       3.75168e-17       3.75168e-17       0.00000e+00
 171.5000000       3.72648e-17       3.72648e-17       0.00000e+00
 171.6000000       3.69103e-17       3.69103e-17       0.00000e+00
 171.7000000       3.59953e-17       3.59953e-17       0.00000e+00
 171.8000000       3.43261e-17       3.43261e-17       0.00000e+00
 171.9000000       3.27465e-17       3.27465e-17       0.00000e+00
 172.0000000       3.21046e-17       3.21046e-17       0.00000e+00
 172.1000000       3.11409e-17       3.11409e-17       0.00000e+00
 172.2000000       2.98372e-17       2.98372e-17       0.00000e+00
 172.3000000       2.89063e-17       2.89063e-17       0.00000e+00
 172.4000000       2.79781e-17       2.79781e-17       0.00000e+00
 172.5000000       2.71740e-17       2.71740e-17       0.00000e+00
 172.6000000       2.66961e-17       2.66961e-17       0.00000e+00
 172.7000000       2.62183e-17       2.62183e-17       0.00000e+00
 172.8000000       2.57516e-17       2.57516e-17       0.00000e+00
 172.9000000       2.55119e-17       2.55119e-17       0.00000e+00
 173.0000000       2.53659e-17       2.53659e-17       0.00000e+00
 173.1000000       2.52193e-17       2.52193e-17       0.00000e+00
 173.2000000       2.50621e-17       2.50621e-17       0.00000e+00
 173.3000000       2.49008e-17       2.49008e-17       0.00000e+00
 173.4000000       2.47274e-17       2.47274e-17       0.00000e+00
 173.5000000       2.43473e-17       2.43473e-17       0.00000e+00
 173.6000000       2.41384e-17       2.41384e-17       0.00000e+00
 173.7000000       2.40296e-17       2.40296e-17       0.00000e+00
 173.8000000       2.39209e-17       2.39209e-17       0.00000e+00
 173.9000000       2.38188e-17       2.38188e-17       0.00000e+00
 174.0000000       2.38486e-17       2.38486e-17       0.00000e+00
 174.1000000       2.39299e-17       2.39299e-17       0.00000e+00
 174.2000000       2.40291e-17       2.40291e-17       0.00000e+00
 174.3000000       2.44245e-17       2.44245e-17       0.00000e+00
 174.4000000       2.49277e-17       2.49277e-17       0.00000e+00
 174.5000000       2.54674e-17       2.54674e-17       0.00000e+00
 174.6000000       2.60174e-17       2.60174e-17       0.00000e+00
 174.7000000       2.63626e-17       2.63626e-17       0.00000e+00
 174.8000000       2.61628e-17       2.61628e-17       0.00000e+00
 174.9000000       2.60200e-17       2.60200e-17       0.00000e+00
 175.0000000       2.58773e-17       2.58773e-17       0.00000e+00
 175.1000000       2.55374e-17       2.55374e-17       0.00000e+00
 175.2000000       2.32471e-17       2.32471e-17       0.00000e+00
 175.3000000       2.10535e-17       2.10535e-17       0.00000e+00
 175.4000000       1.92113e-17       1.92113e-17       0.00000e+00
 175.5000000       1.78546e-17       1.78546e-17       0.00000e+00
 175.6000000       1.70117e-17       1.70117e-17       0.00000e+00
 175.7000000       1.64455e-17       1.64455e-17       0.00000e+00
 175.8000000       1.59029e-17       1.59029e-17       0.00000e+00
 175.9000000       1.50939e-17       1.50939e-17       0.00000e+00
 176.0000000       1.43130e-17       1.43130e-17       0.00000e+00
 176.1000000       1.38096e-17       1.38096e-17       0.00000e+00
 176.2000000       1.33701e-17       1.33701e-17       0.00000e+00
 176.3000000       1.30982e-17       1.30982e-17       0.00000e+00
 176.4000000       1.28531e-17       1.28531e-17       0.00000e+00
 176.5000000       1.24472e-17       1.24472e-17       0.00000e+00
 176.6000000       1.20276e-17       1.20276e-17       0.00000e+00
 176.7000000       1.17419e-17       1.17419e-17       0.00000e+00
 176.8000000       1.15104e-17       1.15104e-17       0.00000e+00
 176.9000000       1.12796e-17       1.12796e-17       0.00000e+00
 177.0000000       1.10492e-17       1.10492e-17       0.00000e+00
 177.1000000       1.08187e-17       1.08187e-17       0.00000e+00
 177.2000000       1.05883e-17       1.05883e-17       0.00000e+00
 177.3000000       1.03578e-17       1.03578e-17       0.00000e+00
 177.4000000       1.01274e-17       1.01274e-17       0.00000e+00
 177.5000000       9.92502e-18       9.92502e-18       0.00000e+00
 177.6000000       9.77060e-18       9.77060e-18       0.00000e+00
 177.7000000       9.61699e-18       9.61699e-18       0.00000e+00
 177.8000000       9.48867e-18       9.48867e-18       0.00000e+00
 177.9000000       9.43071e-18       9.43071e-18       0.00000e+00
 178.0000000       9.37691e-18       9.37691e-18       0.00000e+00
 178.1000000       9.32310e-18       9.32310e-18       0.00000e+00
 178.2000000       9.26929e-18       9.26929e-18       0.00000e+00
 178.3000000       9.21548e-18       9.21548e-18       0.00000e+00
 178.4000000       9.16304e-18       9.16304e-18       0.00000e+00
 178.5000000       9.12144e-18       9.12144e-18       0.00000e+00
 178.6000000       9.08216e-18       9.08216e-18       0.00000e+00
 178.7000000       9.04288e-18       9.04288e-18       0.00000e+00
 178.8000000       9.00361e-18       9.00361e-18       0.00000e+00
 178.9000000       8.96433e-18       8.96433e-18       0.00000e+00
 179.0000000       8.92505e-18       8.92505e-18       0.00000e+00
 179.1000000       8.88579e-18       8.88579e-18       0.00000e+00
 179.2000000       8.84943e-18       8.84943e-18       0.00000e+00
 179.3000000       8.81536e-18       8.81536e-18       0.00000e+00
 179.4000000       8.78128e-18       8.78128e-18       0.00000e+00
 179.5000000       8.74721e-18       8.74721e-18       0.00000e+00
 179.6000000       8.71313e-18       8.71313e-18       0.00000e+00
 179.7000000       8.67906e-18       8.67906e-18       0.00000e+00
 179.8000000       8.64498e-18       8.64498e-18       0.00000e+00
 179.9000000       8.61091e-18       8.61091e-18       0.00000e+00
 180.0000000       8.57780e-18       8.57780e-18       0.00000e+00
 180.1000000       8.54913e-18       8.54913e-18       0.00000e+00
 180.2000000       8.52100e-18       8.52100e-18       0.00000e+00
 180.3000000       8.49288e-18       8.49288e-18       0.00000e+00
 180.4000000       8.46475e-18       8.46475e-18       0.00000e+00
 180.5000000       8.43663e-18       8.43663e-18       0.00000e+00
 180.6000000       8.40851e-18       8.40851e-18       0.00000e+00
 180.7000000       8.38038e-18       8.38038e-18       0.00000e+00
 180.8000000       8.35226e-18       8.35226e-18       0.00000e+00
 180.9000000       8.32826e-18       8.32826e-18       0.00000e+00
 181.0000000       8.30845e-18       8.30845e-18       0.00000e+00
 181.1000000       8.28864e-18       8.28864e-18       0.00000e+00
 181.2000000       8.26884e-18       8.26884e-18       0.00000e+00
 181.3000000       8.24903e-18       8.24903e-18       0.00000e+00
 181.4000000       8.22922e-18       8.22922e-18       0.00000e+00
 181.5000000       8.20942e-18       8.20942e-18       0.00000e+00
 181.6000000       8.18961e-18       8.18961e-18       0.00000e+00
 181.7000000       8.16980e-18       8.16980e-18       0.00000e+00
 181.8000000       8.14960e-18       8.14960e-18       0.00000e+00
 181.9000000       8.12130e-18       8.12130e-18       0.00000e+00
 182.0000000       8.08978e-18       8.08978e-18       0.00000e+00
 182.1000000       8.05827e-18       8.05827e-18       0.00000e+00
 182.2000000       8.02675e-18       8.02675e-18       0.00000e+00
 182.3000000       7.99524e-18       7.99524e-18       0.00000e+00
 182.4000000       7.96372e-18       7.96372e-18       0.00000e+00
 182.5000000       7.93221e-18       7.93221e-18       0.00000e+00
 182.6000000       7.90046e-18       7.90046e-18       0.00000e+00
 182.7000000       7.86776e-18       7.86776e-18       0.00000e+00
 182.8000000       7.83496e-18       7.83496e-18       0.00000e+00
 182.9000000       7.80216e-18       7.80216e-18       0.00000e+00
 183.0000000       7.76936e-18       7.76936e-18       0.00000e+00
 183.1000000       7.73656e-18       7.73656e-18       0.00000e+00
 183.2000000       7.70376e-18       7.70376e-18       0.00000e+00
 183.3000000       7.67096e-18       7.67096e-18       0.00000e+00
 183.4000000       7.63816e-18       7.63816e-18       0.00000e+00
 183.5000000       7.61245e-18       7.61245e-18       0.00000e+00
 183.6000000       7.60229e-18       7.60229e-18       0.00000e+00
 183.7000000       7.59268e-18       7.59268e-18       0.00000e+00
 183.8000000       7.58306e-18       7.58306e-18       0.00000e+00
 183.9000000       7.57345e-18       7.57345e-18       0.00000e+00
 184.0000000       7.56384e-18       7.56384e-18       0.00000e+00
 184.1000000       7.55423e-18       7.55423e-18       0.00000e+00
 184.2000000       7.54462e-18       7.54462e-18       0.00000e+00
 184.3000000       7.53501e-18       7.53501e-18       0.00000e+00
 184.4000000       7.52539e-18       7.52539e-18       0.00000e+00
 184.5000000       7.51074e-18       7.51074e-18       0.00000e+00
 184.6000000       7.48443e-18       7.48443e-18       0.00000e+00
 184.7000000       7.45766e-18       7.45766e-18       0.00000e+00
 184.8000000       7.43088e-18       7.43088e-18       0.00000e+00
 184.9000000       7.40410e-18       7.40410e-18       0.00000e+00
 185.0000000       7.37732e-18       7.37732e-18       0.00000e+00
 185.1000000       7.35054e-18       7.35054e-18       0.00000e+00
 185.2000000       7.32376e-18       7.32376e-18       0.00000e+00
 185.3000000       7.29698e-18       7.29698e-18       0.00000e+00
 185.4000000       7.26875e-18       7.26875e-18       0.00000e+00
 185.5000000       7.23707e-18       7.23707e-18       0.00000e+00
 185.6000000       7.20525e-18       7.20525e-18       0.00000e+00
 185.7000000       7.17343e-18       7.17343e-18       0.00000e+00
 185.8000000       7.14161e-18       7.14161e-18       0.00000e+00
 185.9000000       7.10980e-18       7.10980e-18       0.00000e+00
 186.0000000       7.07798e-18       7.07798e-18       0.00000e+00
 186.1000000       7.04616e-18       7.04616e-18       0.00000e+00
 186.2000000       7.01434e-18       7.01434e-18       0.00000e+00
 186.3000000       6.98027e-18       6.98027e-18       0.00000e+00
 186.4000000       6.93885e-18       6.93885e-18       0.00000e+00
 186.5000000       6.89685e-18       6.89685e-18       0.00000e+00
 186.6000000       6.85485e-18       6.85485e-18       0.00000e+00
 186.7000000       6.81286e-18       6.81286e-18       0.00000e+00
 186.8000000       6.77086e-18       6.77086e-18       0.00000e+00
 186.9000000       6.72886e-18       6.72886e-18       0.00000e+00
 187.0000000       6.68686e-18       6.68686e-18       0.00000e+00
 187.1000000       6.64493e-18       6.64493e-18       0.00000e+00
 187.2000000       6.60326e-18       6.60326e-18       0.00000e+00
 187.3000000       6.56160e-18       6.56160e-18       0.00000e+00
 187.4000000       6.51995e-18       6.51995e-18       0.00000e+00
 187.5000000       6.47830e-18       6.47830e-18       0.00000e+00
 187.6000000       6.43665e-18       6.43665e-18       0.00000e+00
 187.7000000       6.39500e-18       6.39500e-18       0.00000e+00
 187.8000000       6.35334e-18       6.35334e-18       0.00000e+00
 187.9000000       6.31174e-18       6.31174e-18       0.00000e+00
 188.0000000       6.27042e-18       6.27042e-18       0.00000e+00
 188.1000000       6.22914e-18       6.22914e-18       0.00000e+00
 188.2000000       6.18786e-18       6.18786e-18       0.00000e+00
 188.3000000       6.14659e-18       6.14659e-18       0.00000e+00
 188.4000000       6.10531e-18       6.10531e-18       0.00000e+00
 188.5000000       6.06403e-18       6.06403e-18       0.00000e+00
 188.6000000       6.02276e-18       6.02276e-18       0.00000e+00
 188.7000000       5.98182e-18       5.98182e-18       0.00000e+00
 188.8000000       5.94534e-18       5.94534e-18       0.00000e+00
 188.9000000       5.91024e-18       5.91024e-18       0.00000e+00
 189.0000000       5.87515e-18       5.87515e-18       0.00000e+00
 189.1000000       5.84005e-18       5.84005e-18       0.00000e+00
 189.2000000       5.80496e-18       5.80496e-18       0.00000e+00
 189.3000000       5.76986e-18       5.76986e-18       0.00000e+00
 189.4000000       5.73477e-18       5.73477e-18       0.00000e+00
 189.5000000       5.69966e-18       5.69966e-18       0.00000e+00
 189.6000000       5.66138e-18       5.66138e-18       0.00000e+00
 189.7000000       5.62079e-18       5.62079e-18       0.00000e+00
 189.8000000       5.58019e-18       5.58019e-18       0.00000e+00
 189.9000000       5.53960e-18       5.53960e-18       0.00000e+00
 190.0000000       5.49901e-18       5.49901e-18       0.00000e+00
 190.1000000       5.45841e-18       5.45841e-18       0.00000e+00
 190.2000000       5.41782e-18       5.41782e-18       0.00000e+00
 190.3000000       5.37434e-18       5.37434e-18       0.00000e+00
 190.4000000       5.32735e-18       5.32735e-18       0.00000e+00
 190.5000000       5.28036e-18       5.28036e-18       0.00000e+00
 190.6000000       5.23337e-18       5.23337e-18       0.00000e+00
 190.7000000       5.18638e-18       5.18638e-18       0.00000e+00
 190.8000000       5.13939e-18       5.13939e-18       0.00000e+00
 190.9000000       5.09240e-18       5.09240e-18       0.00000e+00
 191.0000000       5.04552e-18       5.04552e-18       0.00000e+00
 191.1000000       4.99887e-18       4.99887e-18       0.00000e+00
 191.2000000       4.95224e-18       4.95224e-18       0.00000e+00
 191.3000000       4.90560e-18       4.90560e-18       0.00000e+00
 191.4000000       4.85897e-18       4.85897e-18       0.00000e+00
 191.5000000       4.81233e-18       4.81233e-18       0.00000e+00
 191.6000000       4.76570e-18       4.76570e-18       0.00000e+00
 191.7000000       4.71467e-18       4.71467e-18       0.00000e+00
 191.8000000       4.63920e-18       4.63920e-18       0.00000e+00
 191.9000000       4.55997e-18       4.55997e-18       0.00000e+00
 192.0000000       4.48073e-18       4.48073e-18       0.00000e+00
 192.1000000       4.40149e-18       4.40149e-18       0.00000e+00
 192.2000000       4.31826e-18       4.31826e-18       0.00000e+00
 192.3000000       4.22109e-18       4.22109e-18       0.00000e+00
 192.4000000       4.12273e-18       4.12273e-18       0.00000e+00
 192.5000000       4.02436e-18       4.02436e-18       0.00000e+00
 192.6000000       3.92599e-18       3.92599e-18       0.00000e+00
 192.7000000       3.83733e-18       3.83733e-18       0.00000e+00
 192.8000000       3.77332e-18       3.77332e-18       0.00000e+00
 192.9000000       3.71053e-18       3.71053e-18       0.00000e+00
 193.0000000       3.64774e-18       3.64774e-18       0.00000e+00
 193.1000000       3.58494e-18       3.58494e-18       0.00000e+00
 193.2000000       3.52215e-18       3.52215e-18       0.00000e+00
 193.3000000       3.46652e-18       3.46652e-18       0.00000e+00
 193.4000000       3.44139e-18       3.44139e-18       0.00000e+00
 193.5000000       3.41973e-18       3.41973e-18       0.00000e+00
 193.6000000       3.39806e-18       3.39806e-18       0.00000e+00
 193.7000000       3.37640e-18       3.37640e-18       0.00000e+00
 193.8000000       3.35473e-18       3.35473e-18       0.00000e+00
 193.9000000       3.33306e-18       3.33306e-18       0.00000e+00
 194.0000000       3.31140e-18       3.31140e-18       0.00000e+00
 194.1000000       3.28973e-18       3.28973e-18       0.00000e+00
 194.2000000       3.26807e-18       3.26807e-18       0.00000e+00
 194.3000000       3.24640e-18       3.24640e-18       0.00000e+00
 194.4000000       3.22469e-18       3.22469e-18       0.00000e+00
 194.5000000       3.20270e-18       3.20270e-18       0.00000e+00
 194.6000000       3.18065e-18       3.18065e-18       0.00000e+00
 194.7000000       3.15860e-18       3.15860e-18       0.00000e+00
 194.8000000       3.13654e-18       3.13654e-18       0.00000e+00
 194.9000000       3.11449e-18       3.11449e-18       0.00000e+00
 195.0000000       3.09244e-18       3.09244e-18       0.00000e+00
 195.1000000       3.07039e-18       3.07039e-18       0.00000e+00
 195.2000000       3.04834e-18       3.04834e-18       0.00000e+00
 195.3000000       3.02079e-18       3.02079e-18       0.00000e+00
 195.4000000       2.97803e-18       2.97803e-18       0.00000e+00
 195.5000000       2.93437e-18       2.93437e-18       0.00000e+00
 195.6000000       2.89071e-18       2.89071e-18       0.00000e+00
 195.7000000       2.84705e-18       2.84705e-18       0.00000e+00
 195.8000000       2.80340e-18       2.80340e-18       0.00000e+00
 195.9000000       2.75974e-18       2.75974e-18       0.00000e+00
 196.0000000       2.71608e-18       2.71608e-18       0.00000e+00
 196.1000000       2.67242e-18       2.67242e-18       0.00000e+00
 196.2000000       2.62235e-18       2.62235e-18       0.00000e+00
 196.3000000       2.56192e-18       2.56192e-18       0.00000e+00
 196.4000000       2.50134e-18       2.50134e-18       0.00000e+00
 196.5000000       2.44077e-18       2.44077e-18       0.00000e+00
 196.6000000       2.38019e-18       2.38019e-18       0.00000e+00
 196.7000000       2.31961e-18       2.31961e-18       0.00000e+00
 196.8000000       2.25908e-18       2.25908e-18       0.00000e+00
 196.9000000       2.19885e-18       2.19885e-18       0.00000e+00
 197.0000000       2.13867e-18       2.13867e-18       0.00000e+00
 197.1000000       2.07848e-18       2.07848e-18       0.00000e+00
 197.2000000       2.01830e-18       2.01830e-18       0.00000e+00
 197.3000000       1.95811e-18       1.95811e-18       0.00000e+00
 197.4000000       1.89804e-18       1.89804e-18       0.00000e+00
 197.5000000       1.85644e-18       1.85644e-18       0.00000e+00
 197.6000000       1.82840e-18       1.82840e-18       0.00000e+00
 197.7000000       1.80036e-18       1.80036e-18       0.00000e+00
 197.8000000       1.77232e-18       1.77232e-18       0.00000e+00
 197.9000000       1.74428e-18       1.74428e-18       0.00000e+00
 198.0000000       1.71625e-18       1.71625e-18       0.00000e+00
 198.1000000       1.68821e-18       1.68821e-18       0.00000e+00
 198.2000000       1.66017e-18       1.66017e-18       0.00000e+00
 198.3000000       1.63213e-18       1.63213e-18       0.00000e+00
 198.4000000       1.60409e-18       1.60409e-18       0.00000e+00
 198.5000000       1.57347e-18       1.57347e-18       0.00000e+00
 198.6000000       1.53675e-18       1.53675e-18       0.00000e+00
 198.7000000       1.49976e-18       1.49976e-18       0.00000e+00
 198.8000000       1.46277e-18       1.46277e-18       0.00000e+00
 198.9000000       1.42579e-18       1.42579e-18       0.00000e+00
 199.0000000       1.38880e-18       1.38880e-18       0.00000e+00
 199.1000000       1.35181e-18       1.35181e-18       0.00000e+00
 199.2000000       1.31483e-18       1.31483e-18       0.00000e+00
 199.3000000       1.27784e-18       1.27784e-18       0.00000e+00
 199.4000000       1.24573e-18       1.24573e-18       0.00000e+00
 199.5000000       1.23180e-18       1.23180e-18       0.00000e+00
 199.6000000       1.21958e-18       1.21958e-18       0.00000e+00
 199.7000000       1.20737e-18       1.20737e-18       0.00000e+00
 199.8000000       1.19516e-18       1.19516e-18       0.00000e+00
 199.9000000       1.18295e-18       1.18295e-18       0.00000e+00
 200.0000000       1.17074e-18       1.17074e-18       0.00000e+00
 200.1000000       1.15853e-18       1.15853e-18       0.00000e+00
 200.2000000       1.14632e-18       1.14632e-18       0.00000e+00
 200.3000000       1.13411e-18       1.13411e-18       0.00000e+00
 200.4000000       1.12190e-18       1.12190e-18       0.00000e+00
 200.5000000       1.10968e-18       1.10968e-18       0.00000e+00
 200.6000000       1.09626e-18       1.09626e-18       0.00000e+00
 200.7000000       1.08026e-18       1.08026e-18       0.00000e+00
 200.8000000       1.06416e-18       1.06416e-18       0.00000e+00
 200.9000000       1.04807e-18       1.04807e-18       0.00000e+00
 201.0000000       1.03197e-18       1.03197e-18       0.00000e+00
 201.1000000       1.01588e-18       1.01588e-18       0.00000e+00
 201.2000000       9.99787e-19       9.99787e-19       0.00000e+00
 201.3000000       9.83693e-19       9.83693e-19       0.00000e+00
 201.4000000       9.67599e-19       9.67599e-19       0.00000e+00
 201.5000000       9.51506e-19       9.51506e-19       0.00000e+00
 201.6000000       9.35412e-19       9.35412e-19       0.00000e+00
 201.7000000       9.19318e-19       9.19318e-19       0.00000e+00
 201.8000000       9.05880e-19       9.05880e-19       0.00000e+00
 201.9000000       8.97785e-19       8.97785e-19       0.00000e+00
 202.0000000       8.89842e-19       8.89842e-19       0.00000e+00
 202.1000000       8.81898e-19       8.81898e-19       0.00000e+00
 202.2000000       8.73955e-19       8.73955e-19       0.00000e+00
 202.3000000       8.66012e-19       8.66012e-19       0.00000e+00
 202.4000000       8.58068e-19       8.58068e-19       0.00000e+00
 202.5000000       8.50125e-19       8.50125e-19       0.00000e+00
 202.6000000       8.42182e-19       8.42182e-19       0.00000e+00
 202.7000000       8.34238e-19       8.34238e-19       0.00000e+00
 202.8000000       8.26295e-19       8.26295e-19       0.00000e+00
 202.9000000       8.18352e-19       8.18352e-19       0.00000e+00
 203.0000000       8.09501e-19       8.09501e-19       0.00000e+00
 203.1000000       7.97907e-19       7.97907e-19       0.00000e+00
 203.2000000       7.86125e-19       7.86125e-19       0.00000e+00
 203.3000000       7.74344e-19       7.74344e-19       0.00000e+00
 203.4000000       7.62562e-19       7.62562e-19       0.00000e+00
 203.5000000       7.50781e-19       7.50781e-19       0.00000e+00
 203.6000000       7.38999e-19       7.38999e-19       0.00000e+00
 203.7000000       7.27217e-19       7.27217e-19       0.00000e+00
 203.8000000       7.15436e-19       7.15436e-19       0.00000e+00
 203.9000000       7.03654e-19       7.03654e-19       0.00000e+00
 204.0000000       6.91873e-19       6.91873e-19       0.00000e+00
 204.1000000       6.80091e-19       6.80091e-19       0.00000e+00
 204.2000000       6.69035e-19       6.69035e-19       0.00000e+00
 204.3000000       6.64152e-19       6.64152e-19       0.00000e+00
 204.4000000       6.60676e-19       6.60676e-19       0.00000e+00
 204.5000000       6.57199e-19       6.57199e-19       0.00000e+00
 204.6000000       6.53723e-19       6.53723e-19       0.00000e+00
 204.7000000       6.50247e-19       6.50247e-19       0.00000e+00
 204.8000000       6.46771e-19       6.46771e-19       0.00000e+00
 204.9000000       6.43294e-19       6.43294e-19       0.00000e+00
 205.0000000       6.39818e-19       6.39818e-19       0.00000e+00
 205.1000000       6.36342e-19       6.36342e-19       0.00000e+00
 205.2000000       6.32866e-19       6.32866e-19       0.00000e+00
 205.3000000       6.29390e-19       6.29390e-19       0.00000e+00
 205.4000000       6.25913e-19       6.25913e-19       0.00000e+00
 205.5000000       6.22437e-19       6.22437e-19       0.00000e+00
 205.6000000       6.18970e-19       6.18970e-19       0.00000e+00
 205.7000000       6.15538e-19       6.15538e-19       0.00000e+00
 205.8000000       6.12109e-19       6.12109e-19       0.00000e+00
 205.9000000       6.08680e-19       6.08680e-19       0.00000e+00
 206.0000000       6.05252e-19       6.05252e-19       0.00000e+00
 206.1000000       6.01823e-19       6.01823e-19       0.00000e+00
 206.2000000       5.98394e-19       5.98394e-19       0.00000e+00
 206.3000000       5.94966e-19       5.94966e-19       0.00000e+00
 206.4000000       5.91537e-19       5.91537e-19       0.00000e+00
 206.5000000       5.88108e-19       5.88108e-19       0.00000e+00
 206.6000000       5.84679e-19       5.84679e-19       0.00000e+00
 206.7000000       5.81251e-19       5.81251e-19       0.00000e+00
 206.8000000       5.77822e-19       5.77822e-19       0.00000e+00
 206.9000000       5.74393e-19       5.74393e-19       0.00000e+00
 207.0000000       5.70974e-19       5.70974e-19       0.00000e+00
 207.1000000       5.67587e-19       5.67587e-19       0.00000e+00
 207.2000000       5.64204e-19       5.64204e-19       0.00000e+00
 207.3000000       5.60821e-19       5.60821e-19       0.00000e+00
 207.4000000       5.57437e-19       5.57437e-19       0.00000e+00
 207.5000000       5.54054e-19       5.54054e-19       0.00000e+00
 207.6000000       5.50671e-19       5.50671e-19       0.00000e+00
 207.7000000       5.47287e-19       5.47287e-19       0.00000e+00
 207.8000000       5.43904e-19       5.43904e-19       0.00000e+00
 207.9000000       5.40521e-19       5.40521e-19       0.00000e+00
 208.0000000       5.37138e-19       5.37138e-19       0.00000e+00
 208.1000000       5.33754e-19       5.33754e-19       0.00000e+00
 208.2000000       5.30371e-19       5.30371e-19       0.00000e+00
 208.3000000       5.26988e-19       5.26988e-19       0.00000e+00
 208.4000000       5.23968e-19       5.23968e-19       0.00000e+00
 208.5000000       5.23499e-19       5.23499e-19       0.00000e+00
 208.6000000       5.23522e-19       5.23522e-19       0.00000e+00
 208.7000000       5.23545e-19       5.23545e-19       0.00000e+00
 208.8000000       5.23567e-19       5.23567e-19       0.00000e+00
 208.9000000       5.23590e-19       5.23590e-19       0.00000e+00
 209.0000000       5.23613e-19       5.23613e-19       0.00000e+00
 209.1000000       5.23636e-19       5.23636e-19       0.00000e+00
 209.2000000       5.23659e-19       5.23659e-19       0.00000e+00
 209.3000000       5.23682e-19       5.23682e-19       0.00000e+00
 209.4000000       5.23704e-19       5.23704e-19       0.00000e+00
 209.5000000       5.23727e-19       5.23727e-19       0.00000e+00
 209.6000000       5.23750e-19       5.23750e-19       0.00000e+00
 209.7000000       5.23773e-19       5.23773e-19       0.00000e+00
 209.8000000       5.23796e-19       5.23796e-19       0.00000e+00
 209.9000000       5.23818e-19       5.23818e-19       0.00000e+00
 210.0000000       5.23841e-19       5.23841e-19       0.00000e+00
 210.1000000       5.23863e-19       5.23863e-19       0.00000e+00
 210.2000000       5.23886e-19       5.23886e-19       0.00000e+00
 210.3000000       5.23908e-19       5.23908e-19       0.00000e+00
 210.4000000       5.23931e-19       5.23931e-19       0.00000e+00
 210.5000000       5.23953e-19       5.23953e-19       0.00000e+00
 210.6000000       5.23976e-19       5.23976e-19       0.00000e+00
 210.7000000       5.23998e-19       5.23998e-19       0.00000e+00
 210.8000000       5.24021e-19       5.24021e-19       0.00000e+00
 210.9000000       5.24044e-19       5.24044e-19       0.00000e+00
 211.0000000       5.24066e-19       5.24066e-19       0.00000e+00
 211.1000000       5.24089e-19       5.24089e-19       0.00000e+00
 211.2000000       5.24111e-19       5.24111e-19       0.00000e+00
 211.3000000       5.24133e-19       5.24133e-19       0.00000e+00
 211.4000000       5.24155e-19       5.24155e-19       0.00000e+00
 211.5000000       5.24178e-19       5.24178e-19       0.00000e+00
 211.6000000       5.24200e-19       5.24200e-19       0.00000e+00
 211.7000000       5.24222e-19       5.24222e-19       0.00000e+00
 211.8000000       5.24244e-19       5.24244e-19       0.00000e+00
 211.9000000       5.24267e-19       5.24267e-19       0.00000e+00
 212.0000000       5.24289e-19       5.24289e-19       0.00000e+00
 212.1000000       5.24311e-19       5.24311e-19       0.00000e+00
 212.2000000       5.24333e-19       5.24333e-19       0.00000e+00
 212.3000000       5.24356e-19       5.24356e-19       0.00000e+00
 212.4000000       5.24378e-19       5.24378e-19       0.00000e+00
 212.5000000       5.24400e-19       5.24400e-19       0.00000e+00
 212.6000000       5.24422e-19       5.24422e-19       0.00000e+00
 212.7000000       5.24444e-19       5.24444e-19       0.00000e+00
 212.8000000       5.24466e-19       5.24466e-19       0.00000e+00
 212.9000000       5.24488e-19       5.24488e-19       0.00000e+00
 213.0000000       5.24510e-19       5.24510e-19       0.00000e+00
 213.1000000       5.24532e-19       5.24532e-19       0.00000e+00
 213.2000000       5.24554e-19       5.24554e-19       0.00000e+00
 213.3000000       5.24576e-19       5.24576e-19       0.00000e+00
 213.4000000       5.24598e-19       5.24598e-19       0.00000e+00
 213.5000000       5.24620e-19       5.24620e-19       0.00000e+00
 213.6000000       5.24642e-19       5.24642e-19       0.00000e+00
 213.7000000       5.24664e-19       5.24664e-19       0.00000e+00
 213.8000000       5.24686e-19       5.24686e-19       0.00000e+00
 213.9000000       5.24707e-19       5.24707e-19       0.00000e+00
 214.0000000       5.24729e-19       5.24729e-19       0.00000e+00
 214.1000000       5.24621e-19       5.24621e-19       0.00000e+00
 214.2000000       5.22271e-19       5.22271e-19       0.00000e+00
 214.3000000       5.19111e-19       5.19111e-19       0.00000e+00
 214.4000000       5.15951e-19       5.15951e-19       0.00000e+00
 214.5000000       5.12791e-19       5.12791e-19       0.00000e+00
 214.6000000       5.09631e-19       5.09631e-19       0.00000e+00
 214.7000000       5.06471e-19       5.06471e-19       0.00000e+00
 214.8000000       5.03311e-19       5.03311e-19       0.00000e+00
 214.9000000       5.00151e-19       5.00151e-19       0.00000e+00
 215.0000000       4.96991e-19       4.96991e-19       0.00000e+00
 215.1000000       4.93831e-19       4.93831e-19       0.00000e+00
 215.2000000       4.90671e-19       4.90671e-19       0.00000e+00
 215.3000000       4.87511e-19       4.87511e-19       0.00000e+00
 215.4000000       4.84350e-19       4.84350e-19       0.00000e+00
 215.5000000       4.81190e-19       4.81190e-19       0.00000e+00
 215.6000000       4.78069e-19       4.78069e-19       0.00000e+00
 215.7000000       4.78730e-19       4.78730e-19       0.00000e+00
 215.8000000       4.81890e-19       4.81890e-19       0.00000e+00
 215.9000000       4.85051e-19       4.85051e-19       0.00000e+00
 216.0000000       4.88211e-19       4.88211e-19       0.00000e+00
 216.1000000       4.91372e-19       4.91372e-19       0.00000e+00
 216.2000000       4.94532e-19       4.94532e-19       0.00000e+00
 216.3000000       4.97693e-19       4.97693e-19       0.00000e+00
 216.4000000       5.00853e-19       5.00853e-19       0.00000e+00
 216.5000000       5.04014e-19       5.04014e-19       0.00000e+00
 216.6000000       5.07174e-19       5.07174e-19       0.00000e+00
 216.7000000       5.10335e-19       5.10335e-19       0.00000e+00
 216.8000000       5.13495e-19       5.13495e-19       0.00000e+00
 216.9000000       5.16656e-19       5.16656e-19       0.00000e+00
 217.0000000       5.19816e-19       5.19816e-19       0.00000e+00
 217.1000000       5.22977e-19       5.22977e-19       0.00000e+00
 217.2000000       5.23655e-19       5.23655e-19       0.00000e+00
 217.3000000       5.17833e-19       5.17833e-19       0.00000e+00
 217.4000000       5.11671e-19       5.11671e-19       0.00000e+00
 217.5000000       5.05509e-19       5.05509e-19       0.00000e+00
 217.6000000       4.99346e-19       4.99346e-19       0.00000e+00
 217.7000000       4.93184e-19       4.93184e-19       0.00000e+00
 217.8000000       4.87022e-19       4.87022e-19       0.00000e+00
 217.9000000       4.80860e-19       4.80860e-19       0.00000e+00
 218.0000000       4.74697e-19       4.74697e-19       0.00000e+00
 218.1000000       4.68535e-19       4.68535e-19       0.00000e+00
 218.2000000       4.62373e-19       4.62373e-19       0.00000e+00
 218.3000000       4.56211e-19       4.56211e-19       0.00000e+00
 218.4000000       4.50048e-19       4.50048e-19       0.00000e+00
 218.5000000       4.43886e-19       4.43886e-19       0.00000e+00
 218.6000000       4.37724e-19       4.37724e-19       0.00000e+00
 218.7000000       4.31601e-19       4.31601e-19       0.00000e+00
 218.8000000       4.29186e-19       4.29186e-19       0.00000e+00
 218.9000000       4.29206e-19       4.29206e-19       0.00000e+00
 219.0000000       4.29227e-19       4.29227e-19       0.00000e+00
 219.1000000       4.29248e-19       4.29248e-19       0.00000e+00
 219.2000000       4.29269e-19       4.29269e-19       0.00000e+00
 219.3000000       4.29289e-19       4.29289e-19       0.00000e+00
 219.4000000       4.29310e-19       4.29310e-19       0.00000e+00
 219.5000000       4.29331e-19       4.29331e-19       0.00000e+00
 219.6000000       4.29351e-19       4.29351e-19       0.00000e+00
 219.7000000       4.29372e-19       4.29372e-19       0.00000e+00
 219.8000000       4.29393e-19       4.29393e-19       0.00000e+00
 219.9000000       4.29414e-19       4.29414e-19       0.00000e+00
 220.0000000       4.29434e-19       4.29434e-19       0.00000e+00
 220.1000000       4.29455e-19       4.29455e-19       0.00000e+00
 220.2000000       4.29476e-19       4.29476e-19       0.00000e+00
 220.3000000       4.29496e-19       4.29496e-19       0.00000e+00
 220.4000000       4.29516e-19       4.29516e-19       0.00000e+00
 220.5000000       4.29537e-19       4.29537e-19       0.00000e+00
 220.6000000       4.29557e-19       4.29557e-19       0.00000e+00
 220.7000000       4.29578e-19       4.29578e-19       0.00000e+00
 220.8000000       4.29598e-19       4.29598e-19       0.00000e+00
 220.9000000       4.29618e-19       4.29618e-19       0.00000e+00
 221.0000000       4.29639e-19       4.29639e-19       0.00000e+00
 221.1000000       4.29659e-19       4.29659e-19       0.00000e+00
 221.2000000       4.29679e-19       4.29679e-19       0.00000e+00
 221.3000000       4.29700e-19       4.29700e-19       0.00000e+00
 221.4000000       4.29720e-19       4.29720e-19       0.00000e+00
 221.5000000       4.29741e-19       4.29741e-19       0.00000e+00
 221.6000000       4.29761e-19       4.29761e-19       0.00000e+00
 221.7000000       4.29781e-19       4.29781e-19       0.00000e+00
 221.8000000       4.29802e-19       4.29802e-19       0.00000e+00
 221.9000000       4.29822e-19       4.29822e-19       0.00000e+00
 222.0000000       4.29842e-19       4.29842e-19       0.00000e+00
 222.1000000       4.29862e-19       4.29862e-19       0.00000e+00
 222.2000000       4.29882e-19       4.29882e-19       0.00000e+00
 222.3000000       4.29902e-19       4.29902e-19       0.00000e+00
 222.4000000       4.29923e-19       4.29923e-19       0.00000e+00
 222.5000000       4.29943e-19       4.29943e-19       0.00000e+00
 222.6000000       4.29963e-19       4.29963e-19       0.00000e+00
 222.7000000       4.29983e-19       4.29983e-19       0.00000e+00
 222.8000000       4.30003e-19       4.30003e-19       0.00000e+00
 222.9000000       4.30023e-19       4.30023e-19       0.00000e+00
 223.0000000       4.30044e-19       4.30044e-19       0.00000e+00
 223.1000000       4.30064e-19       4.30064e-19       0.00000e+00
 223.2000000       4.30084e-19       4.30084e-19       0.00000e+00
 223.3000000       4.30104e-19       4.30104e-19       0.00000e+00
 223.4000000       4.26116e-19       4.26116e-19       0.00000e+00
 223.5000000       4.02657e-19       4.02657e-19       0.00000e+00
 223.6000000       3.76614e-19       3.76614e-19       0.00000e+00
 223.7000000       3.50570e-19       3.50570e-19       0.00000e+00
 223.8000000       3.24527e-19       3.24527e-19       0.00000e+00
 223.9000000       2.98483e-19       2.98483e-19       0.00000e+00
 224.0000000       2.72440e-19       2.72440e-19       0.00000e+00
 224.1000000       2.46396e-19       2.46396e-19       0.00000e+00
 224.2000000       2.20352e-19       2.20352e-19       0.00000e+00
 224.3000000       1.94309e-19       1.94309e-19       0.00000e+00
 224.4000000       1.68265e-19       1.68265e-19       0.00000e+00
 224.5000000       1.42222e-19       1.42222e-19       0.00000e+00
 224.6000000       1.16178e-19       1.16178e-19       0.00000e+00
 224.7000000       9.01345e-20       9.01345e-20       0.00000e+00
 224.8000000       6.40909e-20       6.40909e-20       0.00000e+00
 224.9000000       3.80474e-20       3.80474e-20       0.00000e+00
 225.0000000       1.85147e-20       1.85147e-20       0.00000e+00
