# Cross sections for Ni
# Converted from earlier Leiden database cross sections by Alan Heays 2016-02-24
# Photoionisation source: Ni  PHOTOIONIZATION
# Lines represented with lorentzian of width 0.0005 nm FWHM
# wavelength: (nm)
# photoabsorption:    cross section (cm2)
# photoionisation:    cross section (cm2)
# 
# wavelength   photoabsorption   photoionisation
  91.3000000       2.12008e-20       2.12008e-20
  91.4000000       2.19213e-20       2.19213e-20
  91.5000000       2.28820e-20       2.28820e-20
  91.6000000       2.38426e-20       2.38426e-20
  91.7000000       2.48033e-20       2.48033e-20
  91.8000000       2.57640e-20       2.57640e-20
  91.9000000       2.67246e-20       2.67246e-20
  92.0000000       2.76853e-20       2.76853e-20
  92.1000000       2.86459e-20       2.86459e-20
  92.2000000       2.96066e-20       2.96066e-20
  92.3000000       3.05672e-20       3.05672e-20
  92.4000000       3.15279e-20       3.15279e-20
  92.5000000       3.24886e-20       3.24886e-20
  92.6000000       3.34492e-20       3.34492e-20
  92.7000000       3.44099e-20       3.44099e-20
  92.8000000       3.53705e-20       3.53705e-20
  92.9000000       3.63312e-20       3.63312e-20
  93.0000000       3.72919e-20       3.72919e-20
  93.1000000       3.82525e-20       3.82525e-20
  93.2000000       3.92132e-20       3.92132e-20
  93.3000000       4.01738e-20       4.01738e-20
  93.4000000       4.11345e-20       4.11345e-20
  93.5000000       4.20952e-20       4.20952e-20
  93.6000000       4.30558e-20       4.30558e-20
  93.7000000       4.40165e-20       4.40165e-20
  93.8000000       4.49771e-20       4.49771e-20
  93.9000000       4.59378e-20       4.59378e-20
  94.0000000       4.68984e-20       4.68984e-20
  94.1000000       4.78591e-20       4.78591e-20
  94.2000000       4.88198e-20       4.88198e-20
  94.3000000       4.97804e-20       4.97804e-20
  94.4000000       5.07411e-20       5.07411e-20
  94.5000000       5.17017e-20       5.17017e-20
  94.6000000       5.26624e-20       5.26624e-20
  94.7000000       5.36231e-20       5.36231e-20
  94.8000000       5.45837e-20       5.45837e-20
  94.9000000       5.55444e-20       5.55444e-20
  95.0000000       5.65050e-20       5.65050e-20
  95.1000000       5.74657e-20       5.74657e-20
  95.2000000       5.84263e-20       5.84263e-20
  95.3000000       5.93870e-20       5.93870e-20
  95.4000000       6.03477e-20       6.03477e-20
  95.5000000       6.13083e-20       6.13083e-20
  95.6000000       6.22690e-20       6.22690e-20
  95.7000000       6.32296e-20       6.32296e-20
  95.8000000       6.41903e-20       6.41903e-20
  95.9000000       6.51510e-20       6.51510e-20
  96.0000000       6.61116e-20       6.61116e-20
  96.1000000       6.70723e-20       6.70723e-20
  96.2000000       6.80329e-20       6.80329e-20
  96.3000000       6.89936e-20       6.89936e-20
  96.4000000       6.99543e-20       6.99543e-20
  96.5000000       7.09149e-20       7.09149e-20
  96.6000000       7.18756e-20       7.18756e-20
  96.7000000       7.28362e-20       7.28362e-20
  96.8000000       7.37969e-20       7.37969e-20
  96.9000000       7.47575e-20       7.47575e-20
  97.0000000       7.57182e-20       7.57182e-20
  97.1000000       7.66789e-20       7.66789e-20
  97.2000000       7.76395e-20       7.76395e-20
  97.3000000       7.86002e-20       7.86002e-20
  97.4000000       7.95608e-20       7.95608e-20
  97.5000000       8.05215e-20       8.05215e-20
  97.6000000       8.14822e-20       8.14822e-20
  97.7000000       8.24428e-20       8.24428e-20
  97.8000000       8.34035e-20       8.34035e-20
  97.9000000       8.43641e-20       8.43641e-20
  98.0000000       8.53248e-20       8.53248e-20
  98.1000000       8.62855e-20       8.62855e-20
  98.2000000       8.72461e-20       8.72461e-20
  98.3000000       8.82068e-20       8.82068e-20
  98.4000000       8.91674e-20       8.91674e-20
  98.5000000       9.01281e-20       9.01281e-20
  98.6000000       9.10887e-20       9.10887e-20
  98.7000000       9.20494e-20       9.20494e-20
  98.8000000       9.30101e-20       9.30101e-20
  98.9000000       9.39707e-20       9.39707e-20
  99.0000000       9.49314e-20       9.49314e-20
  99.1000000       9.58920e-20       9.58920e-20
  99.2000000       9.68527e-20       9.68527e-20
  99.3000000       9.78134e-20       9.78134e-20
  99.4000000       9.87740e-20       9.87740e-20
  99.5000000       9.97347e-20       9.97347e-20
  99.6000000       1.00695e-19       1.00695e-19
  99.7000000       1.01656e-19       1.01656e-19
  99.8000000       1.02617e-19       1.02617e-19
  99.9000000       1.03577e-19       1.03577e-19
 100.0000000       1.04538e-19       1.04538e-19
 100.1000000       1.05499e-19       1.05499e-19
 100.2000000       1.06459e-19       1.06459e-19
 100.3000000       1.07420e-19       1.07420e-19
 100.4000000       1.08381e-19       1.08381e-19
 100.5000000       1.09341e-19       1.09341e-19
 100.6000000       1.10302e-19       1.10302e-19
 100.7000000       1.11263e-19       1.11263e-19
 100.8000000       1.12223e-19       1.12223e-19
 100.9000000       1.13184e-19       1.13184e-19
 101.0000000       1.14145e-19       1.14145e-19
 101.1000000       1.15105e-19       1.15105e-19
 101.2000000       1.16066e-19       1.16066e-19
 101.3000000       1.17027e-19       1.17027e-19
 101.4000000       1.17987e-19       1.17987e-19
 101.5000000       1.18948e-19       1.18948e-19
 101.6000000       1.19909e-19       1.19909e-19
 101.7000000       1.20869e-19       1.20869e-19
 101.8000000       1.21830e-19       1.21830e-19
 101.9000000       1.22790e-19       1.22790e-19
 102.0000000       1.23751e-19       1.23751e-19
 102.1000000       1.24712e-19       1.24712e-19
 102.2000000       1.25672e-19       1.25672e-19
 102.3000000       1.26633e-19       1.26633e-19
 102.4000000       1.27594e-19       1.27594e-19
 102.5000000       1.28554e-19       1.28554e-19
 102.6000000       1.29515e-19       1.29515e-19
 102.7000000       1.30476e-19       1.30476e-19
 102.8000000       1.31436e-19       1.31436e-19
 102.9000000       1.32397e-19       1.32397e-19
 103.0000000       1.33358e-19       1.33358e-19
 103.1000000       1.34318e-19       1.34318e-19
 103.2000000       1.35279e-19       1.35279e-19
 103.3000000       1.36240e-19       1.36240e-19
 103.4000000       1.37200e-19       1.37200e-19
 103.5000000       1.38161e-19       1.38161e-19
 103.6000000       1.39122e-19       1.39122e-19
 103.7000000       1.40082e-19       1.40082e-19
 103.8000000       1.41043e-19       1.41043e-19
 103.9000000       1.42004e-19       1.42004e-19
 104.0000000       1.42964e-19       1.42964e-19
 104.1000000       1.43925e-19       1.43925e-19
 104.2000000       1.44886e-19       1.44886e-19
 104.3000000       1.45846e-19       1.45846e-19
 104.4000000       1.46807e-19       1.46807e-19
 104.5000000       1.47768e-19       1.47768e-19
 104.6000000       1.48728e-19       1.48728e-19
 104.7000000       1.49689e-19       1.49689e-19
 104.8000000       1.50650e-19       1.50650e-19
 104.9000000       1.51610e-19       1.51610e-19
 105.0000000       1.52571e-19       1.52571e-19
 105.1000000       1.53532e-19       1.53532e-19
 105.2000000       1.54492e-19       1.54492e-19
 105.3000000       1.55453e-19       1.55453e-19
 105.4000000       1.56414e-19       1.56414e-19
 105.5000000       1.57374e-19       1.57374e-19
 105.6000000       1.58335e-19       1.58335e-19
 105.7000000       1.59296e-19       1.59296e-19
 105.8000000       1.60256e-19       1.60256e-19
 105.9000000       1.61217e-19       1.61217e-19
 106.0000000       1.62177e-19       1.62177e-19
 106.1000000       1.63138e-19       1.63138e-19
 106.2000000       1.64099e-19       1.64099e-19
 106.3000000       1.65059e-19       1.65059e-19
 106.4000000       1.66020e-19       1.66020e-19
 106.5000000       1.66981e-19       1.66981e-19
 106.6000000       1.67941e-19       1.67941e-19
 106.7000000       1.68902e-19       1.68902e-19
 106.8000000       1.69863e-19       1.69863e-19
 106.9000000       1.70823e-19       1.70823e-19
 107.0000000       1.71784e-19       1.71784e-19
 107.1000000       1.72745e-19       1.72745e-19
 107.2000000       1.73705e-19       1.73705e-19
 107.3000000       1.74666e-19       1.74666e-19
 107.4000000       1.75627e-19       1.75627e-19
 107.5000000       1.76587e-19       1.76587e-19
 107.6000000       1.77548e-19       1.77548e-19
 107.7000000       1.78509e-19       1.78509e-19
 107.8000000       1.79469e-19       1.79469e-19
 107.9000000       1.80430e-19       1.80430e-19
 108.0000000       1.81391e-19       1.81391e-19
 108.1000000       1.82351e-19       1.82351e-19
 108.2000000       1.83312e-19       1.83312e-19
 108.3000000       1.84273e-19       1.84273e-19
 108.4000000       1.85233e-19       1.85233e-19
 108.5000000       1.86194e-19       1.86194e-19
 108.6000000       1.87155e-19       1.87155e-19
 108.7000000       1.88115e-19       1.88115e-19
 108.8000000       1.89076e-19       1.89076e-19
 108.9000000       1.90037e-19       1.90037e-19
 109.0000000       1.90997e-19       1.90997e-19
 109.1000000       1.91958e-19       1.91958e-19
 109.2000000       1.92919e-19       1.92919e-19
 109.3000000       1.93879e-19       1.93879e-19
 109.4000000       1.94840e-19       1.94840e-19
 109.5000000       1.95801e-19       1.95801e-19
 109.6000000       1.96761e-19       1.96761e-19
 109.7000000       1.97722e-19       1.97722e-19
 109.8000000       1.98683e-19       1.98683e-19
 109.9000000       1.99643e-19       1.99643e-19
 110.0000000       2.00604e-19       2.00604e-19
 110.1000000       2.01565e-19       2.01565e-19
 110.2000000       2.02525e-19       2.02525e-19
 110.3000000       2.03486e-19       2.03486e-19
 110.4000000       2.04446e-19       2.04446e-19
 110.5000000       2.05407e-19       2.05407e-19
 110.6000000       2.06368e-19       2.06368e-19
 110.7000000       2.07328e-19       2.07328e-19
 110.8000000       2.08289e-19       2.08289e-19
 110.9000000       2.09250e-19       2.09250e-19
 111.0000000       2.10210e-19       2.10210e-19
 111.1000000       2.11171e-19       2.11171e-19
 111.2000000       2.12132e-19       2.12132e-19
 111.3000000       2.13092e-19       2.13092e-19
 111.4000000       2.14053e-19       2.14053e-19
 111.5000000       2.15014e-19       2.15014e-19
 111.6000000       2.15974e-19       2.15974e-19
 111.7000000       2.16935e-19       2.16935e-19
 111.8000000       2.17896e-19       2.17896e-19
 111.9000000       2.18856e-19       2.18856e-19
 112.0000000       2.19817e-19       2.19817e-19
 112.1000000       2.20778e-19       2.20778e-19
 112.2000000       2.21738e-19       2.21738e-19
 112.3000000       2.22699e-19       2.22699e-19
 112.4000000       2.23660e-19       2.23660e-19
 112.5000000       2.24620e-19       2.24620e-19
 112.6000000       2.25581e-19       2.25581e-19
 112.7000000       2.26542e-19       2.26542e-19
 112.8000000       2.27502e-19       2.27502e-19
 112.9000000       2.28463e-19       2.28463e-19
 113.0000000       2.29424e-19       2.29424e-19
 113.1000000       2.30384e-19       2.30384e-19
 113.2000000       2.31345e-19       2.31345e-19
 113.3000000       2.32306e-19       2.32306e-19
 113.4000000       2.33266e-19       2.33266e-19
 113.5000000       2.34227e-19       2.34227e-19
 113.6000000       2.35188e-19       2.35188e-19
 113.7000000       2.36148e-19       2.36148e-19
 113.8000000       2.37109e-19       2.37109e-19
 113.9000000       2.38070e-19       2.38070e-19
 114.0000000       2.39030e-19       2.39030e-19
 114.1000000       2.39991e-19       2.39991e-19
 114.2000000       2.40952e-19       2.40952e-19
 114.3000000       2.41912e-19       2.41912e-19
 114.4000000       2.42873e-19       2.42873e-19
 114.5000000       2.43833e-19       2.43833e-19
 114.6000000       2.44794e-19       2.44794e-19
 114.7000000       2.45755e-19       2.45755e-19
 114.8000000       2.46715e-19       2.46715e-19
 114.9000000       2.47676e-19       2.47676e-19
 115.0000000       2.48637e-19       2.48637e-19
 115.1000000       2.49597e-19       2.49597e-19
 115.2000000       2.50558e-19       2.50558e-19
 115.3000000       2.51519e-19       2.51519e-19
 115.4000000       2.52479e-19       2.52479e-19
 115.5000000       2.53440e-19       2.53440e-19
 115.6000000       2.54401e-19       2.54401e-19
 115.7000000       2.55361e-19       2.55361e-19
 115.8000000       2.56322e-19       2.56322e-19
 115.9000000       2.57283e-19       2.57283e-19
 116.0000000       2.58243e-19       2.58243e-19
 116.1000000       2.59204e-19       2.59204e-19
 116.2000000       2.60165e-19       2.60165e-19
 116.3000000       2.61125e-19       2.61125e-19
 116.4000000       2.62086e-19       2.62086e-19
 116.5000000       2.63047e-19       2.63047e-19
 116.6000000       2.64007e-19       2.64007e-19
 116.7000000       2.64968e-19       2.64968e-19
 116.8000000       2.65929e-19       2.65929e-19
 116.9000000       2.66889e-19       2.66889e-19
 117.0000000       2.67850e-19       2.67850e-19
 117.1000000       2.68811e-19       2.68811e-19
 117.2000000       2.69771e-19       2.69771e-19
 117.3000000       2.70732e-19       2.70732e-19
 117.4000000       2.71693e-19       2.71693e-19
 117.5000000       2.72653e-19       2.72653e-19
 117.6000000       2.73614e-19       2.73614e-19
 117.7000000       2.74575e-19       2.74575e-19
 117.8000000       2.75535e-19       2.75535e-19
 117.9000000       2.76496e-19       2.76496e-19
 118.0000000       2.77457e-19       2.77457e-19
 118.1000000       2.78417e-19       2.78417e-19
 118.2000000       2.79378e-19       2.79378e-19
 118.3000000       2.80339e-19       2.80339e-19
 118.4000000       2.81299e-19       2.81299e-19
 118.5000000       2.82260e-19       2.82260e-19
 118.6000000       2.83220e-19       2.83220e-19
 118.7000000       2.84181e-19       2.84181e-19
 118.8000000       2.85142e-19       2.85142e-19
 118.9000000       2.86102e-19       2.86102e-19
 119.0000000       2.87063e-19       2.87063e-19
 119.1000000       2.88024e-19       2.88024e-19
 119.2000000       2.88984e-19       2.88984e-19
 119.3000000       2.89945e-19       2.89945e-19
 119.4000000       2.90906e-19       2.90906e-19
 119.5000000       2.91866e-19       2.91866e-19
 119.6000000       2.92827e-19       2.92827e-19
 119.7000000       2.93788e-19       2.93788e-19
 119.8000000       2.94748e-19       2.94748e-19
 119.9000000       2.95709e-19       2.95709e-19
 120.0000000       2.96670e-19       2.96670e-19
 120.1000000       2.97630e-19       2.97630e-19
 120.2000000       2.98591e-19       2.98591e-19
 120.3000000       2.99552e-19       2.99552e-19
 120.4000000       3.00512e-19       3.00512e-19
 120.5000000       3.01473e-19       3.01473e-19
 120.6000000       3.02434e-19       3.02434e-19
 120.7000000       3.03394e-19       3.03394e-19
 120.8000000       3.04355e-19       3.04355e-19
 120.9000000       3.05316e-19       3.05316e-19
 121.0000000       3.06276e-19       3.06276e-19
 121.1000000       3.07237e-19       3.07237e-19
 121.2000000       3.08198e-19       3.08198e-19
 121.3000000       3.09158e-19       3.09158e-19
 121.4000000       3.10119e-19       3.10119e-19
 121.5000000       3.11080e-19       3.11080e-19
 121.6000000       3.12040e-19       3.12040e-19
 121.7000000       3.13001e-19       3.13001e-19
 121.8000000       3.13962e-19       3.13962e-19
 121.9000000       3.14922e-19       3.14922e-19
 122.0000000       3.15883e-19       3.15883e-19
 122.1000000       3.16844e-19       3.16844e-19
 122.2000000       3.17804e-19       3.17804e-19
 122.3000000       3.18765e-19       3.18765e-19
 122.4000000       3.19726e-19       3.19726e-19
 122.5000000       3.20686e-19       3.20686e-19
 122.6000000       3.21647e-19       3.21647e-19
 122.7000000       3.22608e-19       3.22608e-19
 122.8000000       3.23568e-19       3.23568e-19
 122.9000000       3.24529e-19       3.24529e-19
 123.0000000       3.25489e-19       3.25489e-19
 123.1000000       3.26450e-19       3.26450e-19
 123.2000000       3.27411e-19       3.27411e-19
 123.3000000       3.28371e-19       3.28371e-19
 123.4000000       3.29332e-19       3.29332e-19
 123.5000000       3.30293e-19       3.30293e-19
 123.6000000       3.31253e-19       3.31253e-19
 123.7000000       3.32214e-19       3.32214e-19
 123.8000000       3.33175e-19       3.33175e-19
 123.9000000       3.34135e-19       3.34135e-19
 124.0000000       3.35531e-19       3.35531e-19
 124.1000000       3.38715e-19       3.38715e-19
 124.2000000       3.42092e-19       3.42092e-19
 124.3000000       3.45468e-19       3.45468e-19
 124.4000000       3.48845e-19       3.48845e-19
 124.5000000       3.52222e-19       3.52222e-19
 124.6000000       3.55599e-19       3.55599e-19
 124.7000000       3.58976e-19       3.58976e-19
 124.8000000       3.62353e-19       3.62353e-19
 124.9000000       3.65730e-19       3.65730e-19
 125.0000000       3.69107e-19       3.69107e-19
 125.1000000       3.72484e-19       3.72484e-19
 125.2000000       3.75861e-19       3.75861e-19
 125.3000000       3.79237e-19       3.79237e-19
 125.4000000       3.82614e-19       3.82614e-19
 125.5000000       3.85991e-19       3.85991e-19
 125.6000000       3.89368e-19       3.89368e-19
 125.7000000       3.92745e-19       3.92745e-19
 125.8000000       3.96122e-19       3.96122e-19
 125.9000000       3.99499e-19       3.99499e-19
 126.0000000       4.02876e-19       4.02876e-19
 126.1000000       4.06253e-19       4.06253e-19
 126.2000000       4.09630e-19       4.09630e-19
 126.3000000       4.13007e-19       4.13007e-19
 126.4000000       4.16383e-19       4.16383e-19
 126.5000000       4.19760e-19       4.19760e-19
 126.6000000       4.23137e-19       4.23137e-19
 126.7000000       4.26514e-19       4.26514e-19
 126.8000000       4.29891e-19       4.29891e-19
 126.9000000       4.33268e-19       4.33268e-19
 127.0000000       4.36645e-19       4.36645e-19
 127.1000000       4.40022e-19       4.40022e-19
 127.2000000       4.43399e-19       4.43399e-19
 127.3000000       4.46776e-19       4.46776e-19
 127.4000000       4.50153e-19       4.50153e-19
 127.5000000       4.53529e-19       4.53529e-19
 127.6000000       4.56906e-19       4.56906e-19
 127.7000000       4.60283e-19       4.60283e-19
 127.8000000       4.63660e-19       4.63660e-19
 127.9000000       4.67037e-19       4.67037e-19
 128.0000000       4.70414e-19       4.70414e-19
 128.1000000       4.73791e-19       4.73791e-19
 128.2000000       4.77168e-19       4.77168e-19
 128.3000000       4.80545e-19       4.80545e-19
 128.4000000       4.83922e-19       4.83922e-19
 128.5000000       4.87298e-19       4.87298e-19
 128.6000000       4.90675e-19       4.90675e-19
 128.7000000       4.94052e-19       4.94052e-19
 128.8000000       4.97429e-19       4.97429e-19
 128.9000000       5.00806e-19       5.00806e-19
 129.0000000       5.04183e-19       5.04183e-19
 129.1000000       5.07560e-19       5.07560e-19
 129.2000000       5.10937e-19       5.10937e-19
 129.3000000       5.14314e-19       5.14314e-19
 129.4000000       5.17691e-19       5.17691e-19
 129.5000000       5.21068e-19       5.21068e-19
 129.6000000       5.24444e-19       5.24444e-19
 129.7000000       5.27821e-19       5.27821e-19
 129.8000000       5.31198e-19       5.31198e-19
 129.9000000       5.34575e-19       5.34575e-19
 130.0000000       5.37952e-19       5.37952e-19
 130.1000000       5.41329e-19       5.41329e-19
 130.2000000       5.44706e-19       5.44706e-19
 130.3000000       5.48083e-19       5.48083e-19
 130.4000000       5.51460e-19       5.51460e-19
 130.5000000       5.54837e-19       5.54837e-19
 130.6000000       5.58214e-19       5.58214e-19
 130.7000000       5.61590e-19       5.61590e-19
 130.8000000       5.64967e-19       5.64967e-19
 130.9000000       5.68344e-19       5.68344e-19
 131.0000000       5.71721e-19       5.71721e-19
 131.1000000       5.75098e-19       5.75098e-19
 131.2000000       5.78475e-19       5.78475e-19
 131.3000000       5.81852e-19       5.81852e-19
 131.4000000       5.85229e-19       5.85229e-19
 131.5000000       5.88606e-19       5.88606e-19
 131.6000000       5.91983e-19       5.91983e-19
 131.7000000       5.95359e-19       5.95359e-19
 131.8000000       5.98736e-19       5.98736e-19
 131.9000000       6.02113e-19       6.02113e-19
 132.0000000       6.05490e-19       6.05490e-19
 132.1000000       6.08867e-19       6.08867e-19
 132.2000000       6.12244e-19       6.12244e-19
 132.3000000       6.15621e-19       6.15621e-19
 132.4000000       6.18998e-19       6.18998e-19
 132.5000000       6.22375e-19       6.22375e-19
 132.6000000       6.25752e-19       6.25752e-19
 132.7000000       6.29129e-19       6.29129e-19
 132.8000000       6.32505e-19       6.32505e-19
 132.9000000       6.35882e-19       6.35882e-19
 133.0000000       6.39259e-19       6.39259e-19
 133.1000000       6.42636e-19       6.42636e-19
 133.2000000       6.46013e-19       6.46013e-19
 133.3000000       6.49390e-19       6.49390e-19
 133.4000000       6.52767e-19       6.52767e-19
 133.5000000       6.56144e-19       6.56144e-19
 133.6000000       6.59521e-19       6.59521e-19
 133.7000000       6.62898e-19       6.62898e-19
 133.8000000       6.66275e-19       6.66275e-19
 133.9000000       6.69651e-19       6.69651e-19
 134.0000000       6.73028e-19       6.73028e-19
 134.1000000       6.76405e-19       6.76405e-19
 134.2000000       6.79782e-19       6.79782e-19
 134.3000000       6.83159e-19       6.83159e-19
 134.4000000       6.86536e-19       6.86536e-19
 134.5000000       6.89913e-19       6.89913e-19
 134.6000000       6.93290e-19       6.93290e-19
 134.7000000       6.96667e-19       6.96667e-19
 134.8000000       7.00044e-19       7.00044e-19
 134.9000000       7.03420e-19       7.03420e-19
 135.0000000       7.06797e-19       7.06797e-19
 135.1000000       7.10174e-19       7.10174e-19
 135.2000000       7.13551e-19       7.13551e-19
 135.3000000       7.16928e-19       7.16928e-19
 135.4000000       7.20305e-19       7.20305e-19
 135.5000000       7.23682e-19       7.23682e-19
 135.6000000       7.27059e-19       7.27059e-19
 135.7000000       7.30436e-19       7.30436e-19
 135.8000000       7.33813e-19       7.33813e-19
 135.9000000       7.37190e-19       7.37190e-19
 136.0000000       7.40566e-19       7.40566e-19
 136.1000000       7.43943e-19       7.43943e-19
 136.2000000       7.47320e-19       7.47320e-19
 136.3000000       7.50697e-19       7.50697e-19
 136.4000000       7.54074e-19       7.54074e-19
 136.5000000       7.57451e-19       7.57451e-19
 136.6000000       7.60828e-19       7.60828e-19
 136.7000000       7.64205e-19       7.64205e-19
 136.8000000       7.67582e-19       7.67582e-19
 136.9000000       7.70959e-19       7.70959e-19
 137.0000000       7.74336e-19       7.74336e-19
 137.1000000       7.77712e-19       7.77712e-19
 137.2000000       7.81089e-19       7.81089e-19
 137.3000000       7.84466e-19       7.84466e-19
 137.4000000       7.87843e-19       7.87843e-19
 137.5000000       7.91220e-19       7.91220e-19
 137.6000000       7.94597e-19       7.94597e-19
 137.7000000       7.97974e-19       7.97974e-19
 137.8000000       8.02382e-19       8.02382e-19
 137.9000000       8.08293e-19       8.08293e-19
 138.0000000       8.14216e-19       8.14216e-19
 138.1000000       8.20139e-19       8.20139e-19
 138.2000000       8.26063e-19       8.26063e-19
 138.3000000       8.31986e-19       8.31986e-19
 138.4000000       8.37909e-19       8.37909e-19
 138.5000000       8.43833e-19       8.43833e-19
 138.6000000       8.49756e-19       8.49756e-19
 138.7000000       8.55679e-19       8.55679e-19
 138.8000000       8.61603e-19       8.61603e-19
 138.9000000       8.67526e-19       8.67526e-19
 139.0000000       8.73449e-19       8.73449e-19
 139.1000000       8.79373e-19       8.79373e-19
 139.2000000       8.85296e-19       8.85296e-19
 139.3000000       8.91220e-19       8.91220e-19
 139.4000000       8.97143e-19       8.97143e-19
 139.5000000       9.03066e-19       9.03066e-19
 139.6000000       9.08990e-19       9.08990e-19
 139.7000000       9.14913e-19       9.14913e-19
 139.8000000       9.20836e-19       9.20836e-19
 139.9000000       9.26760e-19       9.26760e-19
 140.0000000       9.32683e-19       9.32683e-19
 140.1000000       9.38606e-19       9.38606e-19
 140.2000000       9.44530e-19       9.44530e-19
 140.3000000       9.50453e-19       9.50453e-19
 140.4000000       9.56376e-19       9.56376e-19
 140.5000000       9.62300e-19       9.62300e-19
 140.6000000       9.68223e-19       9.68223e-19
 140.7000000       9.74146e-19       9.74146e-19
 140.8000000       9.80070e-19       9.80070e-19
 140.9000000       9.85993e-19       9.85993e-19
 141.0000000       9.91916e-19       9.91916e-19
 141.1000000       9.97840e-19       9.97840e-19
 141.2000000       1.00376e-18       1.00376e-18
 141.3000000       1.00969e-18       1.00969e-18
 141.4000000       1.01561e-18       1.01561e-18
 141.5000000       1.02153e-18       1.02153e-18
 141.6000000       1.02746e-18       1.02746e-18
 141.7000000       1.03338e-18       1.03338e-18
 141.8000000       1.03930e-18       1.03930e-18
 141.9000000       1.04523e-18       1.04523e-18
 142.0000000       1.05115e-18       1.05115e-18
 142.1000000       1.05707e-18       1.05707e-18
 142.2000000       1.06300e-18       1.06300e-18
 142.3000000       1.06892e-18       1.06892e-18
 142.4000000       1.07484e-18       1.07484e-18
 142.5000000       1.08077e-18       1.08077e-18
 142.6000000       1.08669e-18       1.08669e-18
 142.7000000       1.09261e-18       1.09261e-18
 142.8000000       1.09854e-18       1.09854e-18
 142.9000000       1.10446e-18       1.10446e-18
 143.0000000       1.11038e-18       1.11038e-18
 143.1000000       1.11631e-18       1.11631e-18
 143.2000000       1.12223e-18       1.12223e-18
 143.3000000       1.12815e-18       1.12815e-18
 143.4000000       1.13408e-18       1.13408e-18
 143.5000000       1.14000e-18       1.14000e-18
 143.6000000       1.14592e-18       1.14592e-18
 143.7000000       1.15185e-18       1.15185e-18
 143.8000000       1.15777e-18       1.15777e-18
 143.9000000       1.16369e-18       1.16369e-18
 144.0000000       1.16962e-18       1.16962e-18
 144.1000000       1.17554e-18       1.17554e-18
 144.2000000       1.18146e-18       1.18146e-18
 144.3000000       1.18739e-18       1.18739e-18
 144.4000000       1.19331e-18       1.19331e-18
 144.5000000       1.19923e-18       1.19923e-18
 144.6000000       1.20516e-18       1.20516e-18
 144.7000000       1.21108e-18       1.21108e-18
 144.8000000       1.21700e-18       1.21700e-18
 144.9000000       1.22293e-18       1.22293e-18
 145.0000000       1.22885e-18       1.22885e-18
 145.1000000       1.23477e-18       1.23477e-18
 145.2000000       1.24070e-18       1.24070e-18
 145.3000000       1.24662e-18       1.24662e-18
 145.4000000       1.25254e-18       1.25254e-18
 145.5000000       1.25847e-18       1.25847e-18
 145.6000000       1.26439e-18       1.26439e-18
 145.7000000       1.27031e-18       1.27031e-18
 145.8000000       1.27624e-18       1.27624e-18
 145.9000000       1.28216e-18       1.28216e-18
 146.0000000       1.28808e-18       1.28808e-18
 146.1000000       1.29401e-18       1.29401e-18
 146.2000000       1.29993e-18       1.29993e-18
 146.3000000       1.30585e-18       1.30585e-18
 146.4000000       1.31178e-18       1.31178e-18
 146.5000000       1.31770e-18       1.31770e-18
 146.6000000       1.32362e-18       1.32362e-18
 146.7000000       1.32955e-18       1.32955e-18
 146.8000000       1.33547e-18       1.33547e-18
 146.9000000       1.34139e-18       1.34139e-18
 147.0000000       1.34732e-18       1.34732e-18
 147.1000000       1.35324e-18       1.35324e-18
 147.2000000       1.35916e-18       1.35916e-18
 147.3000000       1.36509e-18       1.36509e-18
 147.4000000       1.37101e-18       1.37101e-18
 147.5000000       1.37693e-18       1.37693e-18
 147.6000000       1.38286e-18       1.38286e-18
 147.7000000       1.38878e-18       1.38878e-18
 147.8000000       1.39470e-18       1.39470e-18
 147.9000000       1.40063e-18       1.40063e-18
 148.0000000       1.40655e-18       1.40655e-18
 148.1000000       1.41247e-18       1.41247e-18
 148.2000000       1.41840e-18       1.41840e-18
 148.3000000       1.42432e-18       1.42432e-18
 148.4000000       1.43024e-18       1.43024e-18
 148.5000000       1.43617e-18       1.43617e-18
 148.6000000       1.44209e-18       1.44209e-18
 148.7000000       1.44801e-18       1.44801e-18
 148.8000000       1.45394e-18       1.45394e-18
 148.9000000       1.45986e-18       1.45986e-18
 149.0000000       1.46578e-18       1.46578e-18
 149.1000000       1.47171e-18       1.47171e-18
 149.2000000       1.47763e-18       1.47763e-18
 149.3000000       1.48355e-18       1.48355e-18
 149.4000000       1.48948e-18       1.48948e-18
 149.5000000       1.49540e-18       1.49540e-18
 149.6000000       1.50132e-18       1.50132e-18
 149.7000000       1.50725e-18       1.50725e-18
 149.8000000       1.51317e-18       1.51317e-18
 149.9000000       1.51909e-18       1.51909e-18
 150.0000000       1.52502e-18       1.52502e-18
 150.1000000       1.53094e-18       1.53094e-18
 150.2000000       1.53686e-18       1.53686e-18
 150.3000000       1.54279e-18       1.54279e-18
 150.4000000       1.54871e-18       1.54871e-18
 150.5000000       1.55463e-18       1.55463e-18
 150.6000000       1.56056e-18       1.56056e-18
 150.7000000       1.56648e-18       1.56648e-18
 150.8000000       1.57240e-18       1.57240e-18
 150.9000000       1.57833e-18       1.57833e-18
 151.0000000       1.58425e-18       1.58425e-18
 151.1000000       1.59017e-18       1.59017e-18
 151.2000000       1.59610e-18       1.59610e-18
 151.3000000       1.60202e-18       1.60202e-18
 151.4000000       1.60794e-18       1.60794e-18
 151.5000000       1.61387e-18       1.61387e-18
 151.6000000       1.61979e-18       1.61979e-18
 151.7000000       1.62571e-18       1.62571e-18
 151.8000000       1.63164e-18       1.63164e-18
 151.9000000       1.63756e-18       1.63756e-18
 152.0000000       1.64348e-18       1.64348e-18
 152.1000000       1.64941e-18       1.64941e-18
 152.2000000       1.65533e-18       1.65533e-18
 152.3000000       1.66125e-18       1.66125e-18
 152.4000000       1.66718e-18       1.66718e-18
 152.5000000       1.67310e-18       1.67310e-18
 152.6000000       1.67902e-18       1.67902e-18
 152.7000000       1.68495e-18       1.68495e-18
 152.8000000       1.69087e-18       1.69087e-18
 152.9000000       1.69679e-18       1.69679e-18
 153.0000000       1.70272e-18       1.70272e-18
 153.1000000       1.70864e-18       1.70864e-18
 153.2000000       1.71456e-18       1.71456e-18
 153.3000000       1.72049e-18       1.72049e-18
 153.4000000       1.72641e-18       1.72641e-18
 153.5000000       1.73233e-18       1.73233e-18
 153.6000000       1.73826e-18       1.73826e-18
 153.7000000       1.74418e-18       1.74418e-18
 153.8000000       1.75010e-18       1.75010e-18
 153.9000000       1.75603e-18       1.75603e-18
 154.0000000       1.76195e-18       1.76195e-18
 154.1000000       1.76787e-18       1.76787e-18
 154.2000000       1.77380e-18       1.77380e-18
 154.3000000       1.77972e-18       1.77972e-18
 154.4000000       1.78564e-18       1.78564e-18
 154.5000000       1.79157e-18       1.79157e-18
 154.6000000       1.79749e-18       1.79749e-18
 154.7000000       1.80341e-18       1.80341e-18
 154.8000000       1.80934e-18       1.80934e-18
 154.9000000       1.81526e-18       1.81526e-18
 155.0000000       1.81973e-18       1.81973e-18
 155.1000000       1.82000e-18       1.82000e-18
 155.2000000       1.82000e-18       1.82000e-18
 155.3000000       1.82000e-18       1.82000e-18
 155.4000000       1.82000e-18       1.82000e-18
 155.5000000       1.82000e-18       1.82000e-18
 155.6000000       1.82000e-18       1.82000e-18
 155.7000000       1.82000e-18       1.82000e-18
 155.8000000       1.82000e-18       1.82000e-18
 155.9000000       1.82000e-18       1.82000e-18
 156.0000000       1.82000e-18       1.82000e-18
 156.1000000       1.82000e-18       1.82000e-18
 156.2000000       1.82000e-18       1.82000e-18
 156.3000000       1.82000e-18       1.82000e-18
 156.4000000       1.82000e-18       1.82000e-18
 156.5000000       1.82000e-18       1.82000e-18
 156.6000000       1.82000e-18       1.82000e-18
 156.7000000       1.82000e-18       1.82000e-18
 156.8000000       1.82000e-18       1.82000e-18
 156.9000000       1.82000e-18       1.82000e-18
 157.0000000       1.82000e-18       1.82000e-18
 157.1000000       1.82000e-18       1.82000e-18
 157.2000000       1.82000e-18       1.82000e-18
 157.3000000       1.82000e-18       1.82000e-18
 157.4000000       1.82000e-18       1.82000e-18
 157.5000000       1.82000e-18       1.82000e-18
 157.6000000       1.82000e-18       1.82000e-18
 157.7000000       1.82000e-18       1.82000e-18
 157.8000000       1.82000e-18       1.82000e-18
 157.9000000       1.82000e-18       1.82000e-18
 158.0000000       1.82000e-18       1.82000e-18
 158.1000000       1.82000e-18       1.82000e-18
 158.2000000       1.82000e-18       1.82000e-18
 158.3000000       1.82000e-18       1.82000e-18
 158.4000000       1.82000e-18       1.82000e-18
 158.5000000       1.82000e-18       1.82000e-18
 158.6000000       1.82000e-18       1.82000e-18
 158.7000000       1.82000e-18       1.82000e-18
 158.8000000       1.82000e-18       1.82000e-18
 158.9000000       1.82000e-18       1.82000e-18
 159.0000000       1.82000e-18       1.82000e-18
 159.1000000       1.82000e-18       1.82000e-18
 159.2000000       1.82000e-18       1.82000e-18
 159.3000000       1.82000e-18       1.82000e-18
 159.4000000       1.82000e-18       1.82000e-18
 159.5000000       1.82000e-18       1.82000e-18
 159.6000000       1.82000e-18       1.82000e-18
 159.7000000       1.82000e-18       1.82000e-18
 159.8000000       1.82000e-18       1.82000e-18
 159.9000000       1.82000e-18       1.82000e-18
 160.0000000       1.82000e-18       1.82000e-18
 160.1000000       1.82000e-18       1.82000e-18
 160.2000000       1.82000e-18       1.82000e-18
 160.3000000       1.82000e-18       1.82000e-18
 160.4000000       1.82000e-18       1.82000e-18
 160.5000000       1.82000e-18       1.82000e-18
 160.6000000       1.82000e-18       1.82000e-18
 160.7000000       1.82000e-18       1.82000e-18
 160.8000000       1.82000e-18       1.82000e-18
 160.9000000       1.82000e-18       1.82000e-18
 161.0000000       1.82000e-18       1.82000e-18
 161.1000000       1.82000e-18       1.82000e-18
 161.2000000       1.82000e-18       1.82000e-18
 161.3000000       1.82000e-18       1.82000e-18
 161.4000000       1.82000e-18       1.82000e-18
 161.5000000       1.82000e-18       1.82000e-18
 161.6000000       1.82000e-18       1.82000e-18
 161.7000000       1.82000e-18       1.82000e-18
 161.8000000       1.82000e-18       1.82000e-18
 161.9000000       1.82000e-18       1.82000e-18
 162.0000000       1.82000e-18       1.82000e-18
 162.1000000       1.82000e-18       1.82000e-18
 162.2000000       1.82000e-18       1.82000e-18
 162.3000000       1.82000e-18       1.82000e-18
 162.4000000       1.80345e-18       1.80345e-18
