# Cross sections for NO2
# Converted from earlier Leiden database cross sections by Alan Heays 2016-02-24
# Photodissociation source: NO2 P.D. CF. LEE '84
# Photoionisation source: NO2 P.I. CF. NAKAYAMA ET AL. ('59)
# Lines represented with gaussian of width 1.0 nm FWHM
# wavelength: (nm)
# photoabsorption:    cross section (cm2)
# photodissociation:  cross section (cm2)
# photoionisation:    cross section (cm2)
# 
# wavelength   photoabsorption photodissociation   photoionisation
  91.3000000       1.00500e-17       5.00000e-20       1.00000e-17
  91.4000000       1.00500e-17       5.00000e-20       1.00000e-17
  91.5000000       1.00500e-17       5.00000e-20       1.00000e-17
  91.6000000       1.00500e-17       5.00000e-20       1.00000e-17
  91.7000000       1.00500e-17       5.00000e-20       1.00000e-17
  91.8000000       1.00500e-17       5.00000e-20       1.00000e-17
  91.9000000       1.00500e-17       5.00000e-20       1.00000e-17
  92.0000000       1.00500e-17       5.00000e-20       1.00000e-17
  92.1000000       1.00500e-17       5.00000e-20       1.00000e-17
  92.2000000       1.00500e-17       5.00000e-20       1.00000e-17
  92.3000000       1.00500e-17       5.00000e-20       1.00000e-17
  92.4000000       1.00500e-17       5.00000e-20       1.00000e-17
  92.5000000       1.00500e-17       5.00000e-20       1.00000e-17
  92.6000000       1.00500e-17       5.00000e-20       1.00000e-17
  92.7000000       1.00500e-17       5.00000e-20       1.00000e-17
  92.8000000       1.00500e-17       5.00000e-20       1.00000e-17
  92.9000000       1.00500e-17       5.00000e-20       1.00000e-17
  93.0000000       1.00500e-17       5.00000e-20       1.00000e-17
  93.1000000       1.00500e-17       5.00000e-20       1.00000e-17
  93.2000000       1.00500e-17       5.00000e-20       1.00000e-17
  93.3000000       1.00500e-17       5.00000e-20       1.00000e-17
  93.4000000       1.00500e-17       5.00000e-20       1.00000e-17
  93.5000000       1.00500e-17       5.00000e-20       1.00000e-17
  93.6000000       1.00500e-17       5.00000e-20       1.00000e-17
  93.7000000       1.00500e-17       5.00000e-20       1.00000e-17
  93.8000000       1.00500e-17       5.00000e-20       1.00000e-17
  93.9000000       1.00500e-17       5.00000e-20       1.00000e-17
  94.0000000       1.00500e-17       5.00000e-20       1.00000e-17
  94.1000000       1.00500e-17       5.00000e-20       1.00000e-17
  94.2000000       1.00500e-17       5.00000e-20       1.00000e-17
  94.3000000       1.00500e-17       5.00000e-20       1.00000e-17
  94.4000000       1.00500e-17       5.00000e-20       1.00000e-17
  94.5000000       1.00500e-17       5.00000e-20       1.00000e-17
  94.6000000       1.00500e-17       5.00000e-20       1.00000e-17
  94.7000000       1.00500e-17       5.00000e-20       1.00000e-17
  94.8000000       1.00500e-17       5.00000e-20       1.00000e-17
  94.9000000       1.00500e-17       5.00000e-20       1.00000e-17
  95.0000000       1.00500e-17       5.00000e-20       1.00000e-17
  95.1000000       1.00500e-17       5.00000e-20       1.00000e-17
  95.2000000       1.00500e-17       5.00000e-20       1.00000e-17
  95.3000000       1.00500e-17       5.00000e-20       1.00000e-17
  95.4000000       1.00500e-17       5.00000e-20       1.00000e-17
  95.5000000       1.00500e-17       5.00000e-20       1.00000e-17
  95.6000000       1.00500e-17       5.00000e-20       1.00000e-17
  95.7000000       1.00500e-17       5.00000e-20       1.00000e-17
  95.8000000       1.00500e-17       5.00000e-20       1.00000e-17
  95.9000000       1.00500e-17       5.00000e-20       1.00000e-17
  96.0000000       1.00500e-17       5.00000e-20       1.00000e-17
  96.1000000       1.00500e-17       5.00000e-20       1.00000e-17
  96.2000000       1.00500e-17       5.00000e-20       1.00000e-17
  96.3000000       1.00500e-17       5.00000e-20       1.00000e-17
  96.4000000       1.00500e-17       5.00000e-20       1.00000e-17
  96.5000000       1.00500e-17       5.00000e-20       1.00000e-17
  96.6000000       1.00500e-17       5.00000e-20       1.00000e-17
  96.7000000       1.00500e-17       5.00000e-20       1.00000e-17
  96.8000000       1.00500e-17       5.00000e-20       1.00000e-17
  96.9000000       1.00500e-17       5.00000e-20       1.00000e-17
  97.0000000       1.00500e-17       5.00000e-20       1.00000e-17
  97.1000000       1.00500e-17       5.00000e-20       1.00000e-17
  97.2000000       1.00500e-17       5.00000e-20       1.00000e-17
  97.3000000       1.00500e-17       5.00000e-20       1.00000e-17
  97.4000000       1.00500e-17       5.00000e-20       1.00000e-17
  97.5000000       1.00500e-17       5.00000e-20       1.00000e-17
  97.6000000       1.00500e-17       5.00000e-20       1.00000e-17
  97.7000000       1.00500e-17       5.00000e-20       1.00000e-17
  97.8000000       1.00500e-17       5.00000e-20       1.00000e-17
  97.9000000       1.00500e-17       5.00000e-20       1.00000e-17
  98.0000000       1.00500e-17       5.00000e-20       1.00000e-17
  98.1000000       1.00500e-17       5.00000e-20       1.00000e-17
  98.2000000       1.00500e-17       5.00000e-20       1.00000e-17
  98.3000000       1.00535e-17       5.34603e-20       1.00000e-17
  98.4000000       1.00874e-17       8.74470e-20       1.00000e-17
  98.5000000       1.01986e-17       1.98574e-19       1.00000e-17
  98.6000000       1.04388e-17       4.38788e-19       1.00000e-17
  98.7000000       1.09180e-17       9.18023e-19       1.00000e-17
  98.8000000       1.18185e-17       1.81851e-18       1.00000e-17
  98.9000000       1.34107e-17       3.41068e-18       1.00000e-17
  99.0000000       1.60565e-17       6.05653e-18       1.00000e-17
  99.1000000       2.01827e-17       1.01827e-17       1.00000e-17
  99.2000000       2.62091e-17       1.62091e-17       1.00000e-17
  99.3000000       3.44291e-17       2.44291e-17       1.00000e-17
  99.4000000       4.48582e-17       3.48582e-17       1.00000e-17
  99.5000000       5.70926e-17       4.70926e-17       1.00000e-17
  99.6000000       7.02349e-17       6.02349e-17       1.00000e-17
  99.7000000       8.29441e-17       7.29441e-17       1.00000e-17
  99.8000000       9.36331e-17       8.36331e-17       1.00000e-17
  99.9000000       1.00784e-16       9.07843e-17       1.00000e-17
 100.0000000       1.03291e-16       9.33015e-17       9.98958e-18
 100.1000000       1.00701e-16       9.07843e-17       9.91667e-18
 100.2000000       9.34664e-17       8.36331e-17       9.83333e-18
 100.3000000       8.26941e-17       7.29441e-17       9.75000e-18
 100.4000000       6.99015e-17       6.02349e-17       9.66667e-18
 100.5000000       5.66759e-17       4.70926e-17       9.58333e-18
 100.6000000       4.43582e-17       3.48582e-17       9.50000e-18
 100.7000000       3.38457e-17       2.44291e-17       9.41667e-18
 100.8000000       2.55424e-17       1.62091e-17       9.33333e-18
 100.9000000       1.94327e-17       1.01827e-17       9.25000e-18
 101.0000000       1.52232e-17       6.05653e-18       9.16667e-18
 101.1000000       1.24940e-17       3.41068e-18       9.08333e-18
 101.2000000       1.08185e-17       1.81851e-18       9.00000e-18
 101.3000000       9.83469e-18       9.18023e-19       8.91667e-18
 101.4000000       9.27212e-18       4.38788e-19       8.83333e-18
 101.5000000       8.94857e-18       1.98574e-19       8.75000e-18
 101.6000000       8.75411e-18       8.74470e-20       8.66667e-18
 101.7000000       8.63679e-18       5.34603e-20       8.58333e-18
 101.8000000       8.55000e-18       5.00000e-20       8.50000e-18
 101.9000000       8.46667e-18       5.00000e-20       8.41667e-18
 102.0000000       8.38333e-18       5.00000e-20       8.33333e-18
 102.1000000       8.30000e-18       5.00000e-20       8.25000e-18
 102.2000000       8.21667e-18       5.00000e-20       8.16667e-18
 102.3000000       8.13333e-18       5.00000e-20       8.08333e-18
 102.4000000       8.05000e-18       5.00000e-20       8.00000e-18
 102.5000000       7.96667e-18       5.00000e-20       7.91667e-18
 102.6000000       7.88333e-18       5.00000e-20       7.83333e-18
 102.7000000       7.80000e-18       5.00000e-20       7.75000e-18
 102.8000000       7.71667e-18       5.00000e-20       7.66667e-18
 102.9000000       7.63333e-18       5.00000e-20       7.58333e-18
 103.0000000       7.55000e-18       5.00000e-20       7.50000e-18
 103.1000000       7.46667e-18       5.00000e-20       7.41667e-18
 103.2000000       7.38333e-18       5.00000e-20       7.33333e-18
 103.3000000       7.30000e-18       5.00000e-20       7.25000e-18
 103.4000000       7.21667e-18       5.00000e-20       7.16667e-18
 103.5000000       7.13333e-18       5.00000e-20       7.08333e-18
 103.6000000       7.05000e-18       5.00000e-20       7.00000e-18
 103.7000000       6.96667e-18       5.00000e-20       6.91667e-18
 103.8000000       6.88333e-18       5.00000e-20       6.83333e-18
 103.9000000       6.80000e-18       5.00000e-20       6.75000e-18
 104.0000000       6.71667e-18       5.00000e-20       6.66667e-18
 104.1000000       6.63333e-18       5.00000e-20       6.58333e-18
 104.2000000       6.55000e-18       5.00000e-20       6.50000e-18
 104.3000000       6.46667e-18       5.00000e-20       6.41667e-18
 104.4000000       6.38333e-18       5.00000e-20       6.33333e-18
 104.5000000       6.30000e-18       5.00000e-20       6.25000e-18
 104.6000000       6.21667e-18       5.00000e-20       6.16667e-18
 104.7000000       6.13333e-18       5.00000e-20       6.08333e-18
 104.8000000       6.05000e-18       5.00000e-20       6.00000e-18
 104.9000000       5.96667e-18       5.00000e-20       5.91667e-18
 105.0000000       5.88333e-18       5.00000e-20       5.83333e-18
 105.1000000       5.80000e-18       5.00000e-20       5.75000e-18
 105.2000000       5.71667e-18       5.00000e-20       5.66667e-18
 105.3000000       5.63333e-18       5.00000e-20       5.58333e-18
 105.4000000       5.55000e-18       5.00000e-20       5.50000e-18
 105.5000000       5.46667e-18       5.00000e-20       5.41667e-18
 105.6000000       5.38333e-18       5.00000e-20       5.33333e-18
 105.7000000       5.30000e-18       5.00000e-20       5.25000e-18
 105.8000000       5.21667e-18       5.00000e-20       5.16667e-18
 105.9000000       5.13333e-18       5.00000e-20       5.08333e-18
 106.0000000       5.04917e-18       5.00000e-20       4.99917e-18
 106.1000000       4.96000e-18       5.00000e-20       4.91000e-18
 106.2000000       4.87000e-18       5.00000e-20       4.82000e-18
 106.3000000       4.78000e-18       5.00000e-20       4.73000e-18
 106.4000000       4.69315e-18       5.31535e-20       4.64000e-18
 106.5000000       4.63368e-18       8.36842e-20       4.55000e-18
 106.6000000       4.63990e-18       1.79903e-19       4.46000e-18
 106.7000000       4.74639e-18       3.76390e-19       4.37000e-18
 106.8000000       5.02559e-18       7.45590e-19       4.28000e-18
 106.9000000       5.58838e-18       1.39838e-18       4.19000e-18
 107.0000000       6.58318e-18       2.48318e-18       4.10000e-18
 107.1000000       8.18492e-18       4.17492e-18       4.01000e-18
 107.2000000       1.05657e-17       6.64573e-18       3.92000e-18
 107.3000000       1.38459e-17       1.00159e-17       3.83000e-18
 107.4000000       1.80319e-17       1.42919e-17       3.74000e-18
 107.5000000       2.29580e-17       1.93080e-17       3.65000e-18
 107.6000000       2.82563e-17       2.46963e-17       3.56000e-18
 107.7000000       3.33771e-17       2.99071e-17       3.47000e-18
 107.8000000       3.76696e-17       3.42896e-17       3.38000e-18
 107.9000000       4.05116e-17       3.72216e-17       3.29000e-18
 108.0000000       4.14636e-17       3.82536e-17       3.21000e-18
 108.1000000       4.04116e-17       3.72216e-17       3.19000e-18
 108.2000000       3.74696e-17       3.42896e-17       3.18000e-18
 108.3000000       3.30771e-17       2.99071e-17       3.17000e-18
 108.4000000       2.78563e-17       2.46963e-17       3.16000e-18
 108.5000000       2.24580e-17       1.93080e-17       3.15000e-18
 108.6000000       1.74319e-17       1.42919e-17       3.14000e-18
 108.7000000       1.31459e-17       1.00159e-17       3.13000e-18
 108.8000000       9.76573e-18       6.64573e-18       3.12000e-18
 108.9000000       7.28492e-18       4.17492e-18       3.11000e-18
 109.0000000       5.58318e-18       2.48318e-18       3.10000e-18
 109.1000000       4.48838e-18       1.39838e-18       3.09000e-18
 109.2000000       3.82559e-18       7.45590e-19       3.08000e-18
 109.3000000       3.44639e-18       3.76390e-19       3.07000e-18
 109.4000000       3.23990e-18       1.79903e-19       3.06000e-18
 109.5000000       3.13368e-18       8.36842e-20       3.05000e-18
 109.6000000       3.09315e-18       5.31535e-20       3.04000e-18
 109.7000000       3.08000e-18       5.00000e-20       3.03000e-18
 109.8000000       3.07000e-18       5.00000e-20       3.02000e-18
 109.9000000       3.06000e-18       5.00000e-20       3.01000e-18
 110.0000000       3.04625e-18       5.00000e-20       2.99625e-18
 110.1000000       3.01000e-18       5.00000e-20       2.96000e-18
 110.2000000       2.97000e-18       5.00000e-20       2.92000e-18
 110.3000000       2.93000e-18       5.00000e-20       2.88000e-18
 110.4000000       2.89000e-18       5.00000e-20       2.84000e-18
 110.5000000       2.85000e-18       5.00000e-20       2.80000e-18
 110.6000000       2.81000e-18       5.00000e-20       2.76000e-18
 110.7000000       2.77000e-18       5.00000e-20       2.72000e-18
 110.8000000       2.73000e-18       5.00000e-20       2.68000e-18
 110.9000000       2.69000e-18       5.00000e-20       2.64000e-18
 111.0000000       2.65000e-18       5.00000e-20       2.60000e-18
 111.1000000       2.61000e-18       5.00000e-20       2.56000e-18
 111.2000000       2.57000e-18       5.00000e-20       2.52000e-18
 111.3000000       2.53000e-18       5.00000e-20       2.48000e-18
 111.4000000       2.49000e-18       5.00000e-20       2.44000e-18
 111.5000000       2.45000e-18       5.00000e-20       2.40000e-18
 111.6000000       2.41000e-18       5.00000e-20       2.36000e-18
 111.7000000       2.37000e-18       5.00000e-20       2.32000e-18
 111.8000000       2.33000e-18       5.00000e-20       2.28000e-18
 111.9000000       2.29000e-18       5.00000e-20       2.24000e-18
 112.0000000       2.24587e-18       5.00000e-20       2.19587e-18
 112.1000000       2.17700e-18       5.00000e-20       2.12700e-18
 112.2000000       2.10400e-18       5.00000e-20       2.05400e-18
 112.3000000       2.03100e-18       5.00000e-20       1.98100e-18
 112.4000000       1.95800e-18       5.00000e-20       1.90800e-18
 112.5000000       1.88500e-18       5.00000e-20       1.83500e-18
 112.6000000       1.81200e-18       5.00000e-20       1.76200e-18
 112.7000000       1.73900e-18       5.00000e-20       1.68900e-18
 112.8000000       1.66600e-18       5.00000e-20       1.61600e-18
 112.9000000       1.59300e-18       5.00000e-20       1.54300e-18
 113.0000000       1.52000e-18       5.00000e-20       1.47000e-18
 113.1000000       1.44700e-18       5.00000e-20       1.39700e-18
 113.2000000       1.37400e-18       5.00000e-20       1.32400e-18
 113.3000000       1.30145e-18       5.04501e-20       1.25100e-18
 113.4000000       1.24028e-18       6.22759e-20       1.17800e-18
 113.5000000       1.24202e-18       1.37016e-19       1.10500e-18
 113.6000000       1.33476e-18       3.02764e-19       1.03200e-18
 113.7000000       1.59244e-18       6.33436e-19       9.59000e-19
 113.8000000       2.14077e-18       1.25477e-18       8.86000e-19
 113.9000000       3.16637e-18       2.35337e-18       8.13000e-19
 114.0000000       4.92582e-18       4.17901e-18       7.46812e-19
 114.1000000       7.74758e-18       7.02608e-18       7.21500e-19
 114.2000000       1.18873e-17       1.11843e-17       7.03000e-19
 114.3000000       1.75405e-17       1.68560e-17       6.84500e-19
 114.4000000       2.47182e-17       2.40522e-17       6.66000e-19
 114.5000000       3.31414e-17       3.24939e-17       6.47500e-19
 114.6000000       4.21911e-17       4.15621e-17       6.29000e-19
 114.7000000       5.09419e-17       5.03314e-17       6.10500e-19
 114.8000000       5.82988e-17       5.77068e-17       5.92000e-19
 114.9000000       6.32147e-17       6.26412e-17       5.73500e-19
 115.0000000       6.49330e-17       6.43780e-17       5.55000e-19
 115.1000000       6.31777e-17       6.26412e-17       5.36500e-19
 115.2000000       5.82248e-17       5.77068e-17       5.18000e-19
 115.3000000       5.08309e-17       5.03314e-17       4.99500e-19
 115.4000000       4.20431e-17       4.15621e-17       4.81000e-19
 115.5000000       3.29564e-17       3.24939e-17       4.62500e-19
 115.6000000       2.44962e-17       2.40522e-17       4.44000e-19
 115.7000000       1.72815e-17       1.68560e-17       4.25500e-19
 115.8000000       1.15913e-17       1.11843e-17       4.07000e-19
 115.9000000       7.41458e-18       7.02608e-18       3.88500e-19
 116.0000000       4.55063e-18       4.17901e-18       3.71625e-19
 116.1000000       2.71787e-18       2.35337e-18       3.64500e-19
 116.2000000       1.61377e-18       1.25477e-18       3.59000e-19
 116.3000000       9.86936e-19       6.33436e-19       3.53500e-19
 116.4000000       6.50764e-19       3.02764e-19       3.48000e-19
 116.5000000       4.79516e-19       1.37016e-19       3.42500e-19
 116.6000000       3.99276e-19       6.22759e-20       3.37000e-19
 116.7000000       3.81950e-19       5.04501e-20       3.31500e-19
 116.8000000       3.76000e-19       5.00000e-20       3.26000e-19
 116.9000000       3.70500e-19       5.00000e-20       3.20500e-19
 117.0000000       3.65000e-19       5.00000e-20       3.15000e-19
 117.1000000       3.59500e-19       5.00000e-20       3.09500e-19
 117.2000000       3.54000e-19       5.00000e-20       3.04000e-19
 117.3000000       3.48500e-19       5.00000e-20       2.98500e-19
 117.4000000       3.43000e-19       5.00000e-20       2.93000e-19
 117.5000000       3.37500e-19       5.00000e-20       2.87500e-19
 117.6000000       3.32000e-19       5.00000e-20       2.82000e-19
 117.7000000       3.26500e-19       5.00000e-20       2.76500e-19
 117.8000000       3.21000e-19       5.00000e-20       2.71000e-19
 117.9000000       3.15500e-19       5.00000e-20       2.65500e-19
 118.0000000       3.10312e-19       5.00000e-20       2.60312e-19
 118.1000000       3.07000e-19       5.00000e-20       2.57000e-19
 118.2000000       3.04000e-19       5.00000e-20       2.54000e-19
 118.3000000       3.01000e-19       5.00000e-20       2.51000e-19
 118.4000000       2.98000e-19       5.00000e-20       2.48000e-19
 118.5000000       2.95000e-19       5.00000e-20       2.45000e-19
 118.6000000       2.92000e-19       5.00000e-20       2.42000e-19
 118.7000000       2.89000e-19       5.00000e-20       2.39000e-19
 118.8000000       2.86000e-19       5.00000e-20       2.36000e-19
 118.9000000       2.83000e-19       5.00000e-20       2.33000e-19
 119.0000000       2.80000e-19       5.00000e-20       2.30000e-19
 119.1000000       2.77000e-19       5.00000e-20       2.27000e-19
 119.2000000       2.74000e-19       5.00000e-20       2.24000e-19
 119.3000000       2.71000e-19       5.00000e-20       2.21000e-19
 119.4000000       2.68000e-19       5.00000e-20       2.18000e-19
 119.5000000       2.65000e-19       5.00000e-20       2.15000e-19
 119.6000000       2.62000e-19       5.00000e-20       2.12000e-19
 119.7000000       2.59000e-19       5.00000e-20       2.09000e-19
 119.8000000       2.56000e-19       5.00000e-20       2.06000e-19
 119.9000000       2.53000e-19       5.00000e-20       2.03000e-19
 120.0000000       2.49625e-19       5.00000e-20       1.99625e-19
 120.1000000       2.44000e-19       5.00000e-20       1.94000e-19
 120.2000000       2.38000e-19       5.00000e-20       1.88000e-19
 120.3000000       2.32000e-19       5.00000e-20       1.82000e-19
 120.4000000       2.26000e-19       5.00000e-20       1.76000e-19
 120.5000000       2.20000e-19       5.00000e-20       1.70000e-19
 120.6000000       2.14000e-19       5.00000e-20       1.64000e-19
 120.7000000       2.08000e-19       5.00000e-20       1.58000e-19
 120.8000000       2.02000e-19       5.00000e-20       1.52000e-19
 120.9000000       1.96000e-19       5.00000e-20       1.46000e-19
 121.0000000       1.90000e-19       5.00000e-20       1.40000e-19
 121.1000000       1.84000e-19       5.00000e-20       1.34000e-19
 121.2000000       1.78000e-19       5.00000e-20       1.28000e-19
 121.3000000       1.72000e-19       5.00000e-20       1.22000e-19
 121.4000000       1.66000e-19       5.00000e-20       1.16000e-19
 121.5000000       1.60000e-19       5.00000e-20       1.10000e-19
 121.6000000       1.54000e-19       5.00000e-20       1.04000e-19
 121.7000000       1.48000e-19       5.00000e-20       9.80000e-20
 121.8000000       1.42000e-19       5.00000e-20       9.20000e-20
 121.9000000       1.36000e-19       5.00000e-20       8.60000e-20
 122.0000000       1.30481e-19       5.00000e-20       8.04812e-20
 122.1000000       1.27850e-19       5.00000e-20       7.78500e-20
 122.2000000       1.25700e-19       5.00000e-20       7.57000e-20
 122.3000000       1.23550e-19       5.00000e-20       7.35500e-20
 122.4000000       1.21400e-19       5.00000e-20       7.14000e-20
 122.5000000       1.19250e-19       5.00000e-20       6.92500e-20
 122.6000000       1.17100e-19       5.00000e-20       6.71000e-20
 122.7000000       1.14950e-19       5.00000e-20       6.49500e-20
 122.8000000       1.12800e-19       5.00000e-20       6.28000e-20
 122.9000000       1.10650e-19       5.00000e-20       6.06500e-20
 123.0000000       1.08500e-19       5.00000e-20       5.85000e-20
 123.1000000       1.06350e-19       5.00000e-20       5.63500e-20
 123.2000000       1.04200e-19       5.00000e-20       5.42000e-20
 123.3000000       1.08520e-19       5.64704e-20       5.20500e-20
 123.4000000       1.62518e-19       1.12618e-19       4.99000e-20
 123.5000000       3.07882e-19       2.60132e-19       4.77500e-20
 123.6000000       6.20413e-19       5.74813e-19       4.56000e-20
 123.7000000       1.24606e-18       1.20261e-18       4.34500e-20
 123.8000000       2.42355e-18       2.38225e-18       4.13000e-20
 123.9000000       4.50714e-18       4.46799e-18       3.91500e-20
 124.0000000       7.97123e-18       7.93406e-18       3.71687e-20
 124.1000000       1.33756e-17       1.33394e-17       3.62000e-20
 124.2000000       2.12693e-17       2.12339e-17       3.54000e-20
 124.3000000       3.20367e-17       3.20021e-17       3.46000e-20
 124.4000000       4.56980e-17       4.56642e-17       3.38000e-20
 124.5000000       6.17243e-17       6.16913e-17       3.30000e-20
 124.6000000       7.89399e-17       7.89077e-17       3.22000e-20
 124.7000000       9.55881e-17       9.55567e-17       3.14000e-20
 124.8000000       1.09590e-16       1.09559e-16       3.06000e-20
 124.9000000       1.18957e-16       1.18927e-16       2.98000e-20
 125.0000000       1.22254e-16       1.22225e-16       2.88750e-20
 125.1000000       1.18955e-16       1.18927e-16       2.72000e-20
 125.2000000       1.09585e-16       1.09559e-16       2.54000e-20
 125.3000000       9.55803e-17       9.55567e-17       2.36000e-20
 125.4000000       7.89295e-17       7.89077e-17       2.18000e-20
 125.5000000       6.17113e-17       6.16913e-17       2.00000e-20
 125.6000000       4.56824e-17       4.56642e-17       1.82000e-20
 125.7000000       3.20185e-17       3.20021e-17       1.64000e-20
 125.8000000       2.12485e-17       2.12339e-17       1.46000e-20
 125.9000000       1.33522e-17       1.33394e-17       1.28000e-20
 126.0000000       7.94515e-18       7.93406e-18       1.10875e-20
 126.1000000       4.47789e-18       4.46799e-18       9.90000e-21
 126.2000000       2.39105e-18       2.38225e-18       8.80000e-21
 126.3000000       1.21031e-18       1.20261e-18       7.70000e-21
 126.4000000       5.81413e-19       5.74813e-19       6.60000e-21
 126.5000000       2.65632e-19       2.60132e-19       5.50000e-21
 126.6000000       1.17018e-19       1.12618e-19       4.40000e-21
 126.7000000       5.97704e-20       5.64704e-20       3.30000e-21
 126.8000000       5.22000e-20       5.00000e-20       2.20000e-21
 126.9000000       5.11000e-20       5.00000e-20       1.10000e-21
 127.0000000       5.01375e-20       5.00000e-20       1.37500e-22
 127.1000000       5.00000e-20       5.00000e-20       0.00000e+00
 127.2000000       5.00000e-20       5.00000e-20       0.00000e+00
 127.3000000       5.00000e-20       5.00000e-20       0.00000e+00
 127.4000000       5.00000e-20       5.00000e-20       0.00000e+00
 127.5000000       5.00000e-20       5.00000e-20       0.00000e+00
 127.6000000       5.00000e-20       5.00000e-20       0.00000e+00
 127.7000000       5.00000e-20       5.00000e-20       0.00000e+00
 127.8000000       5.00000e-20       5.00000e-20       0.00000e+00
 127.9000000       5.00000e-20       5.00000e-20       0.00000e+00
 128.0000000       5.00000e-20       5.00000e-20       0.00000e+00
 128.1000000       5.00000e-20       5.00000e-20       0.00000e+00
 128.2000000       5.00000e-20       5.00000e-20       0.00000e+00
 128.3000000       5.00000e-20       5.00000e-20       0.00000e+00
 128.4000000       5.00000e-20       5.00000e-20       0.00000e+00
 128.5000000       5.00000e-20       5.00000e-20       0.00000e+00
 128.6000000       5.00000e-20       5.00000e-20       0.00000e+00
 128.7000000       5.00000e-20       5.00000e-20       0.00000e+00
 128.8000000       5.00000e-20       5.00000e-20       0.00000e+00
 128.9000000       5.00000e-20       5.00000e-20       0.00000e+00
 129.0000000       5.00000e-20       5.00000e-20       0.00000e+00
 129.1000000       5.00000e-20       5.00000e-20       0.00000e+00
 129.2000000       5.00000e-20       5.00000e-20       0.00000e+00
 129.3000000       5.00000e-20       5.00000e-20       0.00000e+00
 129.4000000       5.00000e-20       5.00000e-20       0.00000e+00
 129.5000000       5.00000e-20       5.00000e-20       0.00000e+00
 129.6000000       5.00000e-20       5.00000e-20       0.00000e+00
 129.7000000       5.00000e-20       5.00000e-20       0.00000e+00
 129.8000000       5.00000e-20       5.00000e-20       0.00000e+00
 129.9000000       5.00000e-20       5.00000e-20       0.00000e+00
 130.0000000       5.00000e-20       5.00000e-20       0.00000e+00
 130.1000000       5.00000e-20       5.00000e-20       0.00000e+00
 130.2000000       5.00000e-20       5.00000e-20       0.00000e+00
 130.3000000       5.00000e-20       5.00000e-20       0.00000e+00
 130.4000000       5.00000e-20       5.00000e-20       0.00000e+00
 130.5000000       5.00000e-20       5.00000e-20       0.00000e+00
 130.6000000       5.00000e-20       5.00000e-20       0.00000e+00
 130.7000000       5.00000e-20       5.00000e-20       0.00000e+00
 130.8000000       5.00000e-20       5.00000e-20       0.00000e+00
 130.9000000       5.00000e-20       5.00000e-20       0.00000e+00
 131.0000000       5.00000e-20       5.00000e-20       0.00000e+00
 131.1000000       5.00000e-20       5.00000e-20       0.00000e+00
 131.2000000       5.00000e-20       5.00000e-20       0.00000e+00
 131.3000000       5.00000e-20       5.00000e-20       0.00000e+00
 131.4000000       5.00000e-20       5.00000e-20       0.00000e+00
 131.5000000       5.00000e-20       5.00000e-20       0.00000e+00
 131.6000000       5.00000e-20       5.00000e-20       0.00000e+00
 131.7000000       5.00000e-20       5.00000e-20       0.00000e+00
 131.8000000       5.00000e-20       5.00000e-20       0.00000e+00
 131.9000000       5.00000e-20       5.00000e-20       0.00000e+00
 132.0000000       5.00000e-20       5.00000e-20       0.00000e+00
 132.1000000       5.00000e-20       5.00000e-20       0.00000e+00
 132.2000000       5.00000e-20       5.00000e-20       0.00000e+00
 132.3000000       5.00000e-20       5.00000e-20       0.00000e+00
 132.4000000       5.00000e-20       5.00000e-20       0.00000e+00
 132.5000000       5.00000e-20       5.00000e-20       0.00000e+00
 132.6000000       5.00000e-20       5.00000e-20       0.00000e+00
 132.7000000       5.00000e-20       5.00000e-20       0.00000e+00
 132.8000000       5.00000e-20       5.00000e-20       0.00000e+00
 132.9000000       5.00000e-20       5.00000e-20       0.00000e+00
 133.0000000       5.00000e-20       5.00000e-20       0.00000e+00
 133.1000000       5.00000e-20       5.00000e-20       0.00000e+00
 133.2000000       5.00000e-20       5.00000e-20       0.00000e+00
 133.3000000       5.00000e-20       5.00000e-20       0.00000e+00
 133.4000000       5.81994e-20       5.81994e-20       0.00000e+00
 133.5000000       1.25234e-19       1.25234e-19       0.00000e+00
 133.6000000       2.76437e-19       2.76437e-19       0.00000e+00
 133.7000000       5.78355e-19       5.78355e-19       0.00000e+00
 133.8000000       1.14566e-18       1.14566e-18       0.00000e+00
 133.9000000       2.14873e-18       2.14873e-18       0.00000e+00
 134.0000000       3.81562e-18       3.81562e-18       0.00000e+00
 134.1000000       6.41512e-18       6.41512e-18       0.00000e+00
 134.2000000       1.02117e-17       1.02117e-17       0.00000e+00
 134.3000000       1.53903e-17       1.53903e-17       0.00000e+00
 134.4000000       2.19607e-17       2.19607e-17       0.00000e+00
 134.5000000       2.96683e-17       2.96683e-17       0.00000e+00
 134.6000000       3.79480e-17       3.79480e-17       0.00000e+00
 134.7000000       4.59548e-17       4.59548e-17       0.00000e+00
 134.8000000       5.26888e-17       5.26888e-17       0.00000e+00
 134.9000000       5.71941e-17       5.71941e-17       0.00000e+00
 135.0000000       5.87799e-17       5.87799e-17       0.00000e+00
 135.1000000       5.71941e-17       5.71941e-17       0.00000e+00
 135.2000000       5.26888e-17       5.26888e-17       0.00000e+00
 135.3000000       4.59548e-17       4.59548e-17       0.00000e+00
 135.4000000       3.79480e-17       3.79480e-17       0.00000e+00
 135.5000000       2.96683e-17       2.96683e-17       0.00000e+00
 135.6000000       2.19607e-17       2.19607e-17       0.00000e+00
 135.7000000       1.53903e-17       1.53903e-17       0.00000e+00
 135.8000000       1.02117e-17       1.02117e-17       0.00000e+00
 135.9000000       6.41512e-18       6.41512e-18       0.00000e+00
 136.0000000       3.81562e-18       3.81562e-18       0.00000e+00
 136.1000000       2.14873e-18       2.14873e-18       0.00000e+00
 136.2000000       1.14566e-18       1.14566e-18       0.00000e+00
 136.3000000       5.78355e-19       5.78355e-19       0.00000e+00
 136.4000000       2.76437e-19       2.76437e-19       0.00000e+00
 136.5000000       1.25234e-19       1.25234e-19       0.00000e+00
 136.6000000       5.81994e-20       5.81994e-20       0.00000e+00
 136.7000000       5.00000e-20       5.00000e-20       0.00000e+00
 136.8000000       5.00000e-20       5.00000e-20       0.00000e+00
 136.9000000       5.00000e-20       5.00000e-20       0.00000e+00
 137.0000000       5.00000e-20       5.00000e-20       0.00000e+00
 137.1000000       5.00000e-20       5.00000e-20       0.00000e+00
 137.2000000       5.00000e-20       5.00000e-20       0.00000e+00
 137.3000000       5.00000e-20       5.00000e-20       0.00000e+00
 137.4000000       5.00000e-20       5.00000e-20       0.00000e+00
 137.5000000       5.00000e-20       5.00000e-20       0.00000e+00
 137.6000000       5.00000e-20       5.00000e-20       0.00000e+00
 137.7000000       5.00000e-20       5.00000e-20       0.00000e+00
 137.8000000       5.00000e-20       5.00000e-20       0.00000e+00
 137.9000000       5.00000e-20       5.00000e-20       0.00000e+00
 138.0000000       5.00000e-20       5.00000e-20       0.00000e+00
 138.1000000       5.00000e-20       5.00000e-20       0.00000e+00
 138.2000000       5.00000e-20       5.00000e-20       0.00000e+00
 138.3000000       5.00000e-20       5.00000e-20       0.00000e+00
 138.4000000       5.00000e-20       5.00000e-20       0.00000e+00
 138.5000000       5.00000e-20       5.00000e-20       0.00000e+00
 138.6000000       5.00000e-20       5.00000e-20       0.00000e+00
 138.7000000       5.00000e-20       5.00000e-20       0.00000e+00
 138.8000000       5.00000e-20       5.00000e-20       0.00000e+00
 138.9000000       5.00000e-20       5.00000e-20       0.00000e+00
 139.0000000       5.00000e-20       5.00000e-20       0.00000e+00
 139.1000000       5.00000e-20       5.00000e-20       0.00000e+00
 139.2000000       5.00000e-20       5.00000e-20       0.00000e+00
 139.3000000       5.00000e-20       5.00000e-20       0.00000e+00
 139.4000000       5.00000e-20       5.00000e-20       0.00000e+00
 139.5000000       5.00000e-20       5.00000e-20       0.00000e+00
 139.6000000       5.00000e-20       5.00000e-20       0.00000e+00
 139.7000000       5.00000e-20       5.00000e-20       0.00000e+00
 139.8000000       5.00000e-20       5.00000e-20       0.00000e+00
 139.9000000       5.00000e-20       5.00000e-20       0.00000e+00
 140.0000000       5.00000e-20       5.00000e-20       0.00000e+00
 140.1000000       5.00000e-20       5.00000e-20       0.00000e+00
 140.2000000       5.00000e-20       5.00000e-20       0.00000e+00
 140.3000000       5.00000e-20       5.00000e-20       0.00000e+00
 140.4000000       5.00000e-20       5.00000e-20       0.00000e+00
 140.5000000       5.00000e-20       5.00000e-20       0.00000e+00
 140.6000000       5.00000e-20       5.00000e-20       0.00000e+00
 140.7000000       5.00000e-20       5.00000e-20       0.00000e+00
 140.8000000       5.00000e-20       5.00000e-20       0.00000e+00
 140.9000000       5.00000e-20       5.00000e-20       0.00000e+00
 141.0000000       5.00000e-20       5.00000e-20       0.00000e+00
 141.1000000       5.00000e-20       5.00000e-20       0.00000e+00
 141.2000000       5.00000e-20       5.00000e-20       0.00000e+00
 141.3000000       5.00000e-20       5.00000e-20       0.00000e+00
 141.4000000       5.00000e-20       5.00000e-20       0.00000e+00
 141.5000000       5.00000e-20       5.00000e-20       0.00000e+00
 141.6000000       5.00000e-20       5.00000e-20       0.00000e+00
 141.7000000       5.00000e-20       5.00000e-20       0.00000e+00
 141.8000000       5.00000e-20       5.00000e-20       0.00000e+00
 141.9000000       5.00000e-20       5.00000e-20       0.00000e+00
 142.0000000       5.00000e-20       5.00000e-20       0.00000e+00
 142.1000000       5.00000e-20       5.00000e-20       0.00000e+00
 142.2000000       5.00000e-20       5.00000e-20       0.00000e+00
 142.3000000       5.00000e-20       5.00000e-20       0.00000e+00
 142.4000000       5.00000e-20       5.00000e-20       0.00000e+00
 142.5000000       5.00000e-20       5.00000e-20       0.00000e+00
 142.6000000       5.00000e-20       5.00000e-20       0.00000e+00
 142.7000000       5.00000e-20       5.00000e-20       0.00000e+00
 142.8000000       5.00000e-20       5.00000e-20       0.00000e+00
 142.9000000       5.00000e-20       5.00000e-20       0.00000e+00
 143.0000000       5.00000e-20       5.00000e-20       0.00000e+00
 143.1000000       5.00000e-20       5.00000e-20       0.00000e+00
 143.2000000       5.00000e-20       5.00000e-20       0.00000e+00
 143.3000000       5.24892e-20       5.24892e-20       0.00000e+00
 143.4000000       7.93273e-20       7.93273e-20       0.00000e+00
 143.5000000       1.78717e-19       1.78717e-19       0.00000e+00
 143.6000000       3.94909e-19       3.94909e-19       0.00000e+00
 143.7000000       8.26221e-19       8.26221e-19       0.00000e+00
 143.8000000       1.63666e-18       1.63666e-18       0.00000e+00
 143.9000000       3.06961e-18       3.06961e-18       0.00000e+00
 144.0000000       5.45088e-18       5.45088e-18       0.00000e+00
 144.1000000       9.16446e-18       9.16446e-18       0.00000e+00
 144.2000000       1.45882e-17       1.45882e-17       0.00000e+00
 144.3000000       2.19861e-17       2.19861e-17       0.00000e+00
 144.4000000       3.13724e-17       3.13724e-17       0.00000e+00
 144.5000000       4.23833e-17       4.23833e-17       0.00000e+00
 144.6000000       5.42114e-17       5.42114e-17       0.00000e+00
 144.7000000       6.56497e-17       6.56497e-17       0.00000e+00
 144.8000000       7.52697e-17       7.52697e-17       0.00000e+00
 144.9000000       8.17059e-17       8.17059e-17       0.00000e+00
 145.0000000       8.39714e-17       8.39714e-17       0.00000e+00
 145.1000000       8.17059e-17       8.17059e-17       0.00000e+00
 145.2000000       7.52697e-17       7.52697e-17       0.00000e+00
 145.3000000       6.56497e-17       6.56497e-17       0.00000e+00
 145.4000000       5.42114e-17       5.42114e-17       0.00000e+00
 145.5000000       4.23833e-17       4.23833e-17       0.00000e+00
 145.6000000       3.13724e-17       3.13724e-17       0.00000e+00
 145.7000000       2.19861e-17       2.19861e-17       0.00000e+00
 145.8000000       1.45882e-17       1.45882e-17       0.00000e+00
 145.9000000       9.16446e-18       9.16446e-18       0.00000e+00
 146.0000000       5.45088e-18       5.45088e-18       0.00000e+00
 146.1000000       3.06961e-18       3.06961e-18       0.00000e+00
 146.2000000       1.63666e-18       1.63666e-18       0.00000e+00
 146.3000000       8.26221e-19       8.26221e-19       0.00000e+00
 146.4000000       3.94909e-19       3.94909e-19       0.00000e+00
 146.5000000       1.78717e-19       1.78717e-19       0.00000e+00
 146.6000000       7.93273e-20       7.93273e-20       0.00000e+00
 146.7000000       5.24892e-20       5.24892e-20       0.00000e+00
 146.8000000       5.00000e-20       5.00000e-20       0.00000e+00
 146.9000000       5.00000e-20       5.00000e-20       0.00000e+00
 147.0000000       5.00000e-20       5.00000e-20       0.00000e+00
 147.1000000       5.00000e-20       5.00000e-20       0.00000e+00
 147.2000000       5.00000e-20       5.00000e-20       0.00000e+00
 147.3000000       5.00000e-20       5.00000e-20       0.00000e+00
 147.4000000       5.00000e-20       5.00000e-20       0.00000e+00
 147.5000000       5.00000e-20       5.00000e-20       0.00000e+00
 147.6000000       5.00000e-20       5.00000e-20       0.00000e+00
 147.7000000       5.00000e-20       5.00000e-20       0.00000e+00
 147.8000000       5.00000e-20       5.00000e-20       0.00000e+00
 147.9000000       5.00000e-20       5.00000e-20       0.00000e+00
 148.0000000       5.00000e-20       5.00000e-20       0.00000e+00
 148.1000000       5.00000e-20       5.00000e-20       0.00000e+00
 148.2000000       5.00000e-20       5.00000e-20       0.00000e+00
 148.3000000       5.00000e-20       5.00000e-20       0.00000e+00
 148.4000000       5.00000e-20       5.00000e-20       0.00000e+00
 148.5000000       5.00000e-20       5.00000e-20       0.00000e+00
 148.6000000       5.00000e-20       5.00000e-20       0.00000e+00
 148.7000000       5.00000e-20       5.00000e-20       0.00000e+00
 148.8000000       5.00000e-20       5.00000e-20       0.00000e+00
 148.9000000       5.00000e-20       5.00000e-20       0.00000e+00
 149.0000000       5.00000e-20       5.00000e-20       0.00000e+00
 149.1000000       5.00000e-20       5.00000e-20       0.00000e+00
 149.2000000       5.00000e-20       5.00000e-20       0.00000e+00
 149.3000000       5.00000e-20       5.00000e-20       0.00000e+00
 149.4000000       5.00000e-20       5.00000e-20       0.00000e+00
 149.5000000       5.00000e-20       5.00000e-20       0.00000e+00
 149.6000000       5.00000e-20       5.00000e-20       0.00000e+00
 149.7000000       5.00000e-20       5.00000e-20       0.00000e+00
 149.8000000       5.00000e-20       5.00000e-20       0.00000e+00
 149.9000000       5.00000e-20       5.00000e-20       0.00000e+00
 150.0000000       5.00000e-20       5.00000e-20       0.00000e+00
 150.1000000       5.00000e-20       5.00000e-20       0.00000e+00
 150.2000000       5.00000e-20       5.00000e-20       0.00000e+00
 150.3000000       5.00000e-20       5.00000e-20       0.00000e+00
 150.4000000       5.00000e-20       5.00000e-20       0.00000e+00
 150.5000000       5.00000e-20       5.00000e-20       0.00000e+00
 150.6000000       5.00000e-20       5.00000e-20       0.00000e+00
 150.7000000       5.00000e-20       5.00000e-20       0.00000e+00
 150.8000000       5.00000e-20       5.00000e-20       0.00000e+00
 150.9000000       5.00000e-20       5.00000e-20       0.00000e+00
 151.0000000       5.00000e-20       5.00000e-20       0.00000e+00
 151.1000000       5.00000e-20       5.00000e-20       0.00000e+00
 151.2000000       5.00000e-20       5.00000e-20       0.00000e+00
 151.3000000       5.00000e-20       5.00000e-20       0.00000e+00
 151.4000000       5.00000e-20       5.00000e-20       0.00000e+00
 151.5000000       5.00000e-20       5.00000e-20       0.00000e+00
 151.6000000       5.00000e-20       5.00000e-20       0.00000e+00
 151.7000000       5.00000e-20       5.00000e-20       0.00000e+00
 151.8000000       5.00000e-20       5.00000e-20       0.00000e+00
 151.9000000       5.00000e-20       5.00000e-20       0.00000e+00
 152.0000000       5.00000e-20       5.00000e-20       0.00000e+00
 152.1000000       5.00000e-20       5.00000e-20       0.00000e+00
 152.2000000       5.00000e-20       5.00000e-20       0.00000e+00
 152.3000000       5.00000e-20       5.00000e-20       0.00000e+00
 152.4000000       5.00000e-20       5.00000e-20       0.00000e+00
 152.5000000       5.00000e-20       5.00000e-20       0.00000e+00
 152.6000000       5.00000e-20       5.00000e-20       0.00000e+00
 152.7000000       5.00000e-20       5.00000e-20       0.00000e+00
 152.8000000       5.00000e-20       5.00000e-20       0.00000e+00
 152.9000000       5.00000e-20       5.00000e-20       0.00000e+00
 153.0000000       5.00000e-20       5.00000e-20       0.00000e+00
 153.1000000       5.00000e-20       5.00000e-20       0.00000e+00
 153.2000000       5.00000e-20       5.00000e-20       0.00000e+00
 153.3000000       5.23921e-20       5.23921e-20       0.00000e+00
 153.4000000       7.85153e-20       7.85153e-20       0.00000e+00
 153.5000000       1.76731e-19       1.76731e-19       0.00000e+00
 153.6000000       3.90522e-19       3.90522e-19       0.00000e+00
 153.7000000       8.17041e-19       8.17041e-19       0.00000e+00
 153.8000000       1.61848e-18       1.61848e-18       0.00000e+00
 153.9000000       3.03550e-18       3.03550e-18       0.00000e+00
 154.0000000       5.39031e-18       5.39031e-18       0.00000e+00
 154.1000000       9.06263e-18       9.06263e-18       0.00000e+00
 154.2000000       1.44261e-17       1.44261e-17       0.00000e+00
 154.3000000       2.17419e-17       2.17419e-17       0.00000e+00
 154.4000000       3.10238e-17       3.10238e-17       0.00000e+00
 154.5000000       4.19124e-17       4.19124e-17       0.00000e+00
 154.6000000       5.36090e-17       5.36090e-17       0.00000e+00
 154.7000000       6.49202e-17       6.49202e-17       0.00000e+00
 154.8000000       7.44334e-17       7.44334e-17       0.00000e+00
 154.9000000       8.07981e-17       8.07981e-17       0.00000e+00
 155.0000000       8.30383e-17       8.30383e-17       0.00000e+00
 155.1000000       8.07981e-17       8.07981e-17       0.00000e+00
 155.2000000       7.44334e-17       7.44334e-17       0.00000e+00
 155.3000000       6.49202e-17       6.49202e-17       0.00000e+00
 155.4000000       5.36090e-17       5.36090e-17       0.00000e+00
 155.5000000       4.19124e-17       4.19124e-17       0.00000e+00
 155.6000000       3.10238e-17       3.10238e-17       0.00000e+00
 155.7000000       2.17419e-17       2.17419e-17       0.00000e+00
 155.8000000       1.44261e-17       1.44261e-17       0.00000e+00
 155.9000000       9.06263e-18       9.06263e-18       0.00000e+00
 156.0000000       5.39031e-18       5.39031e-18       0.00000e+00
 156.1000000       3.03550e-18       3.03550e-18       0.00000e+00
 156.2000000       1.61848e-18       1.61848e-18       0.00000e+00
 156.3000000       8.17041e-19       8.17041e-19       0.00000e+00
 156.4000000       3.90522e-19       3.90522e-19       0.00000e+00
 156.5000000       1.76731e-19       1.76731e-19       0.00000e+00
 156.6000000       7.85153e-20       7.85153e-20       0.00000e+00
 156.7000000       5.23921e-20       5.23921e-20       0.00000e+00
 156.8000000       5.00000e-20       5.00000e-20       0.00000e+00
 156.9000000       5.00000e-20       5.00000e-20       0.00000e+00
 157.0000000       5.00000e-20       5.00000e-20       0.00000e+00
 157.1000000       5.00000e-20       5.00000e-20       0.00000e+00
 157.2000000       5.00000e-20       5.00000e-20       0.00000e+00
 157.3000000       5.00000e-20       5.00000e-20       0.00000e+00
 157.4000000       5.00000e-20       5.00000e-20       0.00000e+00
 157.5000000       5.00000e-20       5.00000e-20       0.00000e+00
 157.6000000       5.00000e-20       5.00000e-20       0.00000e+00
 157.7000000       5.00000e-20       5.00000e-20       0.00000e+00
 157.8000000       5.00000e-20       5.00000e-20       0.00000e+00
 157.9000000       5.00000e-20       5.00000e-20       0.00000e+00
 158.0000000       5.00000e-20       5.00000e-20       0.00000e+00
 158.1000000       5.00000e-20       5.00000e-20       0.00000e+00
 158.2000000       5.00000e-20       5.00000e-20       0.00000e+00
 158.3000000       5.00000e-20       5.00000e-20       0.00000e+00
 158.4000000       5.00000e-20       5.00000e-20       0.00000e+00
 158.5000000       5.00000e-20       5.00000e-20       0.00000e+00
 158.6000000       5.00000e-20       5.00000e-20       0.00000e+00
 158.7000000       5.00000e-20       5.00000e-20       0.00000e+00
 158.8000000       5.00000e-20       5.00000e-20       0.00000e+00
 158.9000000       5.00000e-20       5.00000e-20       0.00000e+00
 159.0000000       5.00000e-20       5.00000e-20       0.00000e+00
 159.1000000       5.00000e-20       5.00000e-20       0.00000e+00
 159.2000000       5.00000e-20       5.00000e-20       0.00000e+00
 159.3000000       5.00000e-20       5.00000e-20       0.00000e+00
 159.4000000       5.00000e-20       5.00000e-20       0.00000e+00
 159.5000000       5.00000e-20       5.00000e-20       0.00000e+00
 159.6000000       5.00000e-20       5.00000e-20       0.00000e+00
 159.7000000       5.00000e-20       5.00000e-20       0.00000e+00
 159.8000000       5.00000e-20       5.00000e-20       0.00000e+00
 159.9000000       5.00000e-20       5.00000e-20       0.00000e+00
 160.0000000       5.00000e-20       5.00000e-20       0.00000e+00
 160.1000000       5.00000e-20       5.00000e-20       0.00000e+00
 160.2000000       5.00000e-20       5.00000e-20       0.00000e+00
 160.3000000       5.00000e-20       5.00000e-20       0.00000e+00
 160.4000000       5.00000e-20       5.00000e-20       0.00000e+00
 160.5000000       5.00000e-20       5.00000e-20       0.00000e+00
 160.6000000       5.00000e-20       5.00000e-20       0.00000e+00
 160.7000000       5.00000e-20       5.00000e-20       0.00000e+00
 160.8000000       5.00000e-20       5.00000e-20       0.00000e+00
 160.9000000       5.00000e-20       5.00000e-20       0.00000e+00
 161.0000000       5.00000e-20       5.00000e-20       0.00000e+00
 161.1000000       5.00000e-20       5.00000e-20       0.00000e+00
 161.2000000       5.00000e-20       5.00000e-20       0.00000e+00
 161.3000000       5.00000e-20       5.00000e-20       0.00000e+00
 161.4000000       5.00000e-20       5.00000e-20       0.00000e+00
 161.5000000       5.00000e-20       5.00000e-20       0.00000e+00
 161.6000000       5.00000e-20       5.00000e-20       0.00000e+00
 161.7000000       5.00000e-20       5.00000e-20       0.00000e+00
 161.8000000       5.00000e-20       5.00000e-20       0.00000e+00
 161.9000000       5.00000e-20       5.00000e-20       0.00000e+00
 162.0000000       5.00000e-20       5.00000e-20       0.00000e+00
 162.1000000       5.00000e-20       5.00000e-20       0.00000e+00
 162.2000000       5.00000e-20       5.00000e-20       0.00000e+00
 162.3000000       5.00000e-20       5.00000e-20       0.00000e+00
 162.4000000       5.00000e-20       5.00000e-20       0.00000e+00
 162.5000000       5.00000e-20       5.00000e-20       0.00000e+00
 162.6000000       5.00000e-20       5.00000e-20       0.00000e+00
 162.7000000       5.00000e-20       5.00000e-20       0.00000e+00
 162.8000000       5.00000e-20       5.00000e-20       0.00000e+00
 162.9000000       5.00000e-20       5.00000e-20       0.00000e+00
 163.0000000       5.00000e-20       5.00000e-20       0.00000e+00
 163.1000000       5.00000e-20       5.00000e-20       0.00000e+00
 163.2000000       5.00000e-20       5.00000e-20       0.00000e+00
 163.3000000       5.34603e-20       5.34603e-20       0.00000e+00
 163.4000000       8.74470e-20       8.74470e-20       0.00000e+00
 163.5000000       1.98574e-19       1.98574e-19       0.00000e+00
 163.6000000       4.38788e-19       4.38788e-19       0.00000e+00
 163.7000000       9.18023e-19       9.18023e-19       0.00000e+00
 163.8000000       1.81851e-18       1.81851e-18       0.00000e+00
 163.9000000       3.41068e-18       3.41068e-18       0.00000e+00
 164.0000000       6.05653e-18       6.05653e-18       0.00000e+00
 164.1000000       1.01827e-17       1.01827e-17       0.00000e+00
 164.2000000       1.62091e-17       1.62091e-17       0.00000e+00
 164.3000000       2.44291e-17       2.44291e-17       0.00000e+00
 164.4000000       3.48582e-17       3.48582e-17       0.00000e+00
 164.5000000       4.70926e-17       4.70926e-17       0.00000e+00
 164.6000000       6.02349e-17       6.02349e-17       0.00000e+00
 164.7000000       7.29441e-17       7.29441e-17       0.00000e+00
 164.8000000       8.36331e-17       8.36331e-17       0.00000e+00
 164.9000000       9.07843e-17       9.07843e-17       0.00000e+00
 165.0000000       9.33015e-17       9.33015e-17       0.00000e+00
 165.1000000       9.07843e-17       9.07843e-17       0.00000e+00
 165.2000000       8.36331e-17       8.36331e-17       0.00000e+00
 165.3000000       7.29441e-17       7.29441e-17       0.00000e+00
 165.4000000       6.02349e-17       6.02349e-17       0.00000e+00
 165.5000000       4.70926e-17       4.70926e-17       0.00000e+00
 165.6000000       3.48582e-17       3.48582e-17       0.00000e+00
 165.7000000       2.44291e-17       2.44291e-17       0.00000e+00
 165.8000000       1.62091e-17       1.62091e-17       0.00000e+00
 165.9000000       1.01827e-17       1.01827e-17       0.00000e+00
 166.0000000       6.05653e-18       6.05653e-18       0.00000e+00
 166.1000000       3.41068e-18       3.41068e-18       0.00000e+00
 166.2000000       1.81851e-18       1.81851e-18       0.00000e+00
 166.3000000       9.18023e-19       9.18023e-19       0.00000e+00
 166.4000000       4.38788e-19       4.38788e-19       0.00000e+00
 166.5000000       1.98574e-19       1.98574e-19       0.00000e+00
 166.6000000       8.74470e-20       8.74470e-20       0.00000e+00
 166.7000000       5.34603e-20       5.34603e-20       0.00000e+00
 166.8000000       5.00000e-20       5.00000e-20       0.00000e+00
 166.9000000       5.00000e-20       5.00000e-20       0.00000e+00
 167.0000000       5.00000e-20       5.00000e-20       0.00000e+00
 167.1000000       5.00000e-20       5.00000e-20       0.00000e+00
 167.2000000       5.00000e-20       5.00000e-20       0.00000e+00
 167.3000000       5.00000e-20       5.00000e-20       0.00000e+00
 167.4000000       5.00000e-20       5.00000e-20       0.00000e+00
 167.5000000       5.00000e-20       5.00000e-20       0.00000e+00
 167.6000000       5.00000e-20       5.00000e-20       0.00000e+00
 167.7000000       5.00000e-20       5.00000e-20       0.00000e+00
 167.8000000       5.00000e-20       5.00000e-20       0.00000e+00
 167.9000000       5.00000e-20       5.00000e-20       0.00000e+00
 168.0000000       5.00000e-20       5.00000e-20       0.00000e+00
 168.1000000       5.00000e-20       5.00000e-20       0.00000e+00
 168.2000000       5.00000e-20       5.00000e-20       0.00000e+00
 168.3000000       5.00000e-20       5.00000e-20       0.00000e+00
 168.4000000       5.00000e-20       5.00000e-20       0.00000e+00
 168.5000000       5.00000e-20       5.00000e-20       0.00000e+00
 168.6000000       5.00000e-20       5.00000e-20       0.00000e+00
 168.7000000       5.00000e-20       5.00000e-20       0.00000e+00
 168.8000000       5.00000e-20       5.00000e-20       0.00000e+00
 168.9000000       5.00000e-20       5.00000e-20       0.00000e+00
 169.0000000       5.00000e-20       5.00000e-20       0.00000e+00
 169.1000000       5.00000e-20       5.00000e-20       0.00000e+00
 169.2000000       5.00000e-20       5.00000e-20       0.00000e+00
 169.3000000       5.00000e-20       5.00000e-20       0.00000e+00
 169.4000000       5.00000e-20       5.00000e-20       0.00000e+00
 169.5000000       5.00000e-20       5.00000e-20       0.00000e+00
 169.6000000       5.00000e-20       5.00000e-20       0.00000e+00
 169.7000000       5.00000e-20       5.00000e-20       0.00000e+00
 169.8000000       5.00000e-20       5.00000e-20       0.00000e+00
 169.9000000       5.00000e-20       5.00000e-20       0.00000e+00
 170.0000000       5.00000e-20       5.00000e-20       0.00000e+00
 170.1000000       5.00000e-20       5.00000e-20       0.00000e+00
 170.2000000       5.00000e-20       5.00000e-20       0.00000e+00
 170.3000000       5.00000e-20       5.00000e-20       0.00000e+00
 170.4000000       5.00000e-20       5.00000e-20       0.00000e+00
 170.5000000       5.00000e-20       5.00000e-20       0.00000e+00
 170.6000000       5.00000e-20       5.00000e-20       0.00000e+00
 170.7000000       5.00000e-20       5.00000e-20       0.00000e+00
 170.8000000       5.00000e-20       5.00000e-20       0.00000e+00
 170.9000000       5.00000e-20       5.00000e-20       0.00000e+00
 171.0000000       5.00000e-20       5.00000e-20       0.00000e+00
 171.1000000       5.00000e-20       5.00000e-20       0.00000e+00
 171.2000000       5.00000e-20       5.00000e-20       0.00000e+00
 171.3000000       5.00000e-20       5.00000e-20       0.00000e+00
 171.4000000       5.00000e-20       5.00000e-20       0.00000e+00
 171.5000000       5.00000e-20       5.00000e-20       0.00000e+00
 171.6000000       5.00000e-20       5.00000e-20       0.00000e+00
 171.7000000       5.00000e-20       5.00000e-20       0.00000e+00
 171.8000000       5.00000e-20       5.00000e-20       0.00000e+00
 171.9000000       5.00000e-20       5.00000e-20       0.00000e+00
 172.0000000       5.00000e-20       5.00000e-20       0.00000e+00
 172.1000000       5.00000e-20       5.00000e-20       0.00000e+00
 172.2000000       5.00000e-20       5.00000e-20       0.00000e+00
 172.3000000       5.00000e-20       5.00000e-20       0.00000e+00
 172.4000000       5.00000e-20       5.00000e-20       0.00000e+00
 172.5000000       5.00000e-20       5.00000e-20       0.00000e+00
 172.6000000       5.00000e-20       5.00000e-20       0.00000e+00
 172.7000000       5.00000e-20       5.00000e-20       0.00000e+00
 172.8000000       5.00000e-20       5.00000e-20       0.00000e+00
 172.9000000       5.00000e-20       5.00000e-20       0.00000e+00
 173.0000000       5.00000e-20       5.00000e-20       0.00000e+00
 173.1000000       5.00000e-20       5.00000e-20       0.00000e+00
 173.2000000       5.00000e-20       5.00000e-20       0.00000e+00
 173.3000000       5.06443e-20       5.06443e-20       0.00000e+00
 173.4000000       6.38999e-20       6.38999e-20       0.00000e+00
 173.5000000       1.40988e-19       1.40988e-19       0.00000e+00
 173.6000000       3.11540e-19       3.11540e-19       0.00000e+00
 173.7000000       6.51797e-19       6.51797e-19       0.00000e+00
 173.8000000       1.29114e-18       1.29114e-18       0.00000e+00
 173.9000000       2.42158e-18       2.42158e-18       0.00000e+00
 174.0000000       4.30014e-18       4.30014e-18       0.00000e+00
 174.1000000       7.22974e-18       7.22974e-18       0.00000e+00
 174.2000000       1.15085e-17       1.15085e-17       0.00000e+00
 174.3000000       1.73446e-17       1.73446e-17       0.00000e+00
 174.4000000       2.47493e-17       2.47493e-17       0.00000e+00
 174.5000000       3.34357e-17       3.34357e-17       0.00000e+00
 174.6000000       4.27668e-17       4.27668e-17       0.00000e+00
 174.7000000       5.17903e-17       5.17903e-17       0.00000e+00
 174.8000000       5.93795e-17       5.93795e-17       0.00000e+00
 174.9000000       6.44569e-17       6.44569e-17       0.00000e+00
 175.0000000       6.62441e-17       6.62441e-17       0.00000e+00
 175.1000000       6.44569e-17       6.44569e-17       0.00000e+00
 175.2000000       5.93795e-17       5.93795e-17       0.00000e+00
 175.3000000       5.17903e-17       5.17903e-17       0.00000e+00
 175.4000000       4.27668e-17       4.27668e-17       0.00000e+00
 175.5000000       3.34357e-17       3.34357e-17       0.00000e+00
 175.6000000       2.47493e-17       2.47493e-17       0.00000e+00
 175.7000000       1.73446e-17       1.73446e-17       0.00000e+00
 175.8000000       1.15085e-17       1.15085e-17       0.00000e+00
 175.9000000       7.22974e-18       7.22974e-18       0.00000e+00
 176.0000000       4.30014e-18       4.30014e-18       0.00000e+00
 176.1000000       2.42158e-18       2.42158e-18       0.00000e+00
 176.2000000       1.29114e-18       1.29114e-18       0.00000e+00
 176.3000000       6.51797e-19       6.51797e-19       0.00000e+00
 176.4000000       3.11540e-19       3.11540e-19       0.00000e+00
 176.5000000       1.40988e-19       1.40988e-19       0.00000e+00
 176.6000000       6.38999e-20       6.38999e-20       0.00000e+00
 176.7000000       5.06443e-20       5.06443e-20       0.00000e+00
 176.8000000       5.00000e-20       5.00000e-20       0.00000e+00
 176.9000000       5.00000e-20       5.00000e-20       0.00000e+00
 177.0000000       5.00000e-20       5.00000e-20       0.00000e+00
 177.1000000       5.00000e-20       5.00000e-20       0.00000e+00
 177.2000000       5.00000e-20       5.00000e-20       0.00000e+00
 177.3000000       5.00000e-20       5.00000e-20       0.00000e+00
 177.4000000       5.00000e-20       5.00000e-20       0.00000e+00
 177.5000000       5.00000e-20       5.00000e-20       0.00000e+00
 177.6000000       5.00000e-20       5.00000e-20       0.00000e+00
 177.7000000       5.00000e-20       5.00000e-20       0.00000e+00
 177.8000000       5.00000e-20       5.00000e-20       0.00000e+00
 177.9000000       5.00000e-20       5.00000e-20       0.00000e+00
 178.0000000       5.00000e-20       5.00000e-20       0.00000e+00
 178.1000000       5.00000e-20       5.00000e-20       0.00000e+00
 178.2000000       5.00000e-20       5.00000e-20       0.00000e+00
 178.3000000       5.00000e-20       5.00000e-20       0.00000e+00
 178.4000000       5.00000e-20       5.00000e-20       0.00000e+00
 178.5000000       5.00000e-20       5.00000e-20       0.00000e+00
 178.6000000       5.00000e-20       5.00000e-20       0.00000e+00
 178.7000000       5.00000e-20       5.00000e-20       0.00000e+00
 178.8000000       5.00000e-20       5.00000e-20       0.00000e+00
 178.9000000       5.00000e-20       5.00000e-20       0.00000e+00
 179.0000000       5.00000e-20       5.00000e-20       0.00000e+00
 179.1000000       5.00000e-20       5.00000e-20       0.00000e+00
 179.2000000       5.00000e-20       5.00000e-20       0.00000e+00
 179.3000000       5.00000e-20       5.00000e-20       0.00000e+00
 179.4000000       5.00000e-20       5.00000e-20       0.00000e+00
 179.5000000       5.00000e-20       5.00000e-20       0.00000e+00
 179.6000000       5.00000e-20       5.00000e-20       0.00000e+00
 179.7000000       5.00000e-20       5.00000e-20       0.00000e+00
 179.8000000       5.00000e-20       5.00000e-20       0.00000e+00
 179.9000000       5.00000e-20       5.00000e-20       0.00000e+00
 180.0000000       5.00000e-20       5.00000e-20       0.00000e+00
 180.1000000       5.00000e-20       5.00000e-20       0.00000e+00
 180.2000000       5.00000e-20       5.00000e-20       0.00000e+00
 180.3000000       5.00000e-20       5.00000e-20       0.00000e+00
 180.4000000       5.00000e-20       5.00000e-20       0.00000e+00
 180.5000000       5.00000e-20       5.00000e-20       0.00000e+00
 180.6000000       5.00000e-20       5.00000e-20       0.00000e+00
 180.7000000       5.00000e-20       5.00000e-20       0.00000e+00
 180.8000000       5.00000e-20       5.00000e-20       0.00000e+00
 180.9000000       5.00000e-20       5.00000e-20       0.00000e+00
 181.0000000       5.00000e-20       5.00000e-20       0.00000e+00
 181.1000000       5.00000e-20       5.00000e-20       0.00000e+00
 181.2000000       5.00000e-20       5.00000e-20       0.00000e+00
 181.3000000       5.00000e-20       5.00000e-20       0.00000e+00
 181.4000000       5.00000e-20       5.00000e-20       0.00000e+00
 181.5000000       5.00000e-20       5.00000e-20       0.00000e+00
 181.6000000       5.00000e-20       5.00000e-20       0.00000e+00
 181.7000000       5.00000e-20       5.00000e-20       0.00000e+00
 181.8000000       5.00000e-20       5.00000e-20       0.00000e+00
 181.9000000       5.00000e-20       5.00000e-20       0.00000e+00
 182.0000000       5.00000e-20       5.00000e-20       0.00000e+00
 182.1000000       5.00000e-20       5.00000e-20       0.00000e+00
 182.2000000       5.00000e-20       5.00000e-20       0.00000e+00
 182.3000000       5.00000e-20       5.00000e-20       0.00000e+00
 182.4000000       5.00000e-20       5.00000e-20       0.00000e+00
 182.5000000       5.00000e-20       5.00000e-20       0.00000e+00
 182.6000000       5.00000e-20       5.00000e-20       0.00000e+00
 182.7000000       5.00000e-20       5.00000e-20       0.00000e+00
 182.8000000       5.00000e-20       5.00000e-20       0.00000e+00
 182.9000000       5.00000e-20       5.00000e-20       0.00000e+00
 183.0000000       5.00000e-20       5.00000e-20       0.00000e+00
 183.1000000       5.00000e-20       5.00000e-20       0.00000e+00
 183.2000000       5.00000e-20       5.00000e-20       0.00000e+00
 183.3000000       5.00000e-20       5.00000e-20       0.00000e+00
 183.4000000       5.00000e-20       5.00000e-20       0.00000e+00
 183.5000000       5.29752e-20       5.29752e-20       0.00000e+00
 183.6000000       8.11035e-20       8.11035e-20       0.00000e+00
 183.7000000       1.65244e-19       1.65244e-19       0.00000e+00
 183.8000000       3.27332e-19       3.27332e-19       0.00000e+00
 183.9000000       6.13922e-19       6.13922e-19       0.00000e+00
 184.0000000       1.09018e-18       1.09018e-18       0.00000e+00
 184.1000000       1.83289e-18       1.83289e-18       0.00000e+00
 184.2000000       2.91764e-18       2.91764e-18       0.00000e+00
 184.3000000       4.39723e-18       4.39723e-18       0.00000e+00
 184.4000000       6.27448e-18       6.27448e-18       0.00000e+00
 184.5000000       8.47667e-18       8.47667e-18       0.00000e+00
 184.6000000       1.08423e-17       1.08423e-17       0.00000e+00
 184.7000000       1.31299e-17       1.31299e-17       0.00000e+00
 184.8000000       1.50539e-17       1.50539e-17       0.00000e+00
 184.9000000       1.63412e-17       1.63412e-17       0.00000e+00
 185.0000000       1.67943e-17       1.67943e-17       0.00000e+00
 185.1000000       1.63412e-17       1.63412e-17       0.00000e+00
 185.2000000       1.50539e-17       1.50539e-17       0.00000e+00
 185.3000000       1.31299e-17       1.31299e-17       0.00000e+00
 185.4000000       1.08423e-17       1.08423e-17       0.00000e+00
 185.5000000       8.47667e-18       8.47667e-18       0.00000e+00
 185.6000000       6.27448e-18       6.27448e-18       0.00000e+00
 185.7000000       4.39723e-18       4.39723e-18       0.00000e+00
 185.8000000       2.91764e-18       2.91764e-18       0.00000e+00
 185.9000000       1.83289e-18       1.83289e-18       0.00000e+00
 186.0000000       1.09018e-18       1.09018e-18       0.00000e+00
 186.1000000       6.13922e-19       6.13922e-19       0.00000e+00
 186.2000000       3.27332e-19       3.27332e-19       0.00000e+00
 186.3000000       1.65244e-19       1.65244e-19       0.00000e+00
 186.4000000       8.11035e-20       8.11035e-20       0.00000e+00
 186.5000000       5.29752e-20       5.29752e-20       0.00000e+00
 186.6000000       5.00000e-20       5.00000e-20       0.00000e+00
 186.7000000       5.00000e-20       5.00000e-20       0.00000e+00
 186.8000000       5.00000e-20       5.00000e-20       0.00000e+00
 186.9000000       5.00000e-20       5.00000e-20       0.00000e+00
 187.0000000       5.00000e-20       5.00000e-20       0.00000e+00
 187.1000000       5.00000e-20       5.00000e-20       0.00000e+00
 187.2000000       5.00000e-20       5.00000e-20       0.00000e+00
 187.3000000       5.00000e-20       5.00000e-20       0.00000e+00
 187.4000000       5.00000e-20       5.00000e-20       0.00000e+00
 187.5000000       5.00000e-20       5.00000e-20       0.00000e+00
 187.6000000       5.00000e-20       5.00000e-20       0.00000e+00
 187.7000000       5.00000e-20       5.00000e-20       0.00000e+00
 187.8000000       5.00000e-20       5.00000e-20       0.00000e+00
 187.9000000       5.00000e-20       5.00000e-20       0.00000e+00
 188.0000000       5.00000e-20       5.00000e-20       0.00000e+00
 188.1000000       5.00000e-20       5.00000e-20       0.00000e+00
 188.2000000       5.00000e-20       5.00000e-20       0.00000e+00
 188.3000000       5.00000e-20       5.00000e-20       0.00000e+00
 188.4000000       5.00000e-20       5.00000e-20       0.00000e+00
 188.5000000       5.00000e-20       5.00000e-20       0.00000e+00
 188.6000000       5.00000e-20       5.00000e-20       0.00000e+00
 188.7000000       5.00000e-20       5.00000e-20       0.00000e+00
 188.8000000       5.00000e-20       5.00000e-20       0.00000e+00
 188.9000000       5.00000e-20       5.00000e-20       0.00000e+00
 189.0000000       5.00000e-20       5.00000e-20       0.00000e+00
 189.1000000       5.00000e-20       5.00000e-20       0.00000e+00
 189.2000000       5.00000e-20       5.00000e-20       0.00000e+00
 189.3000000       5.00000e-20       5.00000e-20       0.00000e+00
 189.4000000       5.00000e-20       5.00000e-20       0.00000e+00
 189.5000000       5.00000e-20       5.00000e-20       0.00000e+00
 189.6000000       5.00000e-20       5.00000e-20       0.00000e+00
 189.7000000       5.00000e-20       5.00000e-20       0.00000e+00
 189.8000000       5.00000e-20       5.00000e-20       0.00000e+00
 189.9000000       5.00000e-20       5.00000e-20       0.00000e+00
 190.0000000       5.00000e-20       5.00000e-20       0.00000e+00
 190.1000000       5.00000e-20       5.00000e-20       0.00000e+00
 190.2000000       5.00000e-20       5.00000e-20       0.00000e+00
 190.3000000       5.00000e-20       5.00000e-20       0.00000e+00
 190.4000000       5.00000e-20       5.00000e-20       0.00000e+00
 190.5000000       5.00000e-20       5.00000e-20       0.00000e+00
 190.6000000       5.00000e-20       5.00000e-20       0.00000e+00
 190.7000000       5.00000e-20       5.00000e-20       0.00000e+00
 190.8000000       5.00000e-20       5.00000e-20       0.00000e+00
 190.9000000       5.00000e-20       5.00000e-20       0.00000e+00
 191.0000000       5.00000e-20       5.00000e-20       0.00000e+00
 191.1000000       5.00000e-20       5.00000e-20       0.00000e+00
 191.2000000       5.00000e-20       5.00000e-20       0.00000e+00
 191.3000000       5.00000e-20       5.00000e-20       0.00000e+00
 191.4000000       5.00000e-20       5.00000e-20       0.00000e+00
 191.5000000       5.00000e-20       5.00000e-20       0.00000e+00
 191.6000000       5.00000e-20       5.00000e-20       0.00000e+00
 191.7000000       5.00000e-20       5.00000e-20       0.00000e+00
 191.8000000       5.00000e-20       5.00000e-20       0.00000e+00
 191.9000000       5.00000e-20       5.00000e-20       0.00000e+00
 192.0000000       5.00000e-20       5.00000e-20       0.00000e+00
 192.1000000       5.00000e-20       5.00000e-20       0.00000e+00
 192.2000000       5.00000e-20       5.00000e-20       0.00000e+00
 192.3000000       5.00000e-20       5.00000e-20       0.00000e+00
 192.4000000       5.00000e-20       5.00000e-20       0.00000e+00
 192.5000000       5.00000e-20       5.00000e-20       0.00000e+00
 192.6000000       5.00000e-20       5.00000e-20       0.00000e+00
 192.7000000       5.00000e-20       5.00000e-20       0.00000e+00
 192.8000000       5.00000e-20       5.00000e-20       0.00000e+00
 192.9000000       5.00000e-20       5.00000e-20       0.00000e+00
 193.0000000       5.00000e-20       5.00000e-20       0.00000e+00
 193.1000000       5.00000e-20       5.00000e-20       0.00000e+00
 193.2000000       5.00000e-20       5.00000e-20       0.00000e+00
 193.3000000       5.00000e-20       5.00000e-20       0.00000e+00
 193.4000000       5.00000e-20       5.00000e-20       0.00000e+00
 193.5000000       5.00000e-20       5.00000e-20       0.00000e+00
 193.6000000       5.00000e-20       5.00000e-20       0.00000e+00
 193.7000000       5.24177e-20       5.24177e-20       0.00000e+00
 193.8000000       7.46567e-20       7.46567e-20       0.00000e+00
 193.9000000       1.36427e-19       1.36427e-19       0.00000e+00
 194.0000000       2.42261e-19       2.42261e-19       0.00000e+00
 194.1000000       4.07309e-19       4.07309e-19       0.00000e+00
 194.2000000       6.48364e-19       6.48364e-19       0.00000e+00
 194.3000000       9.77162e-19       9.77162e-19       0.00000e+00
 194.4000000       1.39433e-18       1.39433e-18       0.00000e+00
 194.5000000       1.88370e-18       1.88370e-18       0.00000e+00
 194.6000000       2.40939e-18       2.40939e-18       0.00000e+00
 194.7000000       2.91776e-18       2.91776e-18       0.00000e+00
 194.8000000       3.34532e-18       3.34532e-18       0.00000e+00
 194.9000000       3.63137e-18       3.63137e-18       0.00000e+00
 195.0000000       3.73206e-18       3.73206e-18       0.00000e+00
 195.1000000       3.63137e-18       3.63137e-18       0.00000e+00
 195.2000000       3.34532e-18       3.34532e-18       0.00000e+00
 195.3000000       2.91776e-18       2.91776e-18       0.00000e+00
 195.4000000       2.40939e-18       2.40939e-18       0.00000e+00
 195.5000000       1.88370e-18       1.88370e-18       0.00000e+00
 195.6000000       1.39433e-18       1.39433e-18       0.00000e+00
 195.7000000       9.77162e-19       9.77162e-19       0.00000e+00
 195.8000000       6.48364e-19       6.48364e-19       0.00000e+00
 195.9000000       4.07309e-19       4.07309e-19       0.00000e+00
 196.0000000       2.42261e-19       2.42261e-19       0.00000e+00
 196.1000000       1.36427e-19       1.36427e-19       0.00000e+00
 196.2000000       7.46567e-20       7.46567e-20       0.00000e+00
 196.3000000       5.24177e-20       5.24177e-20       0.00000e+00
 196.4000000       5.00000e-20       5.00000e-20       0.00000e+00
 196.5000000       5.00000e-20       5.00000e-20       0.00000e+00
 196.6000000       5.00000e-20       5.00000e-20       0.00000e+00
 196.7000000       5.00000e-20       5.00000e-20       0.00000e+00
 196.8000000       5.00000e-20       5.00000e-20       0.00000e+00
 196.9000000       5.00000e-20       5.00000e-20       0.00000e+00
 197.0000000       5.00000e-20       5.00000e-20       0.00000e+00
 197.1000000       5.00000e-20       5.00000e-20       0.00000e+00
 197.2000000       5.00000e-20       5.00000e-20       0.00000e+00
 197.3000000       5.00000e-20       5.00000e-20       0.00000e+00
 197.4000000       5.00000e-20       5.00000e-20       0.00000e+00
 197.5000000       5.00000e-20       5.00000e-20       0.00000e+00
 197.6000000       5.00000e-20       5.00000e-20       0.00000e+00
 197.7000000       5.00000e-20       5.00000e-20       0.00000e+00
 197.8000000       5.00000e-20       5.00000e-20       0.00000e+00
 197.9000000       5.00000e-20       5.00000e-20       0.00000e+00
 198.0000000       5.00000e-20       5.00000e-20       0.00000e+00
