# P photoionisation cross section
# Alan Heays 2016-04-19
# Reference: tayal2004
# wavelength: Wavelength (nm)
# photoabsorption: Photoabsorption cross section (cm2)
# photoionisation: Photoionisation cross section (cm2)
# 
# wavelength   photoabsorption   photoionisation
  62.1000000       8.22271e-18       8.22271e-18
  62.2000000       7.97927e-18       7.97927e-18
  62.3000000       8.17680e-18       8.17680e-18
  62.4000000       8.49401e-18       8.49401e-18
  62.5000000       8.51367e-18       8.51367e-18
  62.6000000       8.48695e-18       8.48695e-18
  62.7000000       8.90819e-18       8.90819e-18
  62.8000000       9.04726e-18       9.04726e-18
  62.9000000       8.32905e-18       8.32905e-18
  63.0000000       9.28489e-18       9.28489e-18
  63.1000000       9.38398e-18       9.38398e-18
  63.2000000       8.85078e-18       8.85078e-18
  63.3000000       8.88831e-18       8.88831e-18
  63.4000000       9.70956e-18       9.70956e-18
  63.5000000       9.82517e-18       9.82517e-18
  63.6000000       9.90922e-18       9.90922e-18
  63.7000000       9.95958e-18       9.95958e-18
  63.8000000       9.64892e-18       9.64892e-18
  63.9000000       8.53501e-18       8.53501e-18
  64.0000000       1.03270e-17       1.03270e-17
  64.1000000       1.04974e-17       1.04974e-17
  64.2000000       1.05990e-17       1.05990e-17
  64.3000000       1.06942e-17       1.06942e-17
  64.4000000       1.07770e-17       1.07770e-17
  64.5000000       1.08510e-17       1.08510e-17
  64.6000000       1.09191e-17       1.09191e-17
  64.7000000       1.09288e-17       1.09288e-17
  64.8000000       1.08849e-17       1.08849e-17
  64.9000000       1.04450e-17       1.04450e-17
  65.0000000       8.75843e-18       8.75843e-18
  65.1000000       1.13321e-17       1.13321e-17
  65.2000000       1.18566e-17       1.18566e-17
  65.3000000       1.19605e-17       1.19605e-17
  65.4000000       1.20425e-17       1.20425e-17
  65.5000000       1.21306e-17       1.21306e-17
  65.6000000       1.22260e-17       1.22260e-17
  65.7000000       1.23319e-17       1.23319e-17
  65.8000000       1.24279e-17       1.24279e-17
  65.9000000       1.25390e-17       1.25390e-17
  66.0000000       1.26557e-17       1.26557e-17
  66.1000000       1.27930e-17       1.27930e-17
  66.2000000       1.29457e-17       1.29457e-17
  66.3000000       1.31417e-17       1.31417e-17
  66.4000000       1.33845e-17       1.33845e-17
  66.5000000       1.25523e-17       1.25523e-17
  66.6000000       1.18131e-17       1.18131e-17
  66.7000000       1.24120e-17       1.24120e-17
  66.8000000       1.30116e-17       1.30116e-17
  66.9000000       1.36112e-17       1.36112e-17
  67.0000000       1.42108e-17       1.42108e-17
  67.1000000       1.48105e-17       1.48105e-17
  67.2000000       1.49512e-17       1.49512e-17
  67.3000000       1.43769e-17       1.43769e-17
  67.4000000       1.43863e-17       1.43863e-17
  67.5000000       1.41372e-17       1.41372e-17
  67.6000000       1.44673e-17       1.44673e-17
  67.7000000       1.43943e-17       1.43943e-17
  67.8000000       1.44697e-17       1.44697e-17
  67.9000000       1.47042e-17       1.47042e-17
  68.0000000       1.46764e-17       1.46764e-17
  68.1000000       1.47879e-17       1.47879e-17
  68.2000000       1.44432e-17       1.44432e-17
  68.3000000       1.51247e-17       1.51247e-17
  68.4000000       1.52119e-17       1.52119e-17
  68.5000000       1.52912e-17       1.52912e-17
  68.6000000       1.53049e-17       1.53049e-17
  68.7000000       1.54840e-17       1.54840e-17
  68.8000000       1.54453e-17       1.54453e-17
  68.9000000       1.50483e-17       1.50483e-17
  69.0000000       1.56166e-17       1.56166e-17
  69.1000000       1.59573e-17       1.59573e-17
  69.2000000       1.60586e-17       1.60586e-17
  69.3000000       1.61530e-17       1.61530e-17
  69.4000000       1.62449e-17       1.62449e-17
  69.5000000       1.63408e-17       1.63408e-17
  69.6000000       1.64378e-17       1.64378e-17
  69.7000000       1.65182e-17       1.65182e-17
  69.8000000       1.65957e-17       1.65957e-17
  69.9000000       1.66974e-17       1.66974e-17
  70.0000000       1.67248e-17       1.67248e-17
  70.1000000       1.67414e-17       1.67414e-17
  70.2000000       1.65989e-17       1.65989e-17
  70.3000000       1.61391e-17       1.61391e-17
  70.4000000       1.69167e-17       1.69167e-17
  70.5000000       1.74981e-17       1.74981e-17
  70.6000000       1.76228e-17       1.76228e-17
  70.7000000       1.77315e-17       1.77315e-17
  70.8000000       1.78273e-17       1.78273e-17
  70.9000000       1.79226e-17       1.79226e-17
  71.0000000       1.80304e-17       1.80304e-17
  71.1000000       1.81260e-17       1.81260e-17
  71.2000000       1.82306e-17       1.82306e-17
  71.3000000       1.83324e-17       1.83324e-17
  71.4000000       1.84392e-17       1.84392e-17
  71.5000000       1.85423e-17       1.85423e-17
  71.6000000       1.86439e-17       1.86439e-17
  71.7000000       1.87502e-17       1.87502e-17
  71.8000000       1.88473e-17       1.88473e-17
  71.9000000       1.89444e-17       1.89444e-17
  72.0000000       1.90372e-17       1.90372e-17
  72.1000000       1.91421e-17       1.91421e-17
  72.2000000       1.92344e-17       1.92344e-17
  72.3000000       1.93248e-17       1.93248e-17
  72.4000000       1.94130e-17       1.94130e-17
  72.5000000       1.94889e-17       1.94889e-17
  72.6000000       1.95588e-17       1.95588e-17
  72.7000000       1.95968e-17       1.95968e-17
  72.8000000       1.95738e-17       1.95738e-17
  72.9000000       1.94168e-17       1.94168e-17
  73.0000000       1.88033e-17       1.88033e-17
  73.1000000       1.86563e-17       1.86563e-17
  73.2000000       2.05076e-17       2.05076e-17
  73.3000000       2.08409e-17       2.08409e-17
  73.4000000       2.09298e-17       2.09298e-17
  73.5000000       2.10109e-17       2.10109e-17
  73.6000000       2.10866e-17       2.10866e-17
  73.7000000       2.11846e-17       2.11846e-17
  73.8000000       2.12797e-17       2.12797e-17
  73.9000000       2.13769e-17       2.13769e-17
  74.0000000       2.14710e-17       2.14710e-17
  74.1000000       2.15767e-17       2.15767e-17
  74.2000000       2.16839e-17       2.16839e-17
  74.3000000       2.17861e-17       2.17861e-17
  74.4000000       2.18891e-17       2.18891e-17
  74.5000000       2.19971e-17       2.19971e-17
  74.6000000       2.21107e-17       2.21107e-17
  74.7000000       2.22169e-17       2.22169e-17
  74.8000000       2.23289e-17       2.23289e-17
  74.9000000       2.24385e-17       2.24385e-17
  75.0000000       2.25513e-17       2.25513e-17
  75.1000000       2.26610e-17       2.26610e-17
  75.2000000       2.27875e-17       2.27875e-17
  75.3000000       2.28744e-17       2.28744e-17
  75.4000000       2.29959e-17       2.29959e-17
  75.5000000       2.31137e-17       2.31137e-17
  75.6000000       2.32248e-17       2.32248e-17
  75.7000000       2.33295e-17       2.33295e-17
  75.8000000       2.34354e-17       2.34354e-17
  75.9000000       2.35604e-17       2.35604e-17
  76.0000000       2.36747e-17       2.36747e-17
  76.1000000       2.37873e-17       2.37873e-17
  76.2000000       2.39041e-17       2.39041e-17
  76.3000000       2.40101e-17       2.40101e-17
  76.4000000       2.41271e-17       2.41271e-17
  76.5000000       2.41225e-17       2.41225e-17
  76.6000000       2.22358e-17       2.22358e-17
  76.7000000       2.54621e-17       2.54621e-17
  76.8000000       2.15783e-17       2.15783e-17
  76.9000000       2.21102e-17       2.21102e-17
  77.0000000       1.76417e-17       1.76417e-17
  77.1000000       2.32463e-17       2.32463e-17
  77.2000000       2.17192e-17       2.17192e-17
  77.3000000       2.67853e-17       2.67853e-17
  77.4000000       2.07099e-17       2.07099e-17
  77.5000000       2.47626e-17       2.47626e-17
  77.6000000       2.43438e-17       2.43438e-17
  77.7000000       3.00975e-17       3.00975e-17
  77.8000000       1.84471e-17       1.84471e-17
  77.9000000       2.65439e-17       2.65439e-17
  78.0000000       2.96947e-17       2.96947e-17
  78.1000000       3.09327e-17       3.09327e-17
  78.2000000       1.58570e-17       1.58570e-17
  78.3000000       2.53502e-17       2.53502e-17
  78.4000000       2.85550e-17       2.85550e-17
  78.5000000       3.01989e-17       3.01989e-17
  78.6000000       3.19170e-17       3.19170e-17
  78.7000000       3.25278e-17       3.25278e-17
  78.8000000       1.20120e-17       1.20120e-17
  78.9000000       2.06350e-17       2.06350e-17
  79.0000000       2.65395e-17       2.65395e-17
  79.1000000       2.84281e-17       2.84281e-17
  79.2000000       2.98628e-17       2.98628e-17
  79.3000000       3.08419e-17       3.08419e-17
  79.4000000       3.17650e-17       3.17650e-17
  79.5000000       3.27927e-17       3.27927e-17
  79.6000000       3.37897e-17       3.37897e-17
  79.7000000       3.43678e-17       3.43678e-17
  79.8000000       2.98351e-17       2.98351e-17
  79.9000000       6.50886e-18       6.50886e-18
  80.0000000       1.60341e-17       1.60341e-17
  80.1000000       2.36847e-17       2.36847e-17
  80.2000000       2.65729e-17       2.65729e-17
  80.3000000       2.85786e-17       2.85786e-17
  80.4000000       2.97862e-17       2.97862e-17
  80.5000000       3.07237e-17       3.07237e-17
  80.6000000       3.13827e-17       3.13827e-17
  80.7000000       3.20139e-17       3.20139e-17
  80.8000000       3.25838e-17       3.25838e-17
  80.9000000       3.31662e-17       3.31662e-17
  81.0000000       3.36708e-17       3.36708e-17
  81.1000000       3.41924e-17       3.41924e-17
  81.2000000       3.46637e-17       3.46637e-17
  81.3000000       3.51851e-17       3.51851e-17
  81.4000000       3.57089e-17       3.57089e-17
  81.5000000       3.61457e-17       3.61457e-17
  81.6000000       3.65597e-17       3.65597e-17
  81.7000000       3.67674e-17       3.67674e-17
  81.8000000       3.64347e-17       3.64347e-17
  81.9000000       3.45050e-17       3.45050e-17
  82.0000000       2.84817e-17       2.84817e-17
  82.1000000       1.61700e-17       1.61700e-17
  82.2000000       4.39719e-18       4.39719e-18
  82.3000000       8.65385e-18       8.65385e-18
  82.4000000       1.62079e-17       1.62079e-17
  82.5000000       2.19235e-17       2.19235e-17
  82.6000000       2.51576e-17       2.51576e-17
  82.7000000       2.73068e-17       2.73068e-17
  82.8000000       2.89980e-17       2.89980e-17
  82.9000000       3.03828e-17       3.03828e-17
  83.0000000       3.13496e-17       3.13496e-17
  83.1000000       3.21789e-17       3.21789e-17
  83.2000000       3.28496e-17       3.28496e-17
  83.3000000       3.34479e-17       3.34479e-17
  83.4000000       3.39851e-17       3.39851e-17
  83.5000000       3.45047e-17       3.45047e-17
  83.6000000       3.49425e-17       3.49425e-17
  83.7000000       3.53350e-17       3.53350e-17
  83.8000000       3.57261e-17       3.57261e-17
  83.9000000       3.61089e-17       3.61089e-17
  84.0000000       3.64495e-17       3.64495e-17
  84.1000000       3.67783e-17       3.67783e-17
  84.2000000       3.70712e-17       3.70712e-17
  84.3000000       3.73613e-17       3.73613e-17
  84.4000000       3.76515e-17       3.76515e-17
  84.5000000       3.79399e-17       3.79399e-17
  84.6000000       3.82279e-17       3.82279e-17
  84.7000000       3.85089e-17       3.85089e-17
  84.8000000       3.87588e-17       3.87588e-17
  84.9000000       3.90082e-17       3.90082e-17
  85.0000000       3.92516e-17       3.92516e-17
  85.1000000       3.94727e-17       3.94727e-17
  85.2000000       3.97099e-17       3.97099e-17
  85.3000000       3.99399e-17       3.99399e-17
  85.4000000       4.01620e-17       4.01620e-17
  85.5000000       4.03939e-17       4.03939e-17
  85.6000000       4.06017e-17       4.06017e-17
  85.7000000       4.07907e-17       4.07907e-17
  85.8000000       4.09693e-17       4.09693e-17
  85.9000000       4.11629e-17       4.11629e-17
  86.0000000       4.13596e-17       4.13596e-17
  86.1000000       4.15301e-17       4.15301e-17
  86.2000000       4.16846e-17       4.16846e-17
  86.3000000       4.18159e-17       4.18159e-17
  86.4000000       4.19337e-17       4.19337e-17
  86.5000000       4.20405e-17       4.20405e-17
  86.6000000       4.21105e-17       4.21105e-17
  86.7000000       4.21400e-17       4.21400e-17
  86.8000000       4.21336e-17       4.21336e-17
  86.9000000       4.20862e-17       4.20862e-17
  87.0000000       4.19793e-17       4.19793e-17
  87.1000000       4.17835e-17       4.17835e-17
  87.2000000       4.14984e-17       4.14984e-17
  87.3000000       4.10813e-17       4.10813e-17
  87.4000000       4.05418e-17       4.05418e-17
  87.5000000       3.97851e-17       3.97851e-17
  87.6000000       3.88865e-17       3.88865e-17
  87.7000000       3.75652e-17       3.75652e-17
  87.8000000       3.59365e-17       3.59365e-17
  87.9000000       3.38083e-17       3.38083e-17
  88.0000000       3.12827e-17       3.12827e-17
  88.1000000       2.79959e-17       2.79959e-17
  88.2000000       2.42860e-17       2.42860e-17
  88.3000000       2.01470e-17       2.01470e-17
  88.4000000       1.54366e-17       1.54366e-17
  88.5000000       1.04482e-17       1.04482e-17
  88.6000000       6.51509e-18       6.51509e-18
  88.7000000       4.04610e-18       4.04610e-18
  88.8000000       3.07152e-18       3.07152e-18
  88.9000000       3.54713e-18       3.54713e-18
  89.0000000       5.39994e-18       5.39994e-18
  89.1000000       7.91115e-18       7.91115e-18
  89.2000000       1.07392e-17       1.07392e-17
  89.3000000       1.37690e-17       1.37690e-17
  89.4000000       1.65353e-17       1.65353e-17
  89.5000000       1.92418e-17       1.92418e-17
  89.6000000       2.15369e-17       2.15369e-17
  89.7000000       2.34311e-17       2.34311e-17
  89.8000000       2.53244e-17       2.53244e-17
  89.9000000       2.72177e-17       2.72177e-17
  90.0000000       2.90998e-17       2.90998e-17
  90.1000000       3.05722e-17       3.05722e-17
  90.2000000       3.17997e-17       3.17997e-17
  90.3000000       3.29062e-17       3.29062e-17
  90.4000000       3.39744e-17       3.39744e-17
  90.5000000       3.49120e-17       3.49120e-17
  90.6000000       3.57175e-17       3.57175e-17
  90.7000000       3.65179e-17       3.65179e-17
  90.8000000       3.72219e-17       3.72219e-17
  90.9000000       3.78299e-17       3.78299e-17
  91.0000000       3.84860e-17       3.84860e-17
  91.1000000       3.90579e-17       3.90579e-17
  91.2000000       3.95615e-17       3.95615e-17
  91.3000000       4.00658e-17       4.00658e-17
  91.4000000       4.05163e-17       4.05163e-17
  91.5000000       4.09616e-17       4.09616e-17
  91.6000000       4.14009e-17       4.14009e-17
  91.7000000       4.17808e-17       4.17808e-17
  91.8000000       4.21301e-17       4.21301e-17
  91.9000000       4.25246e-17       4.25246e-17
  92.0000000       4.28756e-17       4.28756e-17
  92.1000000       4.32006e-17       4.32006e-17
  92.2000000       4.35235e-17       4.35235e-17
  92.3000000       4.38452e-17       4.38452e-17
  92.4000000       4.41138e-17       4.41138e-17
  92.5000000       4.43922e-17       4.43922e-17
  92.6000000       4.46792e-17       4.46792e-17
  92.7000000       4.49273e-17       4.49273e-17
  92.8000000       4.51953e-17       4.51953e-17
  92.9000000       4.54397e-17       4.54397e-17
  93.0000000       4.56781e-17       4.56781e-17
  93.1000000       4.59156e-17       4.59156e-17
  93.2000000       4.61425e-17       4.61425e-17
  93.3000000       4.63470e-17       4.63470e-17
  93.4000000       4.65543e-17       4.65543e-17
  93.5000000       4.67788e-17       4.67788e-17
  93.6000000       4.69917e-17       4.69917e-17
  93.7000000       4.71708e-17       4.71708e-17
  93.8000000       4.73675e-17       4.73675e-17
  93.9000000       4.75706e-17       4.75706e-17
  94.0000000       4.77666e-17       4.77666e-17
  94.1000000       4.79422e-17       4.79422e-17
  94.2000000       4.81172e-17       4.81172e-17
  94.3000000       4.83009e-17       4.83009e-17
  94.4000000       4.84891e-17       4.84891e-17
  94.5000000       4.86380e-17       4.86380e-17
  94.6000000       4.88003e-17       4.88003e-17
  94.7000000       4.89727e-17       4.89727e-17
  94.8000000       4.91443e-17       4.91443e-17
  94.9000000       4.93027e-17       4.93027e-17
  95.0000000       4.94537e-17       4.94537e-17
  95.1000000       4.95972e-17       4.95972e-17
  95.2000000       4.97563e-17       4.97563e-17
  95.3000000       4.99180e-17       4.99180e-17
  95.4000000       5.00471e-17       5.00471e-17
  95.5000000       5.01930e-17       5.01930e-17
  95.6000000       5.03590e-17       5.03590e-17
  95.7000000       5.05037e-17       5.05037e-17
  95.8000000       5.06367e-17       5.06367e-17
  95.9000000       5.07621e-17       5.07621e-17
  96.0000000       5.08981e-17       5.08981e-17
  96.1000000       5.10328e-17       5.10328e-17
  96.2000000       5.11571e-17       5.11571e-17
  96.3000000       5.12899e-17       5.12899e-17
  96.4000000       5.14237e-17       5.14237e-17
  96.5000000       5.15369e-17       5.15369e-17
  96.6000000       5.16686e-17       5.16686e-17
  96.7000000       5.18133e-17       5.18133e-17
  96.8000000       5.19306e-17       5.19306e-17
  96.9000000       5.20449e-17       5.20449e-17
  97.0000000       5.21666e-17       5.21666e-17
  97.1000000       5.22882e-17       5.22882e-17
  97.2000000       5.24096e-17       5.24096e-17
  97.3000000       5.25303e-17       5.25303e-17
  97.4000000       5.26456e-17       5.26456e-17
  97.5000000       5.27435e-17       5.27435e-17
  97.6000000       5.28499e-17       5.28499e-17
  97.7000000       5.29699e-17       5.29699e-17
  97.8000000       5.30819e-17       5.30819e-17
  97.9000000       5.31918e-17       5.31918e-17
  98.0000000       5.33102e-17       5.33102e-17
  98.1000000       5.34207e-17       5.34207e-17
  98.2000000       5.35163e-17       5.35163e-17
  98.3000000       5.36251e-17       5.36251e-17
  98.4000000       5.37423e-17       5.37423e-17
  98.5000000       5.38424e-17       5.38424e-17
  98.6000000       5.39368e-17       5.39368e-17
  98.7000000       5.40306e-17       5.40306e-17
  98.8000000       5.41244e-17       5.41244e-17
  98.9000000       5.42181e-17       5.42181e-17
  99.0000000       5.43172e-17       5.43172e-17
  99.1000000       5.44224e-17       5.44224e-17
  99.2000000       5.45219e-17       5.45219e-17
  99.3000000       5.46150e-17       5.46150e-17
  99.4000000       5.47079e-17       5.47079e-17
  99.5000000       5.47991e-17       5.47991e-17
  99.6000000       5.48731e-17       5.48731e-17
  99.7000000       5.49486e-17       5.49486e-17
  99.8000000       5.50586e-17       5.50586e-17
  99.9000000       5.51621e-17       5.51621e-17
 100.0000000       5.52329e-17       5.52329e-17
 100.1000000       5.53104e-17       5.53104e-17
 100.2000000       5.54016e-17       5.54016e-17
 100.3000000       5.54928e-17       5.54928e-17
 100.4000000       5.55837e-17       5.55837e-17
 100.5000000       5.56683e-17       5.56683e-17
 100.6000000       5.57495e-17       5.57495e-17
 100.7000000       5.58224e-17       5.58224e-17
 100.8000000       5.58910e-17       5.58910e-17
 100.9000000       5.59752e-17       5.59752e-17
 101.0000000       5.60627e-17       5.60627e-17
 101.1000000       5.61284e-17       5.61284e-17
 101.2000000       5.61907e-17       5.61907e-17
 101.3000000       5.62737e-17       5.62737e-17
 101.4000000       5.63606e-17       5.63606e-17
 101.5000000       5.64305e-17       5.64305e-17
 101.6000000       5.64959e-17       5.64959e-17
 101.7000000       5.65565e-17       5.65565e-17
 101.8000000       5.66194e-17       5.66194e-17
 101.9000000       5.67035e-17       5.67035e-17
 102.0000000       5.67883e-17       5.67883e-17
 102.1000000       5.68565e-17       5.68565e-17
 102.2000000       5.69225e-17       5.69225e-17
 102.3000000       5.69883e-17       5.69883e-17
 102.4000000       5.70538e-17       5.70538e-17
 102.5000000       5.71191e-17       5.71191e-17
 102.6000000       5.71822e-17       5.71822e-17
 102.7000000       5.72411e-17       5.72411e-17
 102.8000000       5.73013e-17       5.73013e-17
 102.9000000       5.73659e-17       5.73659e-17
 103.0000000       5.74291e-17       5.74291e-17
 103.1000000       5.74874e-17       5.74874e-17
 103.2000000       5.75465e-17       5.75465e-17
 103.3000000       5.76103e-17       5.76103e-17
 103.4000000       5.76709e-17       5.76709e-17
 103.5000000       5.77155e-17       5.77155e-17
 103.6000000       5.77614e-17       5.77614e-17
 103.7000000       5.78181e-17       5.78181e-17
 103.8000000       5.78763e-17       5.78763e-17
 103.9000000       5.79391e-17       5.79391e-17
 104.0000000       5.79999e-17       5.79999e-17
 104.1000000       5.80414e-17       5.80414e-17
 104.2000000       5.80803e-17       5.80803e-17
 104.3000000       5.81367e-17       5.81367e-17
 104.4000000       5.81989e-17       5.81989e-17
 104.5000000       5.82435e-17       5.82435e-17
 104.6000000       5.82814e-17       5.82814e-17
 104.7000000       5.83327e-17       5.83327e-17
 104.8000000       5.83951e-17       5.83951e-17
 104.9000000       5.84443e-17       5.84443e-17
 105.0000000       5.84818e-17       5.84818e-17
 105.1000000       5.85193e-17       5.85193e-17
 105.2000000       5.85567e-17       5.85567e-17
 105.3000000       5.85946e-17       5.85946e-17
 105.4000000       5.86353e-17       5.86353e-17
 105.5000000       5.86759e-17       5.86759e-17
 105.6000000       5.87135e-17       5.87135e-17
 105.7000000       5.87507e-17       5.87507e-17
 105.8000000       5.87906e-17       5.87906e-17
 105.9000000       5.88315e-17       5.88315e-17
 106.0000000       5.88696e-17       5.88696e-17
 106.1000000       5.89064e-17       5.89064e-17
 106.2000000       5.89446e-17       5.89446e-17
 106.3000000       5.89851e-17       5.89851e-17
 106.4000000       5.90242e-17       5.90242e-17
 106.5000000       5.90608e-17       5.90608e-17
 106.6000000       5.90947e-17       5.90947e-17
 106.7000000       5.91150e-17       5.91150e-17
 106.8000000       5.91337e-17       5.91337e-17
 106.9000000       5.91668e-17       5.91668e-17
 107.0000000       5.92067e-17       5.92067e-17
 107.1000000       5.92336e-17       5.92336e-17
 107.2000000       5.92516e-17       5.92516e-17
 107.3000000       5.92749e-17       5.92749e-17
 107.4000000       5.93102e-17       5.93102e-17
 107.5000000       5.93446e-17       5.93446e-17
 107.6000000       5.93671e-17       5.93671e-17
 107.7000000       5.93868e-17       5.93868e-17
 107.8000000       5.94051e-17       5.94051e-17
 107.9000000       5.94229e-17       5.94229e-17
 108.0000000       5.94407e-17       5.94407e-17
 108.1000000       5.94585e-17       5.94585e-17
 108.2000000       5.94762e-17       5.94762e-17
 108.3000000       5.94938e-17       5.94938e-17
 108.4000000       5.95114e-17       5.95114e-17
 108.5000000       5.95302e-17       5.95302e-17
 108.6000000       5.95498e-17       5.95498e-17
 108.7000000       5.95683e-17       5.95683e-17
 108.8000000       5.95858e-17       5.95858e-17
 108.9000000       5.96033e-17       5.96033e-17
 109.0000000       5.96207e-17       5.96207e-17
 109.1000000       5.96381e-17       5.96381e-17
 109.2000000       5.96554e-17       5.96554e-17
 109.3000000       5.96728e-17       5.96728e-17
 109.4000000       5.96853e-17       5.96853e-17
 109.5000000       5.96859e-17       5.96859e-17
 109.6000000       5.96869e-17       5.96869e-17
 109.7000000       5.97013e-17       5.97013e-17
 109.8000000       5.97204e-17       5.97204e-17
 109.9000000       5.97281e-17       5.97281e-17
 110.0000000       5.97282e-17       5.97282e-17
 110.1000000       5.97283e-17       5.97283e-17
 110.2000000       5.97284e-17       5.97284e-17
 110.3000000       5.97285e-17       5.97285e-17
 110.4000000       5.97286e-17       5.97286e-17
 110.5000000       5.97287e-17       5.97287e-17
 110.6000000       5.97288e-17       5.97288e-17
 110.7000000       5.97289e-17       5.97289e-17
 110.8000000       5.97290e-17       5.97290e-17
 110.9000000       5.97291e-17       5.97291e-17
 111.0000000       5.97291e-17       5.97291e-17
 111.1000000       5.97292e-17       5.97292e-17
 111.2000000       5.97293e-17       5.97293e-17
 111.3000000       5.97294e-17       5.97294e-17
 111.4000000       5.97295e-17       5.97295e-17
 111.5000000       5.97295e-17       5.97295e-17
 111.6000000       5.97262e-17       5.97262e-17
 111.7000000       5.97109e-17       5.97109e-17
 111.8000000       5.96946e-17       5.96946e-17
 111.9000000       5.96879e-17       5.96879e-17
 112.0000000       5.96880e-17       5.96880e-17
 112.1000000       5.96857e-17       5.96857e-17
 112.2000000       5.96711e-17       5.96711e-17
 112.3000000       5.96549e-17       5.96549e-17
 112.4000000       5.96464e-17       5.96464e-17
 112.5000000       5.96465e-17       5.96465e-17
 112.6000000       5.96453e-17       5.96453e-17
 112.7000000       5.96320e-17       5.96320e-17
 112.8000000       5.96159e-17       5.96159e-17
 112.9000000       5.95916e-17       5.95916e-17
 113.0000000       5.95518e-17       5.95518e-17
 113.1000000       5.95177e-17       5.95177e-17
 113.2000000       5.94993e-17       5.94993e-17
 113.3000000       5.94817e-17       5.94817e-17
 113.4000000       5.94654e-17       5.94654e-17
 113.5000000       5.94494e-17       5.94494e-17
 113.6000000       5.94335e-17       5.94335e-17
 113.7000000       5.94176e-17       5.94176e-17
 113.8000000       5.94016e-17       5.94016e-17
 113.9000000       5.93758e-17       5.93758e-17
 114.0000000       5.93443e-17       5.93443e-17
 114.1000000       5.93145e-17       5.93145e-17
 114.2000000       5.92952e-17       5.92952e-17
 114.3000000       5.92776e-17       5.92776e-17
 114.4000000       5.92519e-17       5.92519e-17
 114.5000000       5.92205e-17       5.92205e-17
 114.6000000       5.91888e-17       5.91888e-17
 114.7000000       5.91545e-17       5.91545e-17
 114.8000000       5.91198e-17       5.91198e-17
 114.9000000       5.90871e-17       5.90871e-17
 115.0000000       5.90561e-17       5.90561e-17
 115.1000000       5.90249e-17       5.90249e-17
 115.2000000       5.89912e-17       5.89912e-17
 115.3000000       5.89568e-17       5.89568e-17
 115.4000000       5.89239e-17       5.89239e-17
 115.5000000       5.88930e-17       5.88930e-17
 115.6000000       5.88622e-17       5.88622e-17
 115.7000000       5.88315e-17       5.88315e-17
 115.8000000       5.88009e-17       5.88009e-17
 115.9000000       5.87700e-17       5.87700e-17
 116.0000000       5.87366e-17       5.87366e-17
 116.1000000       5.87027e-17       5.87027e-17
 116.2000000       5.86630e-17       5.86630e-17
 116.3000000       5.86173e-17       5.86173e-17
 116.4000000       5.85715e-17       5.85715e-17
 116.5000000       5.85224e-17       5.85224e-17
 116.6000000       5.84719e-17       5.84719e-17
 116.7000000       5.84273e-17       5.84273e-17
 116.8000000       5.83966e-17       5.83966e-17
 116.9000000       5.83665e-17       5.83665e-17
 117.0000000       5.83271e-17       5.83271e-17
 117.1000000       5.82771e-17       5.82771e-17
 117.2000000       5.82271e-17       5.82271e-17
 117.3000000       5.81772e-17       5.81772e-17
 117.4000000       5.81274e-17       5.81274e-17
 117.5000000       5.80799e-17       5.80799e-17
 117.6000000       5.80355e-17       5.80355e-17
 117.7000000       5.80021e-17       5.80021e-17
