# S photoionisation cross section
# From the Leiden database for photodissociation and photoionization of astrophysically relevant molecules, http://home.strw.leidenuniv.nl/~ewine/photo/
# File last modified by Alan Heays 2017-03-01
# references: barthel2015 10.1103/PhysRevA.91.013406, gibson1986 http://stacks.iop.org/0022-3700/19/i=18/a=013,
# wavelength: Wavelength (nm)
# photoabsorption: Photoabsorption cross section (cm2)
# photoionisation: Photoionisation cross section (cm2)
# 
# wavelength   photoabsorption   photoionisation
  41.4000000       5.24545e-18       5.24545e-18
  41.5000000       5.54787e-18       5.54787e-18
  41.6000000       5.85787e-18       5.85787e-18
  41.7000000       5.90612e-18       5.90612e-18
  41.8000000       5.34738e-18       5.34738e-18
  41.9000000       4.52175e-18       4.52175e-18
  42.0000000       4.68238e-18       4.68238e-18
  42.1000000       5.04648e-18       5.04648e-18
  42.2000000       5.07286e-18       5.07286e-18
  42.3000000       5.97931e-18       5.97931e-18
  42.4000000       6.95408e-18       6.95408e-18
  42.5000000       6.00430e-18       6.00430e-18
  42.6000000       4.68420e-18       4.68420e-18
  42.7000000       4.67135e-18       4.67135e-18
  42.8000000       4.79673e-18       4.79673e-18
  42.9000000       4.75132e-18       4.75132e-18
  43.0000000       5.51569e-18       5.51569e-18
  43.1000000       5.85282e-18       5.85282e-18
  43.2000000       5.09141e-18       5.09141e-18
  43.3000000       4.25852e-18       4.25852e-18
  43.4000000       4.25428e-18       4.25428e-18
  43.5000000       4.59803e-18       4.59803e-18
  43.6000000       5.06466e-18       5.06466e-18
  43.7000000       5.40992e-18       5.40992e-18
  43.8000000       5.84199e-18       5.84199e-18
  43.9000000       6.49414e-18       6.49414e-18
  44.0000000       6.76102e-18       6.76102e-18
  44.1000000       6.98479e-18       6.98479e-18
  44.2000000       7.61591e-18       7.61591e-18
  44.3000000       8.12528e-18       8.12528e-18
  44.4000000       8.19285e-18       8.19285e-18
  44.5000000       6.85870e-18       6.85870e-18
  44.6000000       5.32616e-18       5.32616e-18
  44.7000000       5.45309e-18       5.45309e-18
  44.8000000       6.33693e-18       6.33693e-18
  44.9000000       7.25282e-18       7.25282e-18
  45.0000000       7.00907e-18       7.00907e-18
  45.1000000       5.22644e-18       5.22644e-18
  45.2000000       3.97862e-18       3.97862e-18
  45.3000000       3.72148e-18       3.72148e-18
  45.4000000       3.78487e-18       3.78487e-18
  45.5000000       4.25613e-18       4.25613e-18
  45.6000000       3.86286e-18       3.86286e-18
  45.7000000       3.38831e-18       3.38831e-18
  45.8000000       3.80142e-18       3.80142e-18
  45.9000000       4.58325e-18       4.58325e-18
  46.0000000       5.70042e-18       5.70042e-18
  46.1000000       6.70690e-18       6.70690e-18
  46.2000000       7.80445e-18       7.80445e-18
  46.3000000       7.84668e-18       7.84668e-18
  46.4000000       6.05176e-18       6.05176e-18
  46.5000000       3.91407e-18       3.91407e-18
  46.6000000       3.30906e-18       3.30906e-18
  46.7000000       3.42882e-18       3.42882e-18
  46.8000000       3.70250e-18       3.70250e-18
  46.9000000       4.02902e-18       4.02902e-18
  47.0000000       4.40095e-18       4.40095e-18
  47.1000000       4.79338e-18       4.79338e-18
  47.2000000       5.33681e-18       5.33681e-18
  47.3000000       5.87485e-18       5.87485e-18
  47.4000000       6.20801e-18       6.20801e-18
  47.5000000       6.60960e-18       6.60960e-18
  47.6000000       7.28746e-18       7.28746e-18
  47.7000000       7.47055e-18       7.47055e-18
  47.8000000       7.01682e-18       7.01682e-18
  47.9000000       6.78913e-18       6.78913e-18
  48.0000000       6.81300e-18       6.81300e-18
  48.1000000       7.94259e-18       7.94259e-18
  48.2000000       9.35956e-18       9.35956e-18
  48.3000000       1.12053e-17       1.12053e-17
  48.4000000       1.34702e-17       1.34702e-17
  48.5000000       1.35890e-17       1.35890e-17
  48.6000000       1.04271e-17       1.04271e-17
  48.7000000       6.96770e-18       6.96770e-18
  48.8000000       4.44777e-18       4.44777e-18
  48.9000000       3.67018e-18       3.67018e-18
  49.0000000       3.29727e-18       3.29727e-18
  49.1000000       3.32016e-18       3.32016e-18
  49.2000000       3.41121e-18       3.41121e-18
  49.3000000       3.63414e-18       3.63414e-18
  49.4000000       3.92180e-18       3.92180e-18
  49.5000000       4.09117e-18       4.09117e-18
  49.6000000       4.17694e-18       4.17694e-18
  49.7000000       4.28554e-18       4.28554e-18
  49.8000000       4.45254e-18       4.45254e-18
  49.9000000       4.62356e-18       4.62356e-18
  50.0000000       4.80714e-18       4.80714e-18
  50.1000000       4.99384e-18       4.99384e-18
  50.2000000       5.16719e-18       5.16719e-18
  50.3000000       5.33403e-18       5.33403e-18
  50.4000000       5.47818e-18       5.47818e-18
  50.5000000       5.57180e-18       5.57180e-18
  50.6000000       5.67553e-18       5.67553e-18
  50.7000000       5.83287e-18       5.83287e-18
  50.8000000       5.99618e-18       5.99618e-18
  50.9000000       6.11006e-18       6.11006e-18
  51.0000000       6.19117e-18       6.19117e-18
  51.1000000       6.27384e-18       6.27384e-18
  51.2000000       6.36254e-18       6.36254e-18
  51.3000000       6.45628e-18       6.45628e-18
  51.4000000       6.60102e-18       6.60102e-18
  51.5000000       6.76023e-18       6.76023e-18
  51.6000000       6.89250e-18       6.89250e-18
  51.7000000       6.97264e-18       6.97264e-18
  51.8000000       7.05457e-18       7.05457e-18
  51.9000000       7.20189e-18       7.20189e-18
  52.0000000       7.37543e-18       7.37543e-18
  52.1000000       7.50758e-18       7.50758e-18
  52.2000000       7.58517e-18       7.58517e-18
  52.3000000       7.66248e-18       7.66248e-18
  52.4000000       7.73924e-18       7.73924e-18
  52.5000000       7.81581e-18       7.81581e-18
  52.6000000       7.91350e-18       7.91350e-18
  52.7000000       8.07728e-18       8.07728e-18
  52.8000000       8.24216e-18       8.24216e-18
  52.9000000       8.34146e-18       8.34146e-18
  53.0000000       8.41658e-18       8.41658e-18
  53.1000000       8.49156e-18       8.49156e-18
  53.2000000       8.56592e-18       8.56592e-18
  53.3000000       8.64021e-18       8.64021e-18
  53.4000000       8.74848e-18       8.74848e-18
  53.5000000       8.91140e-18       8.91140e-18
  53.6000000       9.06768e-18       9.06768e-18
  53.7000000       9.15677e-18       9.15677e-18
  53.8000000       9.22969e-18       9.22969e-18
  53.9000000       9.31691e-18       9.31691e-18
  54.0000000       9.45643e-18       9.45643e-18
  54.1000000       9.60077e-18       9.60077e-18
  54.2000000       9.72256e-18       9.72256e-18
  54.3000000       9.80287e-18       9.80287e-18
  54.4000000       9.88192e-18       9.88192e-18
  54.5000000       9.95486e-18       9.95486e-18
  54.6000000       1.00256e-17       1.00256e-17
  54.7000000       1.00963e-17       1.00963e-17
  54.8000000       1.01664e-17       1.01664e-17
  54.9000000       1.02364e-17       1.02364e-17
  55.0000000       1.03191e-17       1.03191e-17
  55.1000000       1.04647e-17       1.04647e-17
  55.2000000       1.06188e-17       1.06188e-17
  55.3000000       1.07656e-17       1.07656e-17
  55.4000000       1.09029e-17       1.09029e-17
  55.5000000       1.10401e-17       1.10401e-17
  55.6000000       1.11439e-17       1.11439e-17
  55.7000000       1.12118e-17       1.12118e-17
  55.8000000       1.12797e-17       1.12797e-17
  55.9000000       1.13472e-17       1.13472e-17
  56.0000000       1.14144e-17       1.14144e-17
  56.1000000       1.14816e-17       1.14816e-17
  56.2000000       1.15521e-17       1.15521e-17
  56.3000000       1.16259e-17       1.16259e-17
  56.4000000       1.17018e-17       1.17018e-17
  56.5000000       1.18177e-17       1.18177e-17
  56.6000000       1.19493e-17       1.19493e-17
  56.7000000       1.20797e-17       1.20797e-17
  56.8000000       1.21664e-17       1.21664e-17
  56.9000000       1.22315e-17       1.22315e-17
  57.0000000       1.22972e-17       1.22972e-17
  57.1000000       1.24500e-17       1.24500e-17
  57.2000000       1.26648e-17       1.26648e-17
  57.3000000       1.28742e-17       1.28742e-17
  57.4000000       1.29783e-17       1.29783e-17
  57.5000000       1.30421e-17       1.30421e-17
  57.6000000       1.31058e-17       1.31058e-17
  57.7000000       1.31734e-17       1.31734e-17
  57.8000000       1.32435e-17       1.32435e-17
  57.9000000       1.33149e-17       1.33149e-17
  58.0000000       1.34230e-17       1.34230e-17
  58.1000000       1.35479e-17       1.35479e-17
  58.2000000       1.36728e-17       1.36728e-17
  58.3000000       1.36711e-17       1.36711e-17
  58.4000000       1.35339e-17       1.35339e-17
  58.5000000       1.33969e-17       1.33969e-17
  58.6000000       1.34799e-17       1.34799e-17
  58.7000000       1.37517e-17       1.37517e-17
  58.8000000       1.40232e-17       1.40232e-17
  58.9000000       1.42175e-17       1.42175e-17
  59.0000000       1.43519e-17       1.43519e-17
  59.1000000       1.44863e-17       1.44863e-17
  59.2000000       1.46125e-17       1.46125e-17
  59.3000000       1.47323e-17       1.47323e-17
  59.4000000       1.48520e-17       1.48520e-17
  59.5000000       1.49575e-17       1.49575e-17
  59.6000000       1.50197e-17       1.50197e-17
  59.7000000       1.50789e-17       1.50789e-17
  59.8000000       1.51408e-17       1.51408e-17
  59.9000000       1.52522e-17       1.52522e-17
  60.0000000       1.53824e-17       1.53824e-17
  60.1000000       1.55115e-17       1.55115e-17
  60.2000000       1.55944e-17       1.55944e-17
  60.3000000       1.56523e-17       1.56523e-17
  60.4000000       1.57102e-17       1.57102e-17
  60.5000000       1.57679e-17       1.57679e-17
  60.6000000       1.58252e-17       1.58252e-17
  60.7000000       1.58825e-17       1.58825e-17
  60.8000000       1.59405e-17       1.59405e-17
  60.9000000       1.60417e-17       1.60417e-17
  61.0000000       1.61676e-17       1.61676e-17
  61.1000000       1.62934e-17       1.62934e-17
  61.2000000       1.63882e-17       1.63882e-17
  61.3000000       1.64444e-17       1.64444e-17
  61.4000000       1.65004e-17       1.65004e-17
  61.5000000       1.65567e-17       1.65567e-17
  61.6000000       1.66170e-17       1.66170e-17
  61.7000000       1.66785e-17       1.66785e-17
  61.8000000       1.67402e-17       1.67402e-17
  61.9000000       1.68682e-17       1.68682e-17
  62.0000000       1.70506e-17       1.70506e-17
  62.1000000       1.72331e-17       1.72331e-17
  62.2000000       1.72585e-17       1.72585e-17
  62.3000000       1.69084e-17       1.69084e-17
  62.4000000       1.73714e-17       1.73714e-17
  62.5000000       1.78536e-17       1.78536e-17
  62.6000000       1.75315e-17       1.75315e-17
  62.7000000       1.71731e-17       1.71731e-17
  62.8000000       1.69335e-17       1.69335e-17
  62.9000000       1.79629e-17       1.79629e-17
  63.0000000       1.85484e-17       1.85484e-17
  63.1000000       1.87756e-17       1.87756e-17
  63.2000000       1.88375e-17       1.88375e-17
  63.3000000       1.81018e-17       1.81018e-17
  63.4000000       1.72189e-17       1.72189e-17
  63.5000000       1.69005e-17       1.69005e-17
  63.6000000       1.78264e-17       1.78264e-17
  63.7000000       1.89717e-17       1.89717e-17
  63.8000000       1.95423e-17       1.95423e-17
  63.9000000       1.97716e-17       1.97716e-17
  64.0000000       2.00008e-17       2.00008e-17
  64.1000000       2.02054e-17       2.02054e-17
  64.2000000       2.03164e-17       2.03164e-17
  64.3000000       2.04184e-17       2.04184e-17
  64.4000000       2.05204e-17       2.05204e-17
  64.5000000       2.04905e-17       2.04905e-17
  64.6000000       2.00207e-17       2.00207e-17
  64.7000000       1.94906e-17       1.94906e-17
  64.8000000       1.84429e-17       1.84429e-17
  64.9000000       1.72085e-17       1.72085e-17
  65.0000000       1.62636e-17       1.62636e-17
  65.1000000       1.71198e-17       1.71198e-17
  65.2000000       1.84428e-17       1.84428e-17
  65.3000000       1.97675e-17       1.97675e-17
  65.4000000       2.04209e-17       2.04209e-17
  65.5000000       2.09924e-17       2.09924e-17
  65.6000000       2.13133e-17       2.13133e-17
  65.7000000       2.14757e-17       2.14757e-17
  65.8000000       2.16382e-17       2.16382e-17
  65.9000000       2.17955e-17       2.17955e-17
  66.0000000       2.19041e-17       2.19041e-17
  66.1000000       2.20005e-17       2.20005e-17
  66.2000000       2.20968e-17       2.20968e-17
  66.3000000       2.21934e-17       2.21934e-17
  66.4000000       2.22962e-17       2.22962e-17
  66.5000000       2.24020e-17       2.24020e-17
  66.6000000       2.25078e-17       2.25078e-17
  66.7000000       2.26128e-17       2.26128e-17
  66.8000000       2.27091e-17       2.27091e-17
  66.9000000       2.28031e-17       2.28031e-17
  67.0000000       2.28972e-17       2.28972e-17
  67.1000000       2.29915e-17       2.29915e-17
  67.2000000       2.31209e-17       2.31209e-17
  67.3000000       2.32758e-17       2.32758e-17
  67.4000000       2.34307e-17       2.34307e-17
  67.5000000       2.35846e-17       2.35846e-17
  67.6000000       2.36980e-17       2.36980e-17
  67.7000000       2.37898e-17       2.37898e-17
  67.8000000       2.38816e-17       2.38816e-17
  67.9000000       2.39734e-17       2.39734e-17
  68.0000000       2.40529e-17       2.40529e-17
  68.1000000       2.41043e-17       2.41043e-17
  68.2000000       2.41547e-17       2.41547e-17
  68.3000000       2.42051e-17       2.42051e-17
  68.4000000       2.40904e-17       2.40904e-17
  68.5000000       2.35839e-17       2.35839e-17
  68.6000000       2.30581e-17       2.30581e-17
  68.7000000       2.15888e-17       2.15888e-17
  68.8000000       1.92895e-17       1.92895e-17
  68.9000000       1.62415e-17       1.62415e-17
  69.0000000       1.43953e-17       1.43953e-17
  69.1000000       1.30375e-17       1.30375e-17
  69.2000000       1.23748e-17       1.23748e-17
  69.3000000       1.24443e-17       1.24443e-17
  69.4000000       1.50100e-17       1.50100e-17
  69.5000000       1.78199e-17       1.78199e-17
  69.6000000       2.08519e-17       2.08519e-17
  69.7000000       2.26286e-17       2.26286e-17
  69.8000000       2.38009e-17       2.38009e-17
  69.9000000       2.43764e-17       2.43764e-17
  70.0000000       2.48785e-17       2.48785e-17
  70.1000000       2.52915e-17       2.52915e-17
  70.2000000       2.54904e-17       2.54904e-17
  70.3000000       2.56799e-17       2.56799e-17
  70.4000000       2.58695e-17       2.58695e-17
  70.5000000       2.60514e-17       2.60514e-17
  70.6000000       2.61858e-17       2.61858e-17
  70.7000000       2.63121e-17       2.63121e-17
  70.8000000       2.64384e-17       2.64384e-17
  70.9000000       2.65647e-17       2.65647e-17
  71.0000000       2.66829e-17       2.66829e-17
  71.1000000       2.67768e-17       2.67768e-17
  71.2000000       2.68692e-17       2.68692e-17
  71.3000000       2.69615e-17       2.69615e-17
  71.4000000       2.70554e-17       2.70554e-17
  71.5000000       2.71713e-17       2.71713e-17
  71.6000000       2.72944e-17       2.72944e-17
  71.7000000       2.74174e-17       2.74174e-17
  71.8000000       2.75405e-17       2.75405e-17
  71.9000000       2.76603e-17       2.76603e-17
  72.0000000       2.77490e-17       2.77490e-17
  72.1000000       2.78299e-17       2.78299e-17
  72.2000000       2.79108e-17       2.79108e-17
  72.3000000       2.79917e-17       2.79917e-17
  72.4000000       2.80732e-17       2.80732e-17
  72.5000000       2.81606e-17       2.81606e-17
  72.6000000       2.82493e-17       2.82493e-17
  72.7000000       2.83380e-17       2.83380e-17
  72.8000000       2.84267e-17       2.84267e-17
  72.9000000       2.85260e-17       2.85260e-17
  73.0000000       2.86439e-17       2.86439e-17
  73.1000000       2.87621e-17       2.87621e-17
  73.2000000       2.88803e-17       2.88803e-17
  73.3000000       2.89985e-17       2.89985e-17
  73.4000000       2.91085e-17       2.91085e-17
  73.5000000       2.91960e-17       2.91960e-17
  73.6000000       2.92823e-17       2.92823e-17
  73.7000000       2.93687e-17       2.93687e-17
  73.8000000       2.94550e-17       2.94550e-17
  73.9000000       2.95361e-17       2.95361e-17
  74.0000000       2.96128e-17       2.96128e-17
  74.1000000       2.96896e-17       2.96896e-17
  74.2000000       2.97663e-17       2.97663e-17
  74.3000000       2.98430e-17       2.98430e-17
  74.4000000       2.99344e-17       2.99344e-17
  74.5000000       3.00593e-17       3.00593e-17
  74.6000000       3.01854e-17       3.01854e-17
  74.7000000       3.03116e-17       3.03116e-17
  74.8000000       3.04377e-17       3.04377e-17
  74.9000000       3.05398e-17       3.05398e-17
  75.0000000       3.06145e-17       3.06145e-17
  75.1000000       3.06892e-17       3.06892e-17
  75.2000000       3.07638e-17       3.07638e-17
  75.3000000       3.08385e-17       3.08385e-17
  75.4000000       3.09142e-17       3.09142e-17
  75.5000000       3.09953e-17       3.09953e-17
  75.6000000       3.10771e-17       3.10771e-17
  75.7000000       3.11590e-17       3.11590e-17
  75.8000000       3.12408e-17       3.12408e-17
  75.9000000       3.13208e-17       3.13208e-17
  76.0000000       3.13942e-17       3.13942e-17
  76.1000000       3.14668e-17       3.14668e-17
  76.2000000       3.15394e-17       3.15394e-17
  76.3000000       3.16121e-17       3.16121e-17
  76.4000000       3.16848e-17       3.16848e-17
  76.5000000       3.17832e-17       3.17832e-17
  76.6000000       3.19025e-17       3.19025e-17
  76.7000000       3.20219e-17       3.20219e-17
  76.8000000       3.21413e-17       3.21413e-17
  76.9000000       3.22606e-17       3.22606e-17
  77.0000000       3.23568e-17       3.23568e-17
  77.1000000       3.24274e-17       3.24274e-17
  77.2000000       3.24981e-17       3.24981e-17
  77.3000000       3.25687e-17       3.25687e-17
  77.4000000       3.26393e-17       3.26393e-17
  77.5000000       3.27102e-17       3.27102e-17
  77.6000000       3.27857e-17       3.27857e-17
  77.7000000       3.28631e-17       3.28631e-17
  77.8000000       3.29404e-17       3.29404e-17
  77.9000000       3.30178e-17       3.30178e-17
  78.0000000       3.30952e-17       3.30952e-17
  78.1000000       3.31679e-17       3.31679e-17
  78.2000000       3.32365e-17       3.32365e-17
  78.3000000       3.33051e-17       3.33051e-17
  78.4000000       3.33737e-17       3.33737e-17
  78.5000000       3.34423e-17       3.34423e-17
  78.6000000       3.35109e-17       3.35109e-17
  78.7000000       3.35837e-17       3.35837e-17
  78.8000000       3.36589e-17       3.36589e-17
  78.9000000       3.37341e-17       3.37341e-17
  79.0000000       3.38093e-17       3.38093e-17
  79.1000000       3.38845e-17       3.38845e-17
  79.2000000       3.39572e-17       3.39572e-17
  79.3000000       3.40241e-17       3.40241e-17
  79.4000000       3.40908e-17       3.40908e-17
  79.5000000       3.41575e-17       3.41575e-17
  79.6000000       3.42242e-17       3.42242e-17
  79.7000000       3.42909e-17       3.42909e-17
  79.8000000       3.43592e-17       3.43592e-17
  79.9000000       3.44320e-17       3.44320e-17
  80.0000000       3.45050e-17       3.45050e-17
  80.1000000       3.45781e-17       3.45781e-17
  80.2000000       3.46512e-17       3.46512e-17
  80.3000000       3.47241e-17       3.47241e-17
  80.4000000       3.47916e-17       3.47916e-17
  80.5000000       3.48564e-17       3.48564e-17
  80.6000000       3.49212e-17       3.49212e-17
  80.7000000       3.49860e-17       3.49860e-17
  80.8000000       3.50508e-17       3.50508e-17
  80.9000000       3.51155e-17       3.51155e-17
  81.0000000       3.51831e-17       3.51831e-17
  81.1000000       3.52540e-17       3.52540e-17
  81.2000000       3.53249e-17       3.53249e-17
  81.3000000       3.53959e-17       3.53959e-17
  81.4000000       3.54668e-17       3.54668e-17
  81.5000000       3.55375e-17       3.55375e-17
  81.6000000       3.56027e-17       3.56027e-17
  81.7000000       3.56656e-17       3.56656e-17
  81.8000000       3.57285e-17       3.57285e-17
  81.9000000       3.57914e-17       3.57914e-17
  82.0000000       3.58543e-17       3.58543e-17
  82.1000000       3.59171e-17       3.59171e-17
  82.2000000       3.59821e-17       3.59821e-17
  82.3000000       3.60508e-17       3.60508e-17
  82.4000000       3.61197e-17       3.61197e-17
  82.5000000       3.61885e-17       3.61885e-17
  82.6000000       3.62573e-17       3.62573e-17
  82.7000000       3.63262e-17       3.63262e-17
  82.8000000       3.63775e-17       3.63775e-17
  82.9000000       3.64081e-17       3.64081e-17
  83.0000000       3.64386e-17       3.64386e-17
  83.1000000       3.64691e-17       3.64691e-17
  83.2000000       3.64997e-17       3.64997e-17
  83.3000000       3.65302e-17       3.65302e-17
  83.4000000       3.65624e-17       3.65624e-17
  83.5000000       3.66159e-17       3.66159e-17
  83.6000000       3.66760e-17       3.66760e-17
  83.7000000       3.67361e-17       3.67361e-17
  83.8000000       3.67961e-17       3.67961e-17
  83.9000000       3.68562e-17       3.68562e-17
  84.0000000       3.69162e-17       3.69162e-17
  84.1000000       3.69773e-17       3.69773e-17
  84.2000000       3.70426e-17       3.70426e-17
  84.3000000       3.71082e-17       3.71082e-17
  84.4000000       3.71739e-17       3.71739e-17
  84.5000000       3.72396e-17       3.72396e-17
  84.6000000       3.73052e-17       3.73052e-17
  84.7000000       3.73701e-17       3.73701e-17
  84.8000000       3.74295e-17       3.74295e-17
  84.9000000       3.74877e-17       3.74877e-17
  85.0000000       3.75460e-17       3.75460e-17
  85.1000000       3.76042e-17       3.76042e-17
  85.2000000       3.76625e-17       3.76625e-17
  85.3000000       3.77207e-17       3.77207e-17
  85.4000000       3.77754e-17       3.77754e-17
  85.5000000       3.78103e-17       3.78103e-17
  85.6000000       3.78422e-17       3.78422e-17
  85.7000000       3.78740e-17       3.78740e-17
  85.8000000       3.79059e-17       3.79059e-17
  85.9000000       3.79377e-17       3.79377e-17
  86.0000000       3.79700e-17       3.79700e-17
  86.1000000       3.80182e-17       3.80182e-17
  86.2000000       3.80746e-17       3.80746e-17
  86.3000000       3.81311e-17       3.81311e-17
  86.4000000       3.81875e-17       3.81875e-17
  86.5000000       3.82440e-17       3.82440e-17
  86.6000000       3.83004e-17       3.83004e-17
  86.7000000       3.83568e-17       3.83568e-17
  86.8000000       3.83983e-17       3.83983e-17
  86.9000000       3.84261e-17       3.84261e-17
  87.0000000       3.84539e-17       3.84539e-17
  87.1000000       3.84816e-17       3.84816e-17
  87.2000000       3.85094e-17       3.85094e-17
  87.3000000       3.85372e-17       3.85372e-17
  87.4000000       3.85649e-17       3.85649e-17
  87.5000000       3.86019e-17       3.86019e-17
  87.6000000       3.86615e-17       3.86615e-17
  87.7000000       3.87222e-17       3.87222e-17
  87.8000000       3.87830e-17       3.87830e-17
  87.9000000       3.88437e-17       3.88437e-17
  88.0000000       3.89044e-17       3.89044e-17
  88.1000000       3.89650e-17       3.89650e-17
  88.2000000       3.90058e-17       3.90058e-17
  88.3000000       3.90327e-17       3.90327e-17
  88.4000000       3.90596e-17       3.90596e-17
  88.5000000       3.90865e-17       3.90865e-17
  88.6000000       3.91133e-17       3.91133e-17
  88.7000000       3.91402e-17       3.91402e-17
  88.8000000       3.91671e-17       3.91671e-17
  88.9000000       3.91983e-17       3.91983e-17
  89.0000000       3.92489e-17       3.92489e-17
  89.1000000       3.93018e-17       3.93018e-17
  89.2000000       3.93546e-17       3.93546e-17
  89.3000000       3.94075e-17       3.94075e-17
  89.4000000       3.94604e-17       3.94604e-17
  89.5000000       3.95132e-17       3.95132e-17
  89.6000000       3.95661e-17       3.95661e-17
  89.7000000       3.96085e-17       3.96085e-17
  89.8000000       3.96375e-17       3.96375e-17
  89.9000000       3.96664e-17       3.96664e-17
  90.0000000       3.96952e-17       3.96952e-17
  90.1000000       3.97241e-17       3.97241e-17
  90.2000000       3.97530e-17       3.97530e-17
  90.3000000       3.97819e-17       3.97819e-17
  90.4000000       3.98207e-17       3.98207e-17
  90.5000000       3.98718e-17       3.98718e-17
  90.6000000       3.99230e-17       3.99230e-17
  90.7000000       3.99742e-17       3.99742e-17
  90.8000000       4.00253e-17       4.00253e-17
  90.9000000       4.00765e-17       4.00765e-17
  91.0000000       4.01276e-17       4.01276e-17
  91.1000000       4.01787e-17       4.01787e-17
  91.2000000       4.02157e-17       4.02157e-17
  91.3000000       4.02408e-17       4.02408e-17
  91.4000000       4.02659e-17       4.02659e-17
  91.5000000       4.02910e-17       4.02910e-17
  91.6000000       4.03162e-17       4.03162e-17
  91.7000000       4.03413e-17       4.03413e-17
  91.8000000       4.03664e-17       4.03664e-17
  91.9000000       4.03915e-17       4.03915e-17
  92.0000000       4.01544e-17       4.01544e-17
  92.1000000       3.96573e-17       3.96573e-17
  92.2000000       3.91601e-17       3.91601e-17
  92.3000000       4.07929e-17       4.07929e-17
  92.4000000       4.76083e-17       4.76083e-17
  92.5000000       5.46570e-17       5.46570e-17
  92.6000000       6.16185e-17       6.16185e-17
  92.7000000       6.44537e-17       6.44537e-17
  92.8000000       6.44342e-17       6.44342e-17
  92.9000000       6.37223e-17       6.37223e-17
  93.0000000       6.76416e-17       6.76416e-17
  93.1000000       6.84271e-17       6.84271e-17
  93.2000000       7.17973e-17       7.17973e-17
  93.3000000       7.57814e-17       7.57814e-17
  93.4000000       5.24802e-17       5.24802e-17
  93.5000000       7.64847e-17       7.64847e-17
  93.6000000       4.53105e-17       4.53105e-17
  93.7000000       7.00286e-17       7.00286e-17
  93.8000000       5.94856e-17       5.94856e-17
  93.9000000       4.72605e-17       4.72605e-17
  94.0000000       8.01707e-17       8.01707e-17
  94.1000000       1.01553e-16       1.01553e-16
  94.2000000       4.12147e-17       4.12147e-17
  94.3000000       4.72976e-17       4.72976e-17
  94.4000000       5.23619e-17       5.23619e-17
  94.5000000       6.76514e-17       6.76514e-17
  94.6000000       9.82911e-17       9.82911e-17
  94.7000000       4.89332e-17       4.89332e-17
  94.8000000       4.74399e-17       4.74399e-17
  94.9000000       5.03986e-17       5.03986e-17
  95.0000000       4.91729e-17       4.91729e-17
  95.1000000       4.83963e-17       4.83963e-17
  95.2000000       5.20407e-17       5.20407e-17
  95.3000000       7.21861e-17       7.21861e-17
  95.4000000       9.65970e-17       9.65970e-17
  95.5000000       7.39244e-17       7.39244e-17
  95.6000000       4.30849e-17       4.30849e-17
  95.7000000       4.47545e-17       4.47545e-17
  95.8000000       4.55953e-17       4.55953e-17
  95.9000000       4.07563e-17       4.07563e-17
  96.0000000       3.68714e-17       3.68714e-17
  96.1000000       3.87914e-17       3.87914e-17
  96.2000000       3.81615e-17       3.81615e-17
  96.3000000       4.02619e-17       4.02619e-17
  96.4000000       3.96864e-17       3.96864e-17
  96.5000000       5.48571e-17       5.48571e-17
  96.6000000       6.20844e-17       6.20844e-17
  96.7000000       6.88276e-17       6.88276e-17
  96.8000000       9.04987e-17       9.04987e-17
  96.9000000       1.17112e-16       1.17112e-16
  97.0000000       4.11112e-17       4.11112e-17
  97.1000000       2.91615e-17       2.91615e-17
  97.2000000       2.95532e-17       2.95532e-17
  97.3000000       2.99448e-17       2.99448e-17
  97.4000000       3.03711e-17       3.03711e-17
  97.5000000       3.09507e-17       3.09507e-17
  97.6000000       3.14598e-17       3.14598e-17
  97.7000000       3.17545e-17       3.17545e-17
  97.8000000       3.20722e-17       3.20722e-17
  97.9000000       3.29303e-17       3.29303e-17
  98.0000000       3.39799e-17       3.39799e-17
  98.1000000       3.44392e-17       3.44392e-17
  98.2000000       3.38056e-17       3.38056e-17
  98.3000000       3.47354e-17       3.47354e-17
  98.4000000       3.65270e-17       3.65270e-17
  98.5000000       3.73186e-17       3.73186e-17
  98.6000000       3.77781e-17       3.77781e-17
  98.7000000       3.71674e-17       3.71674e-17
  98.8000000       3.49462e-17       3.49462e-17
  98.9000000       3.31263e-17       3.31263e-17
  99.0000000       8.79581e-17       8.79581e-17
  99.1000000       7.24491e-17       7.24491e-17
  99.2000000       6.09827e-17       6.09827e-17
  99.3000000       6.34593e-17       6.34593e-17
  99.4000000       7.07579e-17       7.07579e-17
  99.5000000       8.78328e-17       8.78328e-17
  99.6000000       1.16068e-16       1.16068e-16
  99.7000000       1.25646e-16       1.25646e-16
  99.8000000       7.11068e-17       7.11068e-17
  99.9000000       3.57048e-17       3.57048e-17
 100.0000000       3.18652e-17       3.18652e-17
 100.1000000       2.89693e-17       2.89693e-17
 100.2000000       2.60735e-17       2.60735e-17
 100.3000000       2.35869e-17       2.35869e-17
 100.4000000       2.32012e-17       2.32012e-17
 100.5000000       2.32083e-17       2.32083e-17
 100.6000000       2.42969e-17       2.42969e-17
 100.7000000       2.56891e-17       2.56891e-17
 100.8000000       2.73833e-17       2.73833e-17
 100.9000000       2.61952e-17       2.61952e-17
 101.0000000       2.41124e-17       2.41124e-17
 101.1000000       2.54904e-17       2.54904e-17
 101.2000000       2.61051e-17       2.61051e-17
 101.3000000       2.50699e-17       2.50699e-17
 101.4000000       2.44492e-17       2.44492e-17
 101.5000000       2.38697e-17       2.38697e-17
 101.6000000       2.29912e-17       2.29912e-17
 101.7000000       2.06171e-17       2.06171e-17
 101.8000000       2.14572e-17       2.14572e-17
 101.9000000       3.53618e-17       3.53618e-17
 102.0000000       2.42379e-17       2.42379e-17
 102.1000000       2.89082e-17       2.89082e-17
 102.2000000       2.71827e-17       2.71827e-17
 102.3000000       2.36153e-17       2.36153e-17
 102.4000000       2.41654e-17       2.41654e-17
 102.5000000       3.00938e-17       3.00938e-17
 102.6000000       1.41562e-17       1.41562e-17
 102.7000000       3.77990e-17       3.77990e-17
 102.8000000       2.12967e-17       2.12967e-17
 102.9000000       1.28062e-17       1.28062e-17
 103.0000000       2.90760e-17       2.90760e-17
 103.1000000       1.78387e-17       1.78387e-17
 103.2000000       1.03521e-17       1.03521e-17
 103.3000000       2.41153e-17       2.41153e-17
 103.4000000       5.47898e-17       5.47898e-17
 103.5000000       2.40085e-17       2.40085e-17
 103.6000000       1.06693e-17       1.06693e-17
 103.7000000       7.97435e-18       7.97435e-18
 103.8000000       1.74685e-17       1.74685e-17
 103.9000000       4.79557e-17       4.79557e-17
 104.0000000       2.68575e-17       2.68575e-17
 104.1000000       2.64098e-17       2.64098e-17
 104.2000000       2.03870e-17       2.03870e-17
 104.3000000       7.25444e-18       7.25444e-18
 104.4000000       8.69431e-18       8.69431e-18
 104.5000000       1.37428e-17       1.37428e-17
 104.6000000       1.87786e-17       1.87786e-17
 104.7000000       2.33836e-17       2.33836e-17
 104.8000000       3.17757e-17       3.17757e-17
 104.9000000       5.98056e-17       5.98056e-17
 105.0000000       3.41321e-16       3.41321e-16
 105.1000000       5.50774e-17       5.50774e-17
 105.2000000       3.91485e-17       3.91485e-17
 105.3000000       1.77846e-17       1.77846e-17
 105.4000000       2.12631e-17       2.12631e-17
 105.5000000       2.94664e-17       2.94664e-17
 105.6000000       2.91406e-17       2.91406e-17
 105.7000000       7.65691e-17       7.65691e-17
 105.8000000       6.72414e-17       6.72414e-17
 105.9000000       3.75160e-16       3.75160e-16
 106.0000000       1.06749e-16       1.06749e-16
 106.1000000       8.08977e-17       8.08977e-17
 106.2000000       6.53464e-17       6.53464e-17
 106.3000000       6.68381e-17       6.68381e-17
 106.4000000       1.09172e-16       1.09172e-16
 106.5000000       1.14327e-16       1.14327e-16
 106.6000000       7.45073e-17       7.45073e-17
 106.7000000       1.19935e-17       1.19935e-17
 106.8000000       1.13009e-17       1.13009e-17
 106.9000000       2.12784e-17       2.12784e-17
 107.0000000       3.09222e-17       3.09222e-17
 107.1000000       2.87981e-17       2.87981e-17
 107.2000000       2.40551e-17       2.40551e-17
 107.3000000       1.85986e-17       1.85986e-17
 107.4000000       1.54267e-17       1.54267e-17
 107.5000000       1.18173e-17       1.18173e-17
 107.6000000       8.67492e-18       8.67492e-18
 107.7000000       6.57582e-18       6.57582e-18
 107.8000000       6.11708e-18       6.11708e-18
 107.9000000       5.49838e-18       5.49838e-18
 108.0000000       4.81634e-18       4.81634e-18
 108.1000000       4.50870e-18       4.50870e-18
 108.2000000       5.54717e-18       5.54717e-18
 108.3000000       3.95990e-18       3.95990e-18
 108.4000000       4.48086e-18       4.48086e-18
 108.5000000       6.64754e-18       6.64754e-18
 108.6000000       8.03192e-18       8.03192e-18
 108.7000000       9.26918e-18       9.26918e-18
 108.8000000       1.00941e-17       1.00941e-17
 108.9000000       1.14275e-17       1.14275e-17
 109.0000000       1.52721e-17       1.52721e-17
 109.1000000       1.78612e-17       1.78612e-17
 109.2000000       9.70973e-17       9.70973e-17
 109.3000000       1.01515e-16       1.01515e-16
 109.4000000       8.37449e-17       8.37449e-17
 109.5000000       1.68155e-17       1.68155e-17
 109.6000000       7.23944e-17       7.23944e-17
 109.7000000       4.82875e-17       4.82875e-17
 109.8000000       2.57559e-17       2.57559e-17
 109.9000000       3.03318e-17       3.03318e-17
 110.0000000       2.20778e-17       2.20778e-17
 110.1000000       3.75990e-17       3.75990e-17
 110.2000000       2.77188e-17       2.77188e-17
 110.3000000       3.04613e-17       3.04613e-17
 110.4000000       3.04521e-17       3.04521e-17
 110.5000000       3.06261e-17       3.06261e-17
 110.6000000       2.90734e-17       2.90734e-17
 110.7000000       3.05290e-17       3.05290e-17
 110.8000000       2.71855e-17       2.71855e-17
 110.9000000       2.41054e-17       2.41054e-17
 111.0000000       2.17027e-17       2.17027e-17
 111.1000000       1.86801e-17       1.86801e-17
 111.2000000       1.60318e-17       1.60318e-17
 111.3000000       1.23119e-17       1.23119e-17
 111.4000000       8.74274e-18       8.74274e-18
 111.5000000       8.25045e-18       8.25045e-18
 111.6000000       5.59263e-18       5.59263e-18
 111.7000000       2.85622e-18       2.85622e-18
 111.8000000       2.16705e-18       2.16705e-18
 111.9000000       1.89485e-18       1.89485e-18
 112.0000000       1.12666e-18       1.12666e-18
 112.1000000       1.53100e-18       1.53100e-18
 112.2000000       1.48191e-18       1.48191e-18
 112.3000000       1.08046e-18       1.08046e-18
 112.4000000       1.40285e-18       1.40285e-18
 112.5000000       2.52287e-18       2.52287e-18
 112.6000000       1.97883e-18       1.97883e-18
 112.7000000       2.61342e-18       2.61342e-18
 112.8000000       2.91766e-18       2.91766e-18
 112.9000000       2.39435e-18       2.39435e-18
 113.0000000       1.95328e-18       1.95328e-18
 113.1000000       2.31621e-18       2.31621e-18
 113.2000000       2.32900e-18       2.32900e-18
 113.3000000       2.34179e-18       2.34179e-18
 113.4000000       2.39499e-18       2.39499e-18
 113.5000000       2.83850e-18       2.83850e-18
 113.6000000       2.55379e-18       2.55379e-18
 113.7000000       2.84577e-18       2.84577e-18
 113.8000000       3.40225e-18       3.40225e-18
 113.9000000       3.42979e-18       3.42979e-18
 114.0000000       3.07693e-18       3.07693e-18
 114.1000000       3.42895e-18       3.42895e-18
 114.2000000       5.14813e-18       5.14813e-18
 114.3000000       7.30495e-18       7.30495e-18
 114.4000000       6.96992e-18       6.96992e-18
 114.5000000       7.26145e-18       7.26145e-18
 114.6000000       8.06726e-18       8.06726e-18
 114.7000000       7.73750e-18       7.73750e-18
 114.8000000       7.84514e-18       7.84514e-18
 114.9000000       1.02200e-17       1.02200e-17
 115.0000000       9.91079e-18       9.91079e-18
 115.1000000       1.00637e-17       1.00637e-17
 115.2000000       1.13207e-17       1.13207e-17
 115.3000000       1.16151e-17       1.16151e-17
 115.4000000       1.26546e-17       1.26546e-17
 115.5000000       1.76382e-17       1.76382e-17
 115.6000000       4.00480e-17       4.00480e-17
 115.7000000       1.56025e-17       1.56025e-17
 115.8000000       1.61616e-17       1.61616e-17
 115.9000000       1.72486e-17       1.72486e-17
 116.0000000       1.74465e-17       1.74465e-17
 116.1000000       2.09054e-17       2.09054e-17
 116.2000000       2.26902e-17       2.26902e-17
 116.3000000       2.52340e-17       2.52340e-17
 116.4000000       2.88316e-17       2.88316e-17
 116.5000000       3.91236e-17       3.91236e-17
 116.6000000       6.53043e-17       6.53043e-17
 116.7000000       1.26649e-16       1.26649e-16
 116.8000000       2.65842e-17       2.65842e-17
 116.9000000       2.15186e-17       2.15186e-17
 117.0000000       6.42571e-17       6.42571e-17
 117.1000000       1.04937e-16       1.04937e-16
 117.2000000       2.77248e-17       2.77248e-17
 117.3000000       2.48567e-17       2.48567e-17
 117.4000000       1.43356e-17       1.43356e-17
 117.5000000       1.56093e-17       1.56093e-17
 117.6000000       2.05604e-17       2.05604e-17
 117.7000000       1.66280e-17       1.66280e-17
 117.8000000       1.62356e-17       1.62356e-17
 117.9000000       1.61101e-17       1.61101e-17
 118.0000000       1.53280e-17       1.53280e-17
 118.1000000       1.57346e-17       1.57346e-17
 118.2000000       1.59941e-17       1.59941e-17
 118.3000000       1.69500e-17       1.69500e-17
 118.4000000       1.75841e-17       1.75841e-17
 118.5000000       1.77235e-17       1.77235e-17
 118.6000000       1.77364e-17       1.77364e-17
 118.7000000       1.80218e-17       1.80218e-17
 118.8000000       1.85774e-17       1.85774e-17
 118.9000000       1.90282e-17       1.90282e-17
 119.0000000       1.89995e-17       1.89995e-17
 119.1000000       1.86379e-17       1.86379e-17
 119.2000000       1.94174e-17       1.94174e-17
 119.3000000       1.93310e-17       1.93310e-17
 119.4000000       1.87868e-17       1.87868e-17
 119.5000000       1.82448e-17       1.82448e-17
 119.6000000       1.78930e-17       1.78930e-17
