# Si photoionisation cross section
# Alan Heays 2016-04-19
# Reference: mendoza1996, huebner2015
# wavelength: Wavelength (nm)
# photoabsorption: Photoabsorption cross section (cm2)
# photoionisation: Photoionisation cross section (cm2)
# 
# wavelength   photoabsorption   photoionisation
  14.0000000       1.52835e-20       1.52835e-20
  14.1000000       1.55285e-20       1.55285e-20
  14.2000000       1.58558e-20       1.58558e-20
  14.3000000       1.61956e-20       1.61956e-20
  14.4000000       1.65401e-20       1.65401e-20
  14.5000000       1.68856e-20       1.68856e-20
  14.6000000       1.72413e-20       1.72413e-20
  14.7000000       1.75996e-20       1.75996e-20
  14.8000000       1.79592e-20       1.79592e-20
  14.9000000       1.83286e-20       1.83286e-20
  15.0000000       1.86999e-20       1.86999e-20
  15.1000000       1.90728e-20       1.90728e-20
  15.2000000       1.94575e-20       1.94575e-20
  15.3000000       1.98442e-20       1.98442e-20
  15.4000000       2.02323e-20       2.02323e-20
  15.5000000       2.06314e-20       2.06314e-20
  15.6000000       2.10330e-20       2.10330e-20
  15.7000000       2.14354e-20       2.14354e-20
  15.8000000       2.18501e-20       2.18501e-20
  15.9000000       2.22690e-20       2.22690e-20
  16.0000000       2.26881e-20       2.26881e-20
  16.1000000       2.31172e-20       2.31172e-20
  16.2000000       2.35524e-20       2.35524e-20
  16.3000000       2.39876e-20       2.39876e-20
  16.4000000       2.44303e-20       2.44303e-20
  16.5000000       2.48840e-20       2.48840e-20
  16.6000000       2.53379e-20       2.53379e-20
  16.7000000       2.57949e-20       2.57949e-20
  16.8000000       2.62649e-20       2.62649e-20
  16.9000000       2.67364e-20       2.67364e-20
  17.0000000       2.72085e-20       2.72085e-20
  17.1000000       2.76938e-20       2.76938e-20
  17.2000000       2.81852e-20       2.81852e-20
  17.3000000       2.86767e-20       2.86767e-20
  17.4000000       2.91746e-20       2.91746e-20
  17.5000000       2.96869e-20       2.96869e-20
  17.6000000       3.01997e-20       3.01997e-20
  17.7000000       3.07132e-20       3.07132e-20
  17.8000000       3.12392e-20       3.12392e-20
  17.9000000       3.17699e-20       3.17699e-20
  18.0000000       3.23006e-20       3.23006e-20
  18.1000000       3.28373e-20       3.28373e-20
  18.2000000       3.33918e-20       3.33918e-20
  18.3000000       3.39476e-20       3.39476e-20
  18.4000000       3.45033e-20       3.45033e-20
  18.5000000       3.50704e-20       3.50704e-20
  18.6000000       3.56475e-20       3.56475e-20
  18.7000000       3.62245e-20       3.62245e-20
  18.8000000       3.68026e-20       3.68026e-20
  18.9000000       3.73969e-20       3.73969e-20
  19.0000000       3.79966e-20       3.79966e-20
  19.1000000       3.85963e-20       3.85963e-20
  19.2000000       3.91992e-20       3.91992e-20
  19.3000000       3.98203e-20       3.98203e-20
  19.4000000       4.04443e-20       4.04443e-20
  19.5000000       4.10683e-20       4.10683e-20
  19.6000000       4.16980e-20       4.16980e-20
  19.7000000       4.23481e-20       4.23481e-20
  19.8000000       4.30001e-20       4.30001e-20
  19.9000000       4.36521e-20       4.36521e-20
  20.0000000       4.43096e-20       4.43096e-20
  20.1000000       4.49846e-20       4.49846e-20
  20.2000000       4.56608e-20       4.56608e-20
  20.3000000       4.63371e-20       4.63371e-20
  20.4000000       4.70190e-20       4.70190e-20
  20.5000000       4.77214e-20       4.77214e-20
  20.6000000       4.84256e-20       4.84256e-20
  20.7000000       4.91299e-20       4.91299e-20
  20.8000000       4.98380e-20       4.98380e-20
  20.9000000       5.05678e-20       5.05678e-20
  21.0000000       5.13010e-20       5.13010e-20
  21.1000000       5.20341e-20       5.20341e-20
  21.2000000       5.27688e-20       5.27688e-20
  21.3000000       5.35247e-20       5.35247e-20
  21.4000000       5.42875e-20       5.42875e-20
  21.5000000       5.50503e-20       5.50503e-20
  21.6000000       5.58130e-20       5.58130e-20
  21.7000000       5.65934e-20       5.65934e-20
  21.8000000       5.73892e-20       5.73892e-20
  21.9000000       5.81849e-20       5.81849e-20
  22.0000000       5.89807e-20       5.89807e-20
  22.1000000       5.97833e-20       5.97833e-20
  22.2000000       6.06087e-20       6.06087e-20
  22.3000000       6.14359e-20       6.14359e-20
  22.4000000       6.22630e-20       6.22630e-20
  22.5000000       6.30908e-20       6.30908e-20
  22.6000000       6.39397e-20       6.39397e-20
  22.7000000       6.47988e-20       6.47988e-20
  22.8000000       6.56580e-20       6.56580e-20
  22.9000000       6.65171e-20       6.65171e-20
  23.0000000       6.73840e-20       6.73840e-20
  23.1000000       6.82775e-20       6.82775e-20
  23.2000000       6.91732e-20       6.91732e-20
  23.3000000       7.00690e-20       7.00690e-20
  23.4000000       7.09648e-20       7.09648e-20
  23.5000000       7.18793e-20       7.18793e-20
  23.6000000       7.28124e-20       7.28124e-20
  23.7000000       7.37455e-20       7.37455e-20
  23.8000000       7.46786e-20       7.46786e-20
  23.9000000       7.56129e-20       7.56129e-20
  24.0000000       7.65718e-20       7.65718e-20
  24.1000000       7.75401e-20       7.75401e-20
  24.2000000       7.85084e-20       7.85084e-20
  24.3000000       7.94768e-20       7.94768e-20
  24.4000000       8.04490e-20       8.04490e-20
  24.5000000       8.14525e-20       8.14525e-20
  24.6000000       8.24626e-20       8.24626e-20
  24.7000000       8.34727e-20       8.34727e-20
  24.8000000       8.44829e-20       8.44829e-20
  24.9000000       8.54983e-20       8.54983e-20
  25.0000000       8.65448e-20       8.65448e-20
  25.1000000       8.75965e-20       8.75965e-20
  25.2000000       8.86482e-20       8.86482e-20
  25.3000000       8.96999e-20       8.96999e-20
  25.4000000       9.07562e-20       9.07562e-20
  25.5000000       9.18436e-20       9.18436e-20
  25.6000000       9.29368e-20       9.29368e-20
  25.7000000       9.40299e-20       9.40299e-20
  25.8000000       9.51230e-20       9.51230e-20
  25.9000000       9.62194e-20       9.62194e-20
  26.0000000       9.73555e-20       9.73555e-20
  26.1000000       9.85035e-20       9.85035e-20
  26.2000000       9.96516e-20       9.96516e-20
  26.3000000       1.00800e-19       1.00800e-19
  26.4000000       1.01948e-19       1.01948e-19
  26.5000000       1.03115e-19       1.03115e-19
  26.6000000       1.04294e-19       1.04294e-19
  26.7000000       1.05474e-19       1.05474e-19
  26.8000000       1.06653e-19       1.06653e-19
  26.9000000       1.07833e-19       1.07833e-19
  27.0000000       1.09027e-19       1.09027e-19
  27.1000000       1.10255e-19       1.10255e-19
  27.2000000       1.11485e-19       1.11485e-19
  27.3000000       1.12715e-19       1.12715e-19
  27.4000000       1.13944e-19       1.13944e-19
  27.5000000       1.15176e-19       1.15176e-19
  27.6000000       1.16442e-19       1.16442e-19
  27.7000000       1.17719e-19       1.17719e-19
  27.8000000       1.18997e-19       1.18997e-19
  27.9000000       1.20274e-19       1.20274e-19
  28.0000000       1.21551e-19       1.21551e-19
  28.1000000       1.22846e-19       1.22846e-19
  28.2000000       1.24184e-19       1.24184e-19
  28.3000000       1.25524e-19       1.25524e-19
  28.4000000       1.26864e-19       1.26864e-19
  28.5000000       1.28204e-19       1.28204e-19
  28.6000000       1.29544e-19       1.29544e-19
  28.7000000       1.30919e-19       1.30919e-19
  28.8000000       1.32319e-19       1.32319e-19
  28.9000000       1.33719e-19       1.33719e-19
  29.0000000       1.35119e-19       1.35119e-19
  29.1000000       1.36519e-19       1.36519e-19
  29.2000000       1.37920e-19       1.37920e-19
  29.3000000       1.39351e-19       1.39351e-19
  29.4000000       1.40790e-19       1.40790e-19
  29.5000000       1.42230e-19       1.42230e-19
  29.6000000       1.43670e-19       1.43670e-19
  29.7000000       1.45110e-19       1.45110e-19
  29.8000000       1.46556e-19       1.46556e-19
  29.9000000       1.48054e-19       1.48054e-19
  30.0000000       1.49565e-19       1.49565e-19
  30.1000000       1.51076e-19       1.51076e-19
  30.2000000       1.52587e-19       1.52587e-19
  30.3000000       1.54098e-19       1.54098e-19
  30.4000000       1.55613e-19       1.55613e-19
  30.5000000       1.57166e-19       1.57166e-19
  30.6000000       1.58729e-19       1.58729e-19
  30.7000000       1.60291e-19       1.60291e-19
  30.8000000       1.61854e-19       1.61854e-19
  30.9000000       1.63417e-19       1.63417e-19
  31.0000000       1.64981e-19       1.64981e-19
  31.1000000       1.66590e-19       1.66590e-19
  31.2000000       1.68217e-19       1.68217e-19
  31.3000000       1.69844e-19       1.69844e-19
  31.4000000       1.71472e-19       1.71472e-19
  31.5000000       1.73099e-19       1.73099e-19
  31.6000000       1.74726e-19       1.74726e-19
  31.7000000       1.76389e-19       1.76389e-19
  31.8000000       1.78094e-19       1.78094e-19
  31.9000000       1.79798e-19       1.79798e-19
  32.0000000       1.81503e-19       1.81503e-19
  32.1000000       1.83207e-19       1.83207e-19
  32.2000000       1.84911e-19       1.84911e-19
  32.3000000       1.86625e-19       1.86625e-19
  32.4000000       1.88383e-19       1.88383e-19
  32.5000000       1.90146e-19       1.90146e-19
  32.6000000       1.91909e-19       1.91909e-19
  32.7000000       1.93672e-19       1.93672e-19
  32.8000000       1.95435e-19       1.95435e-19
  32.9000000       1.97198e-19       1.97198e-19
  33.0000000       1.99007e-19       1.99007e-19
  33.1000000       2.00855e-19       2.00855e-19
  33.2000000       2.02703e-19       2.02703e-19
  33.3000000       2.04551e-19       2.04551e-19
  33.4000000       2.06399e-19       2.06399e-19
  33.5000000       2.08247e-19       2.08247e-19
  33.6000000       2.10100e-19       2.10100e-19
  33.7000000       2.12002e-19       2.12002e-19
  33.8000000       2.13917e-19       2.13917e-19
  33.9000000       2.15831e-19       2.15831e-19
  34.0000000       2.17746e-19       2.17746e-19
  34.1000000       2.19660e-19       2.19660e-19
  34.2000000       2.21575e-19       2.21575e-19
  34.3000000       2.23503e-19       2.23503e-19
  34.4000000       2.25489e-19       2.25489e-19
  34.5000000       2.27482e-19       2.27482e-19
  34.6000000       2.29474e-19       2.29474e-19
  34.7000000       2.31466e-19       2.31466e-19
  34.8000000       2.33458e-19       2.33458e-19
  34.9000000       2.35450e-19       2.35450e-19
  35.0000000       2.37463e-19       2.37463e-19
  35.1000000       2.39538e-19       2.39538e-19
  35.2000000       2.41618e-19       2.41618e-19
  35.3000000       2.43698e-19       2.43698e-19
  35.4000000       2.45778e-19       2.45778e-19
  35.5000000       2.47858e-19       2.47858e-19
  35.6000000       2.49938e-19       2.49938e-19
  35.7000000       2.52031e-19       2.52031e-19
  35.8000000       2.54176e-19       2.54176e-19
  35.9000000       2.56325e-19       2.56325e-19
  36.0000000       2.58475e-19       2.58475e-19
  36.1000000       2.60625e-19       2.60625e-19
  36.2000000       2.62775e-19       2.62775e-19
  36.3000000       2.64924e-19       2.64924e-19
  36.4000000       2.67082e-19       2.67082e-19
  36.5000000       2.69308e-19       2.69308e-19
  36.6000000       2.71551e-19       2.71551e-19
  36.7000000       2.73795e-19       2.73795e-19
  36.8000000       2.76038e-19       2.76038e-19
  36.9000000       2.78281e-19       2.78281e-19
  37.0000000       2.80525e-19       2.80525e-19
  37.1000000       2.82768e-19       2.82768e-19
  37.2000000       2.85067e-19       2.85067e-19
  37.3000000       2.87412e-19       2.87412e-19
  37.4000000       2.89757e-19       2.89757e-19
  37.5000000       2.92103e-19       2.92103e-19
  37.6000000       2.94448e-19       2.94448e-19
  37.7000000       2.96794e-19       2.96794e-19
  37.8000000       2.99139e-19       2.99139e-19
  37.9000000       3.01497e-19       3.01497e-19
  38.0000000       3.03917e-19       3.03917e-19
  38.1000000       3.06347e-19       3.06347e-19
  38.2000000       3.08777e-19       3.08777e-19
  38.3000000       3.11207e-19       3.11207e-19
  38.4000000       3.13636e-19       3.13636e-19
  38.5000000       3.16066e-19       3.16066e-19
  38.6000000       3.18496e-19       3.18496e-19
  38.7000000       3.20967e-19       3.20967e-19
  38.8000000       3.23501e-19       3.23501e-19
  38.9000000       3.26036e-19       3.26036e-19
  39.0000000       3.28570e-19       3.28570e-19
  39.1000000       3.31105e-19       3.31105e-19
  39.2000000       3.33640e-19       3.33640e-19
  39.3000000       3.36175e-19       3.36175e-19
  39.4000000       3.38710e-19       3.38710e-19
  39.5000000       3.41302e-19       3.41302e-19
  39.6000000       3.43938e-19       3.43938e-19
  39.7000000       3.46573e-19       3.46573e-19
  39.8000000       3.49209e-19       3.49209e-19
  39.9000000       3.51844e-19       3.51844e-19
  40.0000000       3.54480e-19       3.54480e-19
  40.1000000       3.57116e-19       3.57116e-19
  40.2000000       3.59752e-19       3.59752e-19
  40.3000000       3.62459e-19       3.62459e-19
  40.4000000       3.65214e-19       3.65214e-19
  40.5000000       3.67970e-19       3.67970e-19
  40.6000000       3.70726e-19       3.70726e-19
  40.7000000       3.73481e-19       3.73481e-19
  40.8000000       3.76237e-19       3.76237e-19
  40.9000000       3.78992e-19       3.78992e-19
  41.0000000       3.81748e-19       3.81748e-19
  41.1000000       3.84546e-19       3.84546e-19
  41.2000000       3.87392e-19       3.87392e-19
  41.3000000       3.90238e-19       3.90238e-19
  41.4000000       3.93083e-19       3.93083e-19
  41.5000000       3.95929e-19       3.95929e-19
  41.6000000       3.98775e-19       3.98775e-19
  41.7000000       4.01621e-19       4.01621e-19
  41.8000000       4.04466e-19       4.04466e-19
  41.9000000       4.07343e-19       4.07343e-19
  42.0000000       4.10314e-19       4.10314e-19
  42.1000000       4.13293e-19       4.13293e-19
  42.2000000       4.16271e-19       4.16271e-19
  42.3000000       4.19250e-19       4.19250e-19
  42.4000000       4.22228e-19       4.22228e-19
  42.5000000       4.25206e-19       4.25206e-19
  42.6000000       4.28185e-19       4.28185e-19
  42.7000000       4.31166e-19       4.31166e-19
  42.8000000       4.34224e-19       4.34224e-19
  42.9000000       4.37318e-19       4.37318e-19
  43.0000000       4.40411e-19       4.40411e-19
  43.1000000       4.43505e-19       4.43505e-19
  43.2000000       4.46598e-19       4.46598e-19
  43.3000000       4.49692e-19       4.49692e-19
  43.4000000       4.52785e-19       4.52785e-19
  43.5000000       4.55879e-19       4.55879e-19
  43.6000000       4.58995e-19       4.58995e-19
  43.7000000       4.62209e-19       4.62209e-19
  43.8000000       4.65434e-19       4.65434e-19
  43.9000000       4.68659e-19       4.68659e-19
  44.0000000       4.71884e-19       4.71884e-19
  44.1000000       4.75109e-19       4.75109e-19
  44.2000000       4.78334e-19       4.78334e-19
  44.3000000       4.81559e-19       4.81559e-19
  44.4000000       4.84784e-19       4.84784e-19
  44.5000000       4.88048e-19       4.88048e-19
  44.6000000       4.91395e-19       4.91395e-19
  44.7000000       4.94746e-19       4.94746e-19
  44.8000000       4.98096e-19       4.98096e-19
  44.9000000       5.01446e-19       5.01446e-19
  45.0000000       5.04797e-19       5.04797e-19
  45.1000000       5.08147e-19       5.08147e-19
  45.2000000       5.11498e-19       5.11498e-19
  45.3000000       5.14848e-19       5.14848e-19
  45.4000000       5.18243e-19       5.18243e-19
  45.5000000       5.21732e-19       5.21732e-19
  45.6000000       5.25223e-19       5.25223e-19
  45.7000000       5.28714e-19       5.28714e-19
  45.8000000       5.32205e-19       5.32205e-19
  45.9000000       5.35696e-19       5.35696e-19
  46.0000000       5.39187e-19       5.39187e-19
  46.1000000       5.42679e-19       5.42679e-19
  46.2000000       5.46170e-19       5.46170e-19
  46.3000000       5.49688e-19       5.49688e-19
  46.4000000       5.53304e-19       5.53304e-19
  46.5000000       5.56930e-19       5.56930e-19
  46.6000000       5.60556e-19       5.60556e-19
  46.7000000       5.64181e-19       5.64181e-19
  46.8000000       5.67807e-19       5.67807e-19
  46.9000000       5.71433e-19       5.71433e-19
  47.0000000       5.75058e-19       5.75058e-19
  47.1000000       5.78684e-19       5.78684e-19
  47.2000000       5.82316e-19       5.82316e-19
  47.3000000       5.86059e-19       5.86059e-19
  47.4000000       5.89843e-19       5.89843e-19
  47.5000000       5.93627e-19       5.93627e-19
  47.6000000       5.97411e-19       5.97411e-19
  47.7000000       6.01195e-19       6.01195e-19
  47.8000000       6.04979e-19       6.04979e-19
  47.9000000       6.08764e-19       6.08764e-19
  48.0000000       6.12548e-19       6.12548e-19
  48.1000000       6.16332e-19       6.16332e-19
  48.2000000       6.20157e-19       6.20157e-19
  48.3000000       6.24088e-19       6.24088e-19
  48.4000000       6.28023e-19       6.28023e-19
  48.5000000       6.31959e-19       6.31959e-19
  48.6000000       6.35894e-19       6.35894e-19
  48.7000000       6.39830e-19       6.39830e-19
  48.8000000       6.43765e-19       6.43765e-19
  48.9000000       6.47701e-19       6.47701e-19
  49.0000000       6.51636e-19       6.51636e-19
  49.1000000       6.55572e-19       6.55572e-19
  49.2000000       6.59591e-19       6.59591e-19
  49.3000000       6.63690e-19       6.63690e-19
  49.4000000       6.67790e-19       6.67790e-19
  49.5000000       6.71889e-19       6.71889e-19
  49.6000000       6.75989e-19       6.75989e-19
  49.7000000       6.80088e-19       6.80088e-19
  49.8000000       6.84188e-19       6.84188e-19
  49.9000000       6.88287e-19       6.88287e-19
  50.0000000       6.92387e-19       6.92387e-19
  50.1000000       6.96487e-19       6.96487e-19
  50.2000000       7.00676e-19       7.00676e-19
  50.3000000       7.04931e-19       7.04931e-19
  50.4000000       7.09186e-19       7.09186e-19
  50.5000000       7.13440e-19       7.13440e-19
  50.6000000       7.17695e-19       7.17695e-19
  50.7000000       7.21950e-19       7.21950e-19
  50.8000000       7.26204e-19       7.26204e-19
  50.9000000       7.30459e-19       7.30459e-19
  51.0000000       7.34714e-19       7.34714e-19
  51.1000000       7.38968e-19       7.38968e-19
  51.2000000       7.43308e-19       7.43308e-19
  51.3000000       7.47749e-19       7.47749e-19
  51.4000000       7.52191e-19       7.52191e-19
  51.5000000       7.56633e-19       7.56633e-19
  51.6000000       7.61074e-19       7.61074e-19
  51.7000000       7.65516e-19       7.65516e-19
  51.8000000       7.69958e-19       7.69958e-19
  51.9000000       7.74399e-19       7.74399e-19
  52.0000000       7.78841e-19       7.78841e-19
  52.1000000       7.83282e-19       7.83282e-19
  52.2000000       7.87756e-19       7.87756e-19
  52.3000000       7.92354e-19       7.92354e-19
  52.4000000       7.96964e-19       7.96964e-19
  52.5000000       8.01574e-19       8.01574e-19
  52.6000000       8.06185e-19       8.06185e-19
  52.7000000       8.10795e-19       8.10795e-19
  52.8000000       8.15405e-19       8.15405e-19
  52.9000000       8.20015e-19       8.20015e-19
  53.0000000       8.24625e-19       8.24625e-19
  53.1000000       8.29235e-19       8.29235e-19
  53.2000000       8.33846e-19       8.33846e-19
  53.3000000       8.38569e-19       8.38569e-19
  53.4000000       8.43375e-19       8.43375e-19
  53.5000000       8.48182e-19       8.48182e-19
  53.6000000       8.52988e-19       8.52988e-19
  53.7000000       8.57795e-19       8.57795e-19
  53.8000000       8.62602e-19       8.62602e-19
  53.9000000       8.67408e-19       8.67408e-19
  54.0000000       8.72215e-19       8.72215e-19
  54.1000000       8.77022e-19       8.77022e-19
  54.2000000       8.81828e-19       8.81828e-19
  54.3000000       8.86645e-19       8.86645e-19
  54.4000000       8.91603e-19       8.91603e-19
  54.5000000       8.96606e-19       8.96606e-19
  54.6000000       9.01609e-19       9.01609e-19
  54.7000000       9.06612e-19       9.06612e-19
  54.8000000       9.11615e-19       9.11615e-19
  54.9000000       9.16619e-19       9.16619e-19
  55.0000000       9.21622e-19       9.21622e-19
  55.1000000       9.26625e-19       9.26625e-19
  55.2000000       9.31628e-19       9.31628e-19
  55.3000000       9.36631e-19       9.36631e-19
  55.4000000       9.41648e-19       9.41648e-19
  55.5000000       9.46834e-19       9.46834e-19
  55.6000000       9.52068e-19       9.52068e-19
  55.7000000       9.57303e-19       9.57303e-19
  55.8000000       9.62537e-19       9.62537e-19
  55.9000000       9.67772e-19       9.67772e-19
  56.0000000       9.73006e-19       9.73006e-19
  56.1000000       9.78240e-19       9.78240e-19
  56.2000000       9.83475e-19       9.83475e-19
  56.3000000       9.88709e-19       9.88709e-19
  56.4000000       9.93944e-19       9.93944e-19
  56.5000000       9.99181e-19       9.99181e-19
  56.6000000       1.00454e-18       1.00454e-18
  56.7000000       1.00997e-18       1.00997e-18
  56.8000000       1.01540e-18       1.01540e-18
  56.9000000       1.02083e-18       1.02083e-18
  57.0000000       1.02625e-18       1.02625e-18
  57.1000000       1.03168e-18       1.03168e-18
  57.2000000       1.03711e-18       1.03711e-18
  57.3000000       1.04254e-18       1.04254e-18
  57.4000000       1.04797e-18       1.04797e-18
  57.5000000       1.05340e-18       1.05340e-18
  57.6000000       1.05883e-18       1.05883e-18
  57.7000000       1.06429e-18       1.06429e-18
  57.8000000       1.06987e-18       1.06987e-18
  57.9000000       1.07545e-18       1.07545e-18
  58.0000000       1.08103e-18       1.08103e-18
  58.1000000       1.08660e-18       1.08660e-18
  58.2000000       1.09218e-18       1.09218e-18
  58.3000000       1.09776e-18       1.09776e-18
  58.4000000       1.10334e-18       1.10334e-18
  58.5000000       1.10892e-18       1.10892e-18
  58.6000000       1.11450e-18       1.11450e-18
  58.7000000       1.12008e-18       1.12008e-18
  58.8000000       1.12566e-18       1.12566e-18
  58.9000000       1.13142e-18       1.13142e-18
  59.0000000       1.13731e-18       1.13731e-18
  59.1000000       1.14319e-18       1.14319e-18
  59.2000000       1.14908e-18       1.14908e-18
  59.3000000       1.15497e-18       1.15497e-18
  59.4000000       1.16086e-18       1.16086e-18
  59.5000000       1.16675e-18       1.16675e-18
  59.6000000       1.17264e-18       1.17264e-18
  59.7000000       1.17853e-18       1.17853e-18
  59.8000000       1.18442e-18       1.18442e-18
  59.9000000       1.19031e-18       1.19031e-18
  60.0000000       1.19620e-18       1.19620e-18
  60.1000000       1.20223e-18       1.20223e-18
  60.2000000       1.20834e-18       1.20834e-18
  60.3000000       1.21444e-18       1.21444e-18
  60.4000000       1.22054e-18       1.22054e-18
  60.5000000       1.22664e-18       1.22664e-18
  60.6000000       1.23274e-18       1.23274e-18
  60.7000000       1.23884e-18       1.23884e-18
  60.8000000       1.24495e-18       1.24495e-18
  60.9000000       1.25105e-18       1.25105e-18
  61.0000000       1.25715e-18       1.25715e-18
  61.1000000       1.26325e-18       1.26325e-18
  61.2000000       1.26935e-18       1.26935e-18
  61.3000000       1.27561e-18       1.27561e-18
  61.4000000       1.28200e-18       1.28200e-18
  61.5000000       1.28838e-18       1.28838e-18
  61.6000000       1.29477e-18       1.29477e-18
  61.7000000       1.30116e-18       1.30116e-18
  61.8000000       1.30754e-18       1.30754e-18
  61.9000000       1.31393e-18       1.31393e-18
  62.0000000       1.32031e-18       1.32031e-18
  62.1000000       1.32670e-18       1.32670e-18
  62.2000000       1.33308e-18       1.33308e-18
  62.3000000       1.33947e-18       1.33947e-18
  62.4000000       1.34585e-18       1.34585e-18
  62.5000000       1.35228e-18       1.35228e-18
  62.6000000       1.35885e-18       1.35885e-18
  62.7000000       1.36543e-18       1.36543e-18
  62.8000000       1.37200e-18       1.37200e-18
  62.9000000       1.37858e-18       1.37858e-18
  63.0000000       1.38515e-18       1.38515e-18
  63.1000000       1.39173e-18       1.39173e-18
  63.2000000       1.39831e-18       1.39831e-18
  63.3000000       1.40488e-18       1.40488e-18
  63.4000000       1.41146e-18       1.41146e-18
  63.5000000       1.41803e-18       1.41803e-18
  63.6000000       1.42461e-18       1.42461e-18
  63.7000000       1.43119e-18       1.43119e-18
  63.8000000       1.43795e-18       1.43795e-18
  63.9000000       1.44487e-18       1.44487e-18
  64.0000000       1.45178e-18       1.45178e-18
  64.1000000       1.45869e-18       1.45869e-18
  64.2000000       1.46560e-18       1.46560e-18
  64.3000000       1.47251e-18       1.47251e-18
  64.4000000       1.47943e-18       1.47943e-18
  64.5000000       1.48634e-18       1.48634e-18
  64.6000000       1.49325e-18       1.49325e-18
  64.7000000       1.50016e-18       1.50016e-18
  64.8000000       1.50707e-18       1.50707e-18
  64.9000000       1.51399e-18       1.51399e-18
  65.0000000       1.52136e-18       1.52136e-18
  65.1000000       1.54435e-18       1.54435e-18
  65.2000000       1.57503e-18       1.57503e-18
  65.3000000       1.60571e-18       1.60571e-18
  65.4000000       1.63638e-18       1.63638e-18
  65.5000000       1.66706e-18       1.66706e-18
  65.6000000       1.69774e-18       1.69774e-18
  65.7000000       1.72841e-18       1.72841e-18
  65.8000000       1.75909e-18       1.75909e-18
  65.9000000       1.78977e-18       1.78977e-18
  66.0000000       1.82045e-18       1.82045e-18
  66.1000000       1.85112e-18       1.85112e-18
  66.2000000       1.88180e-18       1.88180e-18
  66.3000000       1.91248e-18       1.91248e-18
  66.4000000       1.94315e-18       1.94315e-18
  66.5000000       1.97383e-18       1.97383e-18
  66.6000000       1.95933e-18       1.95933e-18
  66.7000000       2.07573e-18       2.07573e-18
  66.8000000       2.08309e-18       2.08309e-18
  66.9000000       1.95865e-18       1.95865e-18
  67.0000000       2.21488e-18       2.21488e-18
  67.1000000       1.99584e-18       1.99584e-18
  67.2000000       1.85086e-18       1.85086e-18
  67.3000000       2.19399e-18       2.19399e-18
  67.4000000       1.95877e-18       1.95877e-18
  67.5000000       1.89587e-18       1.89587e-18
  67.6000000       1.90009e-18       1.90009e-18
  67.7000000       1.96297e-18       1.96297e-18
  67.8000000       2.34489e-18       2.34489e-18
  67.9000000       2.23190e-18       2.23190e-18
  68.0000000       2.08775e-18       2.08775e-18
  68.1000000       2.03322e-18       2.03322e-18
  68.2000000       2.20981e-18       2.20981e-18
  68.3000000       2.12613e-18       2.12613e-18
  68.4000000       1.97165e-18       1.97165e-18
  68.5000000       2.09670e-18       2.09670e-18
  68.6000000       2.84286e-18       2.84286e-18
  68.7000000       2.50420e-18       2.50420e-18
  68.8000000       2.63016e-18       2.63016e-18
  68.9000000       2.66997e-18       2.66997e-18
  69.0000000       2.70865e-18       2.70865e-18
  69.1000000       2.22002e-18       2.22002e-18
  69.2000000       2.56696e-18       2.56696e-18
  69.3000000       2.58168e-18       2.58168e-18
  69.4000000       2.49524e-18       2.49524e-18
  69.5000000       1.87497e-18       1.87497e-18
  69.6000000       2.51484e-18       2.51484e-18
  69.7000000       2.54617e-18       2.54617e-18
  69.8000000       2.60052e-18       2.60052e-18
  69.9000000       2.45036e-18       2.45036e-18
  70.0000000       2.60980e-18       2.60980e-18
  70.1000000       2.87180e-18       2.87180e-18
  70.2000000       2.29064e-18       2.29064e-18
  70.3000000       4.11133e-18       4.11133e-18
  70.4000000       4.40453e-18       4.40453e-18
  70.5000000       2.60758e-18       2.60758e-18
  70.6000000       3.10259e-18       3.10259e-18
  70.7000000       3.28588e-18       3.28588e-18
  70.8000000       3.36862e-18       3.36862e-18
  70.9000000       3.38297e-18       3.38297e-18
  71.0000000       3.33034e-18       3.33034e-18
  71.1000000       3.23391e-18       3.23391e-18
  71.2000000       3.34684e-18       3.34684e-18
  71.3000000       3.38461e-18       3.38461e-18
  71.4000000       3.41201e-18       3.41201e-18
  71.5000000       3.37960e-18       3.37960e-18
  71.6000000       3.31276e-18       3.31276e-18
  71.7000000       3.10691e-18       3.10691e-18
  71.8000000       2.42870e-18       2.42870e-18
  71.9000000       1.70726e-18       1.70726e-18
  72.0000000       2.85605e-18       2.85605e-18
  72.1000000       3.38836e-18       3.38836e-18
  72.2000000       3.53555e-18       3.53555e-18
  72.3000000       3.61553e-18       3.61553e-18
  72.4000000       3.65029e-18       3.65029e-18
  72.5000000       3.68504e-18       3.68504e-18
  72.6000000       3.71979e-18       3.71979e-18
  72.7000000       3.75455e-18       3.75455e-18
  72.8000000       3.78930e-18       3.78930e-18
  72.9000000       3.82406e-18       3.82406e-18
  73.0000000       3.86097e-18       3.86097e-18
  73.1000000       3.95152e-18       3.95152e-18
  73.2000000       3.82793e-18       3.82793e-18
  73.3000000       3.80415e-18       3.80415e-18
  73.4000000       3.78170e-18       3.78170e-18
  73.5000000       3.71812e-18       3.71812e-18
  73.6000000       3.54564e-18       3.54564e-18
  73.7000000       3.58694e-18       3.58694e-18
  73.8000000       3.80352e-18       3.80352e-18
  73.9000000       3.79458e-18       3.79458e-18
  74.0000000       3.98609e-18       3.98609e-18
  74.1000000       4.24198e-18       4.24198e-18
  74.2000000       4.22788e-18       4.22788e-18
  74.3000000       3.67566e-18       3.67566e-18
  74.4000000       3.25166e-18       3.25166e-18
  74.5000000       3.51068e-18       3.51068e-18
  74.6000000       4.71437e-18       4.71437e-18
  74.7000000       4.11711e-18       4.11711e-18
  74.8000000       3.27041e-18       3.27041e-18
  74.9000000       2.64393e-18       2.64393e-18
  75.0000000       2.79934e-18       2.79934e-18
  75.1000000       5.11215e-18       5.11215e-18
  75.2000000       7.40554e-18       7.40554e-18
  75.3000000       7.69600e-18       7.69600e-18
  75.4000000       7.34085e-18       7.34085e-18
  75.5000000       7.00685e-18       7.00685e-18
  75.6000000       6.77246e-18       6.77246e-18
  75.7000000       6.54858e-18       6.54858e-18
  75.8000000       6.35784e-18       6.35784e-18
  75.9000000       6.30914e-18       6.30914e-18
  76.0000000       6.20801e-18       6.20801e-18
  76.1000000       6.18592e-18       6.18592e-18
  76.2000000       6.08895e-18       6.08895e-18
  76.3000000       6.07253e-18       6.07253e-18
  76.4000000       6.05909e-18       6.05909e-18
  76.5000000       6.01074e-18       6.01074e-18
  76.6000000       5.92953e-18       5.92953e-18
  76.7000000       5.94681e-18       5.94681e-18
  76.8000000       6.01342e-18       6.01342e-18
  76.9000000       5.98591e-18       5.98591e-18
  77.0000000       5.95840e-18       5.95840e-18
  77.1000000       5.93088e-18       5.93088e-18
  77.2000000       5.90337e-18       5.90337e-18
  77.3000000       5.87289e-18       5.87289e-18
  77.4000000       6.01308e-18       6.01308e-18
  77.5000000       5.96422e-18       5.96422e-18
  77.6000000       5.91795e-18       5.91795e-18
  77.7000000       5.87168e-18       5.87168e-18
  77.8000000       5.82542e-18       5.82542e-18
  77.9000000       5.77915e-18       5.77915e-18
  78.0000000       5.73288e-18       5.73288e-18
  78.1000000       5.68655e-18       5.68655e-18
  78.2000000       5.58389e-18       5.58389e-18
  78.3000000       5.43172e-18       5.43172e-18
  78.4000000       5.26055e-18       5.26055e-18
  78.5000000       4.84970e-18       4.84970e-18
  78.6000000       4.95744e-18       4.95744e-18
  78.7000000       4.43001e-18       4.43001e-18
  78.8000000       3.87506e-18       3.87506e-18
  78.9000000       3.32111e-18       3.32111e-18
  79.0000000       2.81481e-18       2.81481e-18
  79.1000000       2.55829e-18       2.55829e-18
  79.2000000       2.79785e-18       2.79785e-18
  79.3000000       3.46072e-18       3.46072e-18
  79.4000000       4.23209e-18       4.23209e-18
  79.5000000       4.88588e-18       4.88588e-18
  79.6000000       5.40573e-18       5.40573e-18
  79.7000000       5.75820e-18       5.75820e-18
  79.8000000       6.06614e-18       6.06614e-18
  79.9000000       6.24809e-18       6.24809e-18
  80.0000000       6.41531e-18       6.41531e-18
  80.1000000       6.57982e-18       6.57982e-18
  80.2000000       6.67742e-18       6.67742e-18
  80.3000000       6.74612e-18       6.74612e-18
  80.4000000       6.81481e-18       6.81481e-18
  80.5000000       6.88350e-18       6.88350e-18
  80.6000000       6.95220e-18       6.95220e-18
  80.7000000       7.02089e-18       7.02089e-18
  80.8000000       7.08959e-18       7.08959e-18
  80.9000000       7.15828e-18       7.15828e-18
  81.0000000       7.21266e-18       7.21266e-18
  81.1000000       7.20535e-18       7.20535e-18
  81.2000000       7.19096e-18       7.19096e-18
  81.3000000       7.23064e-18       7.23064e-18
  81.4000000       7.54336e-18       7.54336e-18
  81.5000000       7.56983e-18       7.56983e-18
  81.6000000       7.61249e-18       7.61249e-18
  81.7000000       7.65665e-18       7.65665e-18
  81.8000000       7.70081e-18       7.70081e-18
  81.9000000       7.74497e-18       7.74497e-18
  82.0000000       7.78913e-18       7.78913e-18
  82.1000000       7.83329e-18       7.83329e-18
  82.2000000       7.87744e-18       7.87744e-18
  82.3000000       7.92160e-18       7.92160e-18
  82.4000000       7.96576e-18       7.96576e-18
  82.5000000       8.00992e-18       8.00992e-18
  82.6000000       8.05408e-18       8.05408e-18
  82.7000000       8.09824e-18       8.09824e-18
  82.8000000       8.14240e-18       8.14240e-18
  82.9000000       8.18655e-18       8.18655e-18
  83.0000000       8.23071e-18       8.23071e-18
  83.1000000       8.27487e-18       8.27487e-18
  83.2000000       8.31903e-18       8.31903e-18
  83.3000000       8.37975e-18       8.37975e-18
  83.4000000       8.39230e-18       8.39230e-18
  83.5000000       8.42286e-18       8.42286e-18
  83.6000000       8.56091e-18       8.56091e-18
  83.7000000       8.31195e-18       8.31195e-18
  83.8000000       8.67265e-18       8.67265e-18
  83.9000000       8.71828e-18       8.71828e-18
  84.0000000       8.76390e-18       8.76390e-18
  84.1000000       9.03603e-18       9.03603e-18
  84.2000000       8.87895e-18       8.87895e-18
  84.3000000       8.93254e-18       8.93254e-18
  84.4000000       8.98612e-18       8.98612e-18
  84.5000000       9.03971e-18       9.03971e-18
  84.6000000       9.08412e-18       9.08412e-18
  84.7000000       9.20787e-18       9.20787e-18
  84.8000000       9.19836e-18       9.19836e-18
  84.9000000       9.25967e-18       9.25967e-18
  85.0000000       9.32098e-18       9.32098e-18
  85.1000000       9.38230e-18       9.38230e-18
  85.2000000       9.44361e-18       9.44361e-18
  85.3000000       9.50492e-18       9.50492e-18
  85.4000000       9.56623e-18       9.56623e-18
  85.5000000       9.62754e-18       9.62754e-18
  85.6000000       9.66457e-18       9.66457e-18
  85.7000000       9.68455e-18       9.68455e-18
  85.8000000       9.74402e-18       9.74402e-18
  85.9000000       9.80447e-18       9.80447e-18
  86.0000000       9.86492e-18       9.86492e-18
  86.1000000       9.92537e-18       9.92537e-18
  86.2000000       9.98582e-18       9.98582e-18
  86.3000000       1.00463e-17       1.00463e-17
  86.4000000       1.01067e-17       1.01067e-17
  86.5000000       1.01672e-17       1.01672e-17
  86.6000000       1.02276e-17       1.02276e-17
  86.7000000       1.02881e-17       1.02881e-17
  86.8000000       1.03485e-17       1.03485e-17
  86.9000000       1.04090e-17       1.04090e-17
  87.0000000       1.04694e-17       1.04694e-17
  87.1000000       1.05299e-17       1.05299e-17
  87.2000000       1.05903e-17       1.05903e-17
  87.3000000       1.06436e-17       1.06436e-17
  87.4000000       1.05678e-17       1.05678e-17
  87.5000000       1.07825e-17       1.07825e-17
  87.6000000       1.08584e-17       1.08584e-17
  87.7000000       1.09186e-17       1.09186e-17
  87.8000000       1.09787e-17       1.09787e-17
  87.9000000       1.10389e-17       1.10389e-17
  88.0000000       1.10990e-17       1.10990e-17
  88.1000000       1.11592e-17       1.11592e-17
  88.2000000       1.12193e-17       1.12193e-17
  88.3000000       1.12795e-17       1.12795e-17
  88.4000000       1.13397e-17       1.13397e-17
  88.5000000       1.13998e-17       1.13998e-17
  88.6000000       1.14600e-17       1.14600e-17
  88.7000000       1.15201e-17       1.15201e-17
  88.8000000       1.15803e-17       1.15803e-17
  88.9000000       1.16404e-17       1.16404e-17
  89.0000000       1.17006e-17       1.17006e-17
  89.1000000       1.17607e-17       1.17607e-17
  89.2000000       1.18208e-17       1.18208e-17
  89.3000000       1.18807e-17       1.18807e-17
  89.4000000       1.19407e-17       1.19407e-17
  89.5000000       1.20006e-17       1.20006e-17
  89.6000000       1.20606e-17       1.20606e-17
  89.7000000       1.21205e-17       1.21205e-17
  89.8000000       1.21805e-17       1.21805e-17
  89.9000000       1.22404e-17       1.22404e-17
  90.0000000       1.23004e-17       1.23004e-17
  90.1000000       1.23603e-17       1.23603e-17
  90.2000000       1.24203e-17       1.24203e-17
  90.3000000       1.24802e-17       1.24802e-17
  90.4000000       1.25402e-17       1.25402e-17
  90.5000000       1.26002e-17       1.26002e-17
  90.6000000       1.26601e-17       1.26601e-17
  90.7000000       1.27201e-17       1.27201e-17
  90.8000000       1.27800e-17       1.27800e-17
  90.9000000       1.28400e-17       1.28400e-17
  91.0000000       1.28999e-17       1.28999e-17
  91.1000000       1.29599e-17       1.29599e-17
  91.2000000       1.30198e-17       1.30198e-17
  91.3000000       1.30798e-17       1.30798e-17
  91.4000000       1.31397e-17       1.31397e-17
  91.5000000       1.31997e-17       1.31997e-17
  91.6000000       1.32596e-17       1.32596e-17
  91.7000000       1.33196e-17       1.33196e-17
  91.8000000       1.33795e-17       1.33795e-17
  91.9000000       1.34380e-17       1.34380e-17
  92.0000000       1.34222e-17       1.34222e-17
  92.1000000       1.33648e-17       1.33648e-17
  92.2000000       1.33073e-17       1.33073e-17
  92.3000000       1.32499e-17       1.32499e-17
  92.4000000       1.31924e-17       1.31924e-17
  92.5000000       1.32034e-17       1.32034e-17
  92.6000000       1.48475e-17       1.48475e-17
  92.7000000       1.65687e-17       1.65687e-17
  92.8000000       1.63034e-17       1.63034e-17
  92.9000000       1.60242e-17       1.60242e-17
  93.0000000       1.58535e-17       1.58535e-17
  93.1000000       1.56828e-17       1.56828e-17
  93.2000000       1.55688e-17       1.55688e-17
  93.3000000       1.56073e-17       1.56073e-17
  93.4000000       1.56542e-17       1.56542e-17
  93.5000000       1.57011e-17       1.57011e-17
  93.6000000       1.57480e-17       1.57480e-17
  93.7000000       1.57950e-17       1.57950e-17
  93.8000000       1.58419e-17       1.58419e-17
  93.9000000       1.58888e-17       1.58888e-17
  94.0000000       1.59357e-17       1.59357e-17
  94.1000000       1.59826e-17       1.59826e-17
  94.2000000       1.60295e-17       1.60295e-17
  94.3000000       1.60764e-17       1.60764e-17
  94.4000000       1.61233e-17       1.61233e-17
  94.5000000       1.61702e-17       1.61702e-17
  94.6000000       1.62171e-17       1.62171e-17
  94.7000000       1.65704e-17       1.65704e-17
  94.8000000       1.75578e-17       1.75578e-17
  94.9000000       1.78449e-17       1.78449e-17
  95.0000000       1.25788e-17       1.25788e-17
  95.1000000       1.94429e-17       1.94429e-17
  95.2000000       1.26958e-17       1.26958e-17
  95.3000000       1.37000e-17       1.37000e-17
  95.4000000       1.71195e-17       1.71195e-17
  95.5000000       1.96754e-17       1.96754e-17
  95.6000000       9.93307e-18       9.93307e-18
  95.7000000       1.34387e-17       1.34387e-17
  95.8000000       1.62109e-17       1.62109e-17
  95.9000000       1.90766e-17       1.90766e-17
  96.0000000       2.55944e-17       2.55944e-17
  96.1000000       1.00807e-17       1.00807e-17
  96.2000000       1.06474e-17       1.06474e-17
  96.3000000       1.32165e-17       1.32165e-17
  96.4000000       1.51010e-17       1.51010e-17
  96.5000000       1.66588e-17       1.66588e-17
  96.6000000       1.85493e-17       1.85493e-17
  96.7000000       2.46693e-17       2.46693e-17
  96.8000000       2.06393e-17       2.06393e-17
  96.9000000       1.60197e-17       1.60197e-17
  97.0000000       1.14810e-17       1.14810e-17
  97.1000000       1.22128e-17       1.22128e-17
  97.2000000       1.34137e-17       1.34137e-17
  97.3000000       1.37513e-17       1.37513e-17
  97.4000000       1.22973e-17       1.22973e-17
  97.5000000       1.50449e-17       1.50449e-17
  97.6000000       2.06018e-17       2.06018e-17
  97.7000000       1.97499e-17       1.97499e-17
  97.8000000       1.97437e-17       1.97437e-17
  97.9000000       2.02243e-17       2.02243e-17
  98.0000000       2.08033e-17       2.08033e-17
  98.1000000       2.18552e-17       2.18552e-17
  98.2000000       2.35079e-17       2.35079e-17
  98.3000000       2.56059e-17       2.56059e-17
  98.4000000       2.01279e-17       2.01279e-17
  98.5000000       1.64786e-17       1.64786e-17
  98.6000000       1.53297e-17       1.53297e-17
  98.7000000       8.60326e-18       8.60326e-18
  98.8000000       4.73243e-18       4.73243e-18
  98.9000000       9.31788e-18       9.31788e-18
  99.0000000       1.28224e-17       1.28224e-17
  99.1000000       1.47685e-17       1.47685e-17
  99.2000000       1.59595e-17       1.59595e-17
  99.3000000       1.69434e-17       1.69434e-17
  99.4000000       1.76218e-17       1.76218e-17
  99.5000000       1.81581e-17       1.81581e-17
  99.6000000       1.86944e-17       1.86944e-17
  99.7000000       1.92307e-17       1.92307e-17
  99.8000000       1.97669e-17       1.97669e-17
  99.9000000       2.03046e-17       2.03046e-17
 100.0000000       2.08504e-17       2.08504e-17
 100.1000000       2.13976e-17       2.13976e-17
 100.2000000       2.19448e-17       2.19448e-17
 100.3000000       2.24919e-17       2.24919e-17
 100.4000000       2.30391e-17       2.30391e-17
 100.5000000       2.36464e-17       2.36464e-17
 100.6000000       2.45532e-17       2.45532e-17
 100.7000000       2.55009e-17       2.55009e-17
 100.8000000       2.66036e-17       2.66036e-17
 100.9000000       2.83346e-17       2.83346e-17
 101.0000000       3.01100e-17       3.01100e-17
 101.1000000       3.09548e-17       3.09548e-17
 101.2000000       2.74879e-17       2.74879e-17
 101.3000000       2.21567e-17       2.21567e-17
 101.4000000       1.99742e-17       1.99742e-17
 101.5000000       1.89651e-17       1.89651e-17
 101.6000000       1.64757e-17       1.64757e-17
 101.7000000       1.14672e-17       1.14672e-17
 101.8000000       6.03369e-18       6.03369e-18
 101.9000000       3.80355e-18       3.80355e-18
 102.0000000       4.87572e-18       4.87572e-18
 102.1000000       7.11572e-18       7.11572e-18
 102.2000000       9.38927e-18       9.38927e-18
 102.3000000       1.12484e-17       1.12484e-17
 102.4000000       1.27215e-17       1.27215e-17
 102.5000000       1.38482e-17       1.38482e-17
 102.6000000       1.49019e-17       1.49019e-17
 102.7000000       1.57143e-17       1.57143e-17
 102.8000000       1.64532e-17       1.64532e-17
 102.9000000       1.70431e-17       1.70431e-17
 103.0000000       1.75361e-17       1.75361e-17
 103.1000000       1.80290e-17       1.80290e-17
 103.2000000       1.85219e-17       1.85219e-17
 103.3000000       1.90001e-17       1.90001e-17
 103.4000000       1.93340e-17       1.93340e-17
 103.5000000       1.96313e-17       1.96313e-17
 103.6000000       1.99286e-17       1.99286e-17
 103.7000000       2.02259e-17       2.02259e-17
 103.8000000       2.05232e-17       2.05232e-17
 103.9000000       2.08205e-17       2.08205e-17
 104.0000000       2.11178e-17       2.11178e-17
 104.1000000       2.14151e-17       2.14151e-17
 104.2000000       2.17124e-17       2.17124e-17
 104.3000000       2.20096e-17       2.20096e-17
 104.4000000       2.23069e-17       2.23069e-17
 104.5000000       2.26042e-17       2.26042e-17
 104.6000000       2.29015e-17       2.29015e-17
 104.7000000       2.31988e-17       2.31988e-17
 104.8000000       2.34961e-17       2.34961e-17
 104.9000000       2.37934e-17       2.37934e-17
 105.0000000       2.40907e-17       2.40907e-17
 105.1000000       2.43880e-17       2.43880e-17
 105.2000000       2.46853e-17       2.46853e-17
 105.3000000       2.49826e-17       2.49826e-17
 105.4000000       2.52799e-17       2.52799e-17
 105.5000000       2.55772e-17       2.55772e-17
 105.6000000       2.58745e-17       2.58745e-17
 105.7000000       2.61718e-17       2.61718e-17
 105.8000000       2.64691e-17       2.64691e-17
 105.9000000       2.67664e-17       2.67664e-17
 106.0000000       2.70637e-17       2.70637e-17
 106.1000000       2.73609e-17       2.73609e-17
 106.2000000       2.76861e-17       2.76861e-17
 106.3000000       2.81277e-17       2.81277e-17
 106.4000000       2.85823e-17       2.85823e-17
 106.5000000       2.90368e-17       2.90368e-17
 106.6000000       2.94914e-17       2.94914e-17
 106.7000000       2.99459e-17       2.99459e-17
 106.8000000       3.04005e-17       3.04005e-17
 106.9000000       3.08550e-17       3.08550e-17
 107.0000000       3.14096e-17       3.14096e-17
 107.1000000       3.21812e-17       3.21812e-17
 107.2000000       3.29603e-17       3.29603e-17
 107.3000000       3.37395e-17       3.37395e-17
 107.4000000       3.45186e-17       3.45186e-17
 107.5000000       3.52978e-17       3.52978e-17
 107.6000000       3.60769e-17       3.60769e-17
 107.7000000       3.68561e-17       3.68561e-17
 107.8000000       3.76166e-17       3.76166e-17
 107.9000000       3.75788e-17       3.75788e-17
 108.0000000       3.71163e-17       3.71163e-17
 108.1000000       3.57921e-17       3.57921e-17
 108.2000000       3.31250e-17       3.31250e-17
 108.3000000       3.05149e-17       3.05149e-17
 108.4000000       2.82940e-17       2.82940e-17
 108.5000000       2.61404e-17       2.61404e-17
 108.6000000       2.48525e-17       2.48525e-17
 108.7000000       2.41262e-17       2.41262e-17
 108.8000000       2.34444e-17       2.34444e-17
 108.9000000       2.29229e-17       2.29229e-17
 109.0000000       2.24133e-17       2.24133e-17
 109.1000000       2.15596e-17       2.15596e-17
 109.2000000       2.04647e-17       2.04647e-17
 109.3000000       1.92615e-17       1.92615e-17
 109.4000000       1.73597e-17       1.73597e-17
 109.5000000       1.53328e-17       1.53328e-17
 109.6000000       1.32083e-17       1.32083e-17
 109.7000000       1.08807e-17       1.08807e-17
 109.8000000       8.54777e-18       8.54777e-18
 109.9000000       6.83428e-18       6.83428e-18
 110.0000000       5.65297e-18       5.65297e-18
 110.1000000       4.50195e-18       4.50195e-18
 110.2000000       4.31490e-18       4.31490e-18
 110.3000000       4.58891e-18       4.58891e-18
 110.4000000       4.88948e-18       4.88948e-18
 110.5000000       5.64173e-18       5.64173e-18
 110.6000000       6.55637e-18       6.55637e-18
 110.7000000       7.47309e-18       7.47309e-18
 110.8000000       8.42488e-18       8.42488e-18
 110.9000000       9.38923e-18       9.38923e-18
 111.0000000       1.03508e-17       1.03508e-17
 111.1000000       1.12244e-17       1.12244e-17
 111.2000000       1.20556e-17       1.20556e-17
 111.3000000       1.28868e-17       1.28868e-17
 111.4000000       1.36362e-17       1.36362e-17
 111.5000000       1.43120e-17       1.43120e-17
 111.6000000       1.49879e-17       1.49879e-17
 111.7000000       1.56146e-17       1.56146e-17
 111.8000000       1.61243e-17       1.61243e-17
 111.9000000       1.66289e-17       1.66289e-17
 112.0000000       1.71335e-17       1.71335e-17
 112.1000000       1.76381e-17       1.76381e-17
 112.2000000       1.81427e-17       1.81427e-17
 112.3000000       1.86473e-17       1.86473e-17
 112.4000000       1.90899e-17       1.90899e-17
 112.5000000       1.94483e-17       1.94483e-17
 112.6000000       1.98063e-17       1.98063e-17
 112.7000000       2.01643e-17       2.01643e-17
 112.8000000       2.05223e-17       2.05223e-17
 112.9000000       2.08802e-17       2.08802e-17
 113.0000000       2.12382e-17       2.12382e-17
 113.1000000       2.15734e-17       2.15734e-17
 113.2000000       2.18321e-17       2.18321e-17
 113.3000000       2.20847e-17       2.20847e-17
 113.4000000       2.23372e-17       2.23372e-17
 113.5000000       2.25897e-17       2.25897e-17
 113.6000000       2.28422e-17       2.28422e-17
 113.7000000       2.30947e-17       2.30947e-17
 113.8000000       2.33472e-17       2.33472e-17
 113.9000000       2.35997e-17       2.35997e-17
 114.0000000       2.38522e-17       2.38522e-17
 114.1000000       2.41047e-17       2.41047e-17
 114.2000000       2.43572e-17       2.43572e-17
 114.3000000       2.46097e-17       2.46097e-17
 114.4000000       2.48622e-17       2.48622e-17
 114.5000000       2.51147e-17       2.51147e-17
 114.6000000       2.53672e-17       2.53672e-17
 114.7000000       2.55957e-17       2.55957e-17
 114.8000000       2.57537e-17       2.57537e-17
 114.9000000       2.59072e-17       2.59072e-17
 115.0000000       2.60607e-17       2.60607e-17
 115.1000000       2.62141e-17       2.62141e-17
 115.2000000       2.63676e-17       2.63676e-17
 115.3000000       2.65211e-17       2.65211e-17
 115.4000000       2.66745e-17       2.66745e-17
 115.5000000       2.68280e-17       2.68280e-17
 115.6000000       2.69815e-17       2.69815e-17
 115.7000000       2.71350e-17       2.71350e-17
 115.8000000       2.72884e-17       2.72884e-17
 115.9000000       2.74419e-17       2.74419e-17
 116.0000000       2.75954e-17       2.75954e-17
 116.1000000       2.77488e-17       2.77488e-17
 116.2000000       2.79023e-17       2.79023e-17
 116.3000000       2.80558e-17       2.80558e-17
 116.4000000       2.82093e-17       2.82093e-17
 116.5000000       2.83627e-17       2.83627e-17
 116.6000000       2.85162e-17       2.85162e-17
 116.7000000       2.86697e-17       2.86697e-17
 116.8000000       2.88231e-17       2.88231e-17
 116.9000000       2.89766e-17       2.89766e-17
 117.0000000       2.91301e-17       2.91301e-17
 117.1000000       2.92836e-17       2.92836e-17
 117.2000000       2.94370e-17       2.94370e-17
 117.3000000       2.95905e-17       2.95905e-17
 117.4000000       2.97440e-17       2.97440e-17
 117.5000000       2.98975e-17       2.98975e-17
 117.6000000       3.00509e-17       3.00509e-17
 117.7000000       3.02044e-17       3.02044e-17
 117.8000000       3.03579e-17       3.03579e-17
 117.9000000       3.05113e-17       3.05113e-17
 118.0000000       3.06648e-17       3.06648e-17
 118.1000000       3.08183e-17       3.08183e-17
 118.2000000       3.09718e-17       3.09718e-17
 118.3000000       3.11252e-17       3.11252e-17
 118.4000000       3.12787e-17       3.12787e-17
 118.5000000       3.14322e-17       3.14322e-17
 118.6000000       3.15856e-17       3.15856e-17
 118.7000000       3.17391e-17       3.17391e-17
 118.8000000       3.18926e-17       3.18926e-17
 118.9000000       3.20461e-17       3.20461e-17
 119.0000000       3.21995e-17       3.21995e-17
 119.1000000       3.23530e-17       3.23530e-17
 119.2000000       3.25065e-17       3.25065e-17
 119.3000000       3.26600e-17       3.26600e-17
 119.4000000       3.28134e-17       3.28134e-17
 119.5000000       3.29669e-17       3.29669e-17
 119.6000000       3.31204e-17       3.31204e-17
 119.7000000       3.32738e-17       3.32738e-17
 119.8000000       3.34273e-17       3.34273e-17
 119.9000000       3.35808e-17       3.35808e-17
 120.0000000       3.37343e-17       3.37343e-17
 120.1000000       3.38877e-17       3.38877e-17
 120.2000000       3.40412e-17       3.40412e-17
 120.3000000       3.41947e-17       3.41947e-17
 120.4000000       3.43481e-17       3.43481e-17
 120.5000000       3.45016e-17       3.45016e-17
 120.6000000       3.46551e-17       3.46551e-17
 120.7000000       3.48086e-17       3.48086e-17
 120.8000000       3.49620e-17       3.49620e-17
 120.9000000       3.51155e-17       3.51155e-17
 121.0000000       3.52690e-17       3.52690e-17
 121.1000000       3.54225e-17       3.54225e-17
 121.2000000       3.55759e-17       3.55759e-17
 121.3000000       3.57294e-17       3.57294e-17
 121.4000000       3.58829e-17       3.58829e-17
 121.5000000       3.60363e-17       3.60363e-17
 121.6000000       3.61898e-17       3.61898e-17
 121.7000000       3.63433e-17       3.63433e-17
 121.8000000       3.64968e-17       3.64968e-17
 121.9000000       3.66502e-17       3.66502e-17
 122.0000000       3.68037e-17       3.68037e-17
 122.1000000       3.69572e-17       3.69572e-17
 122.2000000       3.71106e-17       3.71106e-17
 122.3000000       3.72641e-17       3.72641e-17
 122.4000000       3.74176e-17       3.74176e-17
 122.5000000       3.75711e-17       3.75711e-17
 122.6000000       3.77245e-17       3.77245e-17
 122.7000000       3.78780e-17       3.78780e-17
 122.8000000       3.80315e-17       3.80315e-17
 122.9000000       3.81850e-17       3.81850e-17
 123.0000000       3.83384e-17       3.83384e-17
 123.1000000       3.84919e-17       3.84919e-17
 123.2000000       3.86454e-17       3.86454e-17
 123.3000000       3.87988e-17       3.87988e-17
 123.4000000       3.89523e-17       3.89523e-17
 123.5000000       3.91058e-17       3.91058e-17
 123.6000000       3.92593e-17       3.92593e-17
 123.7000000       3.94127e-17       3.94127e-17
 123.8000000       3.95662e-17       3.95662e-17
 123.9000000       3.97197e-17       3.97197e-17
 124.0000000       3.98731e-17       3.98731e-17
 124.1000000       4.00266e-17       4.00266e-17
 124.2000000       4.01801e-17       4.01801e-17
 124.3000000       4.03336e-17       4.03336e-17
 124.4000000       4.04870e-17       4.04870e-17
 124.5000000       4.06405e-17       4.06405e-17
 124.6000000       4.07940e-17       4.07940e-17
 124.7000000       4.09475e-17       4.09475e-17
 124.8000000       4.11009e-17       4.11009e-17
 124.9000000       4.12544e-17       4.12544e-17
 125.0000000       4.14079e-17       4.14079e-17
 125.1000000       4.15613e-17       4.15613e-17
 125.2000000       4.17148e-17       4.17148e-17
 125.3000000       4.18683e-17       4.18683e-17
 125.4000000       4.20218e-17       4.20218e-17
 125.5000000       4.21752e-17       4.21752e-17
 125.6000000       4.23287e-17       4.23287e-17
 125.7000000       4.24822e-17       4.24822e-17
 125.8000000       4.26356e-17       4.26356e-17
 125.9000000       4.27891e-17       4.27891e-17
 126.0000000       4.29426e-17       4.29426e-17
 126.1000000       4.30961e-17       4.30961e-17
 126.2000000       4.32495e-17       4.32495e-17
 126.3000000       4.34030e-17       4.34030e-17
 126.4000000       4.35565e-17       4.35565e-17
 126.5000000       4.37100e-17       4.37100e-17
 126.6000000       4.38634e-17       4.38634e-17
 126.7000000       4.40169e-17       4.40169e-17
 126.8000000       4.41704e-17       4.41704e-17
 126.9000000       4.43238e-17       4.43238e-17
 127.0000000       4.44773e-17       4.44773e-17
 127.1000000       4.46308e-17       4.46308e-17
 127.2000000       4.47843e-17       4.47843e-17
 127.3000000       4.49377e-17       4.49377e-17
 127.4000000       4.50912e-17       4.50912e-17
 127.5000000       4.52447e-17       4.52447e-17
 127.6000000       4.53981e-17       4.53981e-17
 127.7000000       4.55516e-17       4.55516e-17
 127.8000000       4.57051e-17       4.57051e-17
 127.9000000       4.58586e-17       4.58586e-17
 128.0000000       4.60120e-17       4.60120e-17
 128.1000000       4.61655e-17       4.61655e-17
 128.2000000       4.63190e-17       4.63190e-17
 128.3000000       4.64724e-17       4.64724e-17
 128.4000000       4.66259e-17       4.66259e-17
 128.5000000       4.67794e-17       4.67794e-17
 128.6000000       4.69329e-17       4.69329e-17
 128.7000000       4.70863e-17       4.70863e-17
 128.8000000       4.72398e-17       4.72398e-17
 128.9000000       4.73933e-17       4.73933e-17
 129.0000000       4.75468e-17       4.75468e-17
 129.1000000       4.77002e-17       4.77002e-17
 129.2000000       4.78537e-17       4.78537e-17
 129.3000000       4.80072e-17       4.80072e-17
 129.4000000       4.81606e-17       4.81606e-17
 129.5000000       4.83141e-17       4.83141e-17
 129.6000000       4.84676e-17       4.84676e-17
 129.7000000       4.86211e-17       4.86211e-17
 129.8000000       4.87745e-17       4.87745e-17
 129.9000000       4.89280e-17       4.89280e-17
 130.0000000       4.90815e-17       4.90815e-17
 130.1000000       4.92349e-17       4.92349e-17
 130.2000000       4.93884e-17       4.93884e-17
 130.3000000       4.95419e-17       4.95419e-17
 130.4000000       4.96954e-17       4.96954e-17
 130.5000000       4.98488e-17       4.98488e-17
 130.6000000       5.00023e-17       5.00023e-17
 130.7000000       5.01558e-17       5.01558e-17
 130.8000000       5.03093e-17       5.03093e-17
 130.9000000       5.04627e-17       5.04627e-17
 131.0000000       5.06162e-17       5.06162e-17
 131.1000000       5.07697e-17       5.07697e-17
 131.2000000       5.09231e-17       5.09231e-17
 131.3000000       5.10766e-17       5.10766e-17
 131.4000000       5.12301e-17       5.12301e-17
 131.5000000       5.13836e-17       5.13836e-17
 131.6000000       5.15370e-17       5.15370e-17
 131.7000000       5.16905e-17       5.16905e-17
 131.8000000       5.18440e-17       5.18440e-17
 131.9000000       5.19974e-17       5.19974e-17
 132.0000000       5.21509e-17       5.21509e-17
 132.1000000       5.23044e-17       5.23044e-17
 132.2000000       5.24579e-17       5.24579e-17
 132.3000000       5.26113e-17       5.26113e-17
 132.4000000       5.27648e-17       5.27648e-17
 132.5000000       5.29183e-17       5.29183e-17
 132.6000000       5.30718e-17       5.30718e-17
 132.7000000       5.32252e-17       5.32252e-17
 132.8000000       5.33787e-17       5.33787e-17
 132.9000000       5.35322e-17       5.35322e-17
 133.0000000       5.36856e-17       5.36856e-17
 133.1000000       5.38391e-17       5.38391e-17
 133.2000000       5.39926e-17       5.39926e-17
 133.3000000       5.41461e-17       5.41461e-17
 133.4000000       5.42995e-17       5.42995e-17
 133.5000000       5.44530e-17       5.44530e-17
 133.6000000       5.46065e-17       5.46065e-17
 133.7000000       5.47599e-17       5.47599e-17
 133.8000000       5.49134e-17       5.49134e-17
 133.9000000       5.50669e-17       5.50669e-17
 134.0000000       5.52204e-17       5.52204e-17
 134.1000000       5.53738e-17       5.53738e-17
 134.2000000       5.55273e-17       5.55273e-17
 134.3000000       5.56808e-17       5.56808e-17
 134.4000000       5.58343e-17       5.58343e-17
 134.5000000       5.59877e-17       5.59877e-17
 134.6000000       5.61402e-17       5.61402e-17
 134.7000000       5.62544e-17       5.62544e-17
 134.8000000       5.63489e-17       5.63489e-17
 134.9000000       5.64433e-17       5.64433e-17
 135.0000000       5.65377e-17       5.65377e-17
 135.1000000       5.66322e-17       5.66322e-17
 135.2000000       5.67266e-17       5.67266e-17
 135.3000000       5.68211e-17       5.68211e-17
 135.4000000       5.69155e-17       5.69155e-17
 135.5000000       5.70100e-17       5.70100e-17
 135.6000000       5.71044e-17       5.71044e-17
 135.7000000       5.71988e-17       5.71988e-17
 135.8000000       5.72933e-17       5.72933e-17
 135.9000000       5.73877e-17       5.73877e-17
 136.0000000       5.74822e-17       5.74822e-17
 136.1000000       5.75766e-17       5.75766e-17
 136.2000000       5.76711e-17       5.76711e-17
 136.3000000       5.77655e-17       5.77655e-17
 136.4000000       5.78600e-17       5.78600e-17
 136.5000000       5.79544e-17       5.79544e-17
 136.6000000       5.80488e-17       5.80488e-17
 136.7000000       5.81433e-17       5.81433e-17
 136.8000000       5.82377e-17       5.82377e-17
 136.9000000       5.83322e-17       5.83322e-17
 137.0000000       5.84266e-17       5.84266e-17
 137.1000000       5.85211e-17       5.85211e-17
 137.2000000       5.86155e-17       5.86155e-17
 137.3000000       5.87099e-17       5.87099e-17
 137.4000000       5.88044e-17       5.88044e-17
 137.5000000       5.88988e-17       5.88988e-17
 137.6000000       5.89933e-17       5.89933e-17
 137.7000000       5.90877e-17       5.90877e-17
 137.8000000       5.91822e-17       5.91822e-17
 137.9000000       5.92766e-17       5.92766e-17
 138.0000000       5.93711e-17       5.93711e-17
 138.1000000       5.94655e-17       5.94655e-17
 138.2000000       5.95599e-17       5.95599e-17
 138.3000000       5.96544e-17       5.96544e-17
 138.4000000       5.97488e-17       5.97488e-17
 138.5000000       5.98433e-17       5.98433e-17
 138.6000000       5.99377e-17       5.99377e-17
 138.7000000       6.00322e-17       6.00322e-17
 138.8000000       6.01266e-17       6.01266e-17
 138.9000000       6.02210e-17       6.02210e-17
 139.0000000       6.03155e-17       6.03155e-17
 139.1000000       6.04099e-17       6.04099e-17
 139.2000000       6.05044e-17       6.05044e-17
 139.3000000       6.05988e-17       6.05988e-17
 139.4000000       6.06933e-17       6.06933e-17
 139.5000000       6.07877e-17       6.07877e-17
 139.6000000       6.08822e-17       6.08822e-17
 139.7000000       6.09766e-17       6.09766e-17
 139.8000000       6.10710e-17       6.10710e-17
 139.9000000       6.11655e-17       6.11655e-17
 140.0000000       6.12599e-17       6.12599e-17
 140.1000000       6.13544e-17       6.13544e-17
 140.2000000       6.14488e-17       6.14488e-17
 140.3000000       6.15433e-17       6.15433e-17
 140.4000000       6.16377e-17       6.16377e-17
 140.5000000       6.17321e-17       6.17321e-17
 140.6000000       6.18266e-17       6.18266e-17
 140.7000000       6.19210e-17       6.19210e-17
 140.8000000       6.20155e-17       6.20155e-17
 140.9000000       6.21099e-17       6.21099e-17
 141.0000000       6.22044e-17       6.22044e-17
 141.1000000       6.22988e-17       6.22988e-17
 141.2000000       6.23933e-17       6.23933e-17
 141.3000000       6.24877e-17       6.24877e-17
 141.4000000       6.25821e-17       6.25821e-17
 141.5000000       6.26766e-17       6.26766e-17
 141.6000000       6.27710e-17       6.27710e-17
 141.7000000       6.28655e-17       6.28655e-17
 141.8000000       6.29599e-17       6.29599e-17
 141.9000000       6.30544e-17       6.30544e-17
 142.0000000       6.31488e-17       6.31488e-17
 142.1000000       6.32432e-17       6.32432e-17
 142.2000000       6.33377e-17       6.33377e-17
 142.3000000       6.34321e-17       6.34321e-17
 142.4000000       6.35266e-17       6.35266e-17
 142.5000000       6.36210e-17       6.36210e-17
 142.6000000       6.37155e-17       6.37155e-17
 142.7000000       6.38099e-17       6.38099e-17
 142.8000000       6.39044e-17       6.39044e-17
 142.9000000       6.39988e-17       6.39988e-17
 143.0000000       6.40932e-17       6.40932e-17
 143.1000000       6.41877e-17       6.41877e-17
 143.2000000       6.42821e-17       6.42821e-17
 143.3000000       6.43766e-17       6.43766e-17
 143.4000000       6.44710e-17       6.44710e-17
 143.5000000       6.45655e-17       6.45655e-17
 143.6000000       6.46599e-17       6.46599e-17
 143.7000000       6.47543e-17       6.47543e-17
 143.8000000       6.48488e-17       6.48488e-17
 143.9000000       6.49432e-17       6.49432e-17
 144.0000000       6.50377e-17       6.50377e-17
 144.1000000       6.51321e-17       6.51321e-17
 144.2000000       6.52266e-17       6.52266e-17
 144.3000000       6.53210e-17       6.53210e-17
 144.4000000       6.54155e-17       6.54155e-17
 144.5000000       6.55099e-17       6.55099e-17
 144.6000000       6.56043e-17       6.56043e-17
 144.7000000       6.56988e-17       6.56988e-17
 144.8000000       6.57932e-17       6.57932e-17
 144.9000000       6.58877e-17       6.58877e-17
 145.0000000       6.59821e-17       6.59821e-17
 145.1000000       6.60766e-17       6.60766e-17
 145.2000000       6.61710e-17       6.61710e-17
 145.3000000       6.62654e-17       6.62654e-17
 145.4000000       6.63599e-17       6.63599e-17
 145.5000000       6.64543e-17       6.64543e-17
 145.6000000       6.65488e-17       6.65488e-17
 145.7000000       6.66432e-17       6.66432e-17
 145.8000000       6.67377e-17       6.67377e-17
 145.9000000       6.68321e-17       6.68321e-17
 146.0000000       6.69266e-17       6.69266e-17
 146.1000000       6.70210e-17       6.70210e-17
 146.2000000       6.71154e-17       6.71154e-17
 146.3000000       6.72099e-17       6.72099e-17
 146.4000000       6.73043e-17       6.73043e-17
 146.5000000       6.73988e-17       6.73988e-17
 146.6000000       6.74932e-17       6.74932e-17
 146.7000000       6.75877e-17       6.75877e-17
 146.8000000       6.76821e-17       6.76821e-17
 146.9000000       6.77765e-17       6.77765e-17
 147.0000000       6.78710e-17       6.78710e-17
 147.1000000       6.79654e-17       6.79654e-17
 147.2000000       6.80599e-17       6.80599e-17
 147.3000000       6.81491e-17       6.81491e-17
 147.4000000       6.81700e-17       6.81700e-17
 147.5000000       6.81700e-17       6.81700e-17
 147.6000000       6.81700e-17       6.81700e-17
 147.7000000       6.81700e-17       6.81700e-17
 147.8000000       6.81700e-17       6.81700e-17
 147.9000000       6.81700e-17       6.81700e-17
 148.0000000       6.81700e-17       6.81700e-17
 148.1000000       6.81700e-17       6.81700e-17
 148.2000000       6.81700e-17       6.81700e-17
 148.3000000       6.81700e-17       6.81700e-17
 148.4000000       6.81700e-17       6.81700e-17
 148.5000000       6.81700e-17       6.81700e-17
 148.6000000       6.81700e-17       6.81700e-17
 148.7000000       6.81700e-17       6.81700e-17
 148.8000000       6.81700e-17       6.81700e-17
 148.9000000       6.81700e-17       6.81700e-17
 149.0000000       6.81700e-17       6.81700e-17
 149.1000000       6.81700e-17       6.81700e-17
 149.2000000       6.81700e-17       6.81700e-17
 149.3000000       6.81700e-17       6.81700e-17
 149.4000000       6.81700e-17       6.81700e-17
 149.5000000       6.81700e-17       6.81700e-17
 149.6000000       6.81700e-17       6.81700e-17
 149.7000000       6.81700e-17       6.81700e-17
 149.8000000       6.81700e-17       6.81700e-17
 149.9000000       6.81700e-17       6.81700e-17
 150.0000000       6.81700e-17       6.81700e-17
 150.1000000       6.81700e-17       6.81700e-17
 150.2000000       6.81700e-17       6.81700e-17
 150.3000000       6.81700e-17       6.81700e-17
 150.4000000       6.81700e-17       6.81700e-17
 150.5000000       6.81700e-17       6.81700e-17
 150.6000000       6.81700e-17       6.81700e-17
 150.7000000       6.81700e-17       6.81700e-17
 150.8000000       6.81700e-17       6.81700e-17
 150.9000000       6.81700e-17       6.81700e-17
 151.0000000       6.81700e-17       6.81700e-17
 151.1000000       6.81700e-17       6.81700e-17
 151.2000000       6.81700e-17       6.81700e-17
 151.3000000       6.81700e-17       6.81700e-17
 151.4000000       6.81700e-17       6.81700e-17
 151.5000000       6.81700e-17       6.81700e-17
 151.6000000       6.81700e-17       6.81700e-17
 151.7000000       6.81700e-17       6.81700e-17
 151.8000000       6.81700e-17       6.81700e-17
 151.9000000       6.81700e-17       6.81700e-17
 152.0000000       6.81700e-17       6.81700e-17
