# SO cross sections
# Alan Heays 2016-10-14
# References: phillips1981, nee1986b, norwood1989
# photoabsorption   -- Photoabsorption cross section (cm2)
# photodissociation -- Photodissociation cross section (cm2)
# photoionisation   -- Photoionisation cross section (cm2)
# 
# wavelength   photoabsorption photodissociation   photoionisation
 102.6000000       3.99295e-17       0.00000e+00       3.99295e-17
 102.7000000       3.91941e-17       0.00000e+00       3.91941e-17
 102.8000000       3.91231e-17       0.00000e+00       3.91231e-17
 102.9000000       4.10843e-17       0.00000e+00       4.10843e-17
 103.0000000       4.23416e-17       0.00000e+00       4.23416e-17
 103.1000000       4.18951e-17       0.00000e+00       4.18951e-17
 103.2000000       4.12449e-17       0.00000e+00       4.12449e-17
 103.3000000       4.23735e-17       0.00000e+00       4.23735e-17
 103.4000000       4.25373e-17       0.00000e+00       4.25373e-17
 103.5000000       4.22155e-17       0.00000e+00       4.22155e-17
 103.6000000       4.17027e-17       0.00000e+00       4.17027e-17
 103.7000000       4.14230e-17       0.00000e+00       4.14230e-17
 103.8000000       4.11702e-17       0.00000e+00       4.11702e-17
 103.9000000       4.14362e-17       0.00000e+00       4.14362e-17
 104.0000000       4.35390e-17       0.00000e+00       4.35390e-17
 104.1000000       4.40210e-17       0.00000e+00       4.40210e-17
 104.2000000       4.42698e-17       0.00000e+00       4.42698e-17
 104.3000000       4.64203e-17       0.00000e+00       4.64203e-17
 104.4000000       4.69310e-17       0.00000e+00       4.69310e-17
 104.5000000       4.68197e-17       0.00000e+00       4.68197e-17
 104.6000000       4.52615e-17       0.00000e+00       4.52615e-17
 104.7000000       4.13293e-17       0.00000e+00       4.13293e-17
 104.8000000       3.87999e-17       0.00000e+00       3.87999e-17
 104.9000000       3.95836e-17       0.00000e+00       3.95836e-17
 105.0000000       4.11326e-17       0.00000e+00       4.11326e-17
 105.1000000       4.30956e-17       0.00000e+00       4.30956e-17
 105.2000000       4.62084e-17       0.00000e+00       4.62084e-17
 105.3000000       4.87687e-17       0.00000e+00       4.87687e-17
 105.4000000       4.96793e-17       0.00000e+00       4.96793e-17
 105.5000000       4.78828e-17       0.00000e+00       4.78828e-17
 105.6000000       4.38028e-17       0.00000e+00       4.38028e-17
 105.7000000       3.61395e-17       0.00000e+00       3.61395e-17
 105.8000000       3.33296e-17       0.00000e+00       3.33296e-17
 105.9000000       3.35110e-17       0.00000e+00       3.35110e-17
 106.0000000       3.60107e-17       0.00000e+00       3.60107e-17
 106.1000000       3.91620e-17       0.00000e+00       3.91620e-17
 106.2000000       4.01729e-17       0.00000e+00       4.01729e-17
 106.3000000       3.51059e-17       0.00000e+00       3.51059e-17
 106.4000000       3.49417e-17       0.00000e+00       3.49417e-17
 106.5000000       3.96594e-17       0.00000e+00       3.96594e-17
 106.6000000       4.26169e-17       0.00000e+00       4.26169e-17
 106.7000000       3.88035e-17       0.00000e+00       3.88035e-17
 106.8000000       3.26006e-17       0.00000e+00       3.26006e-17
 106.9000000       2.68765e-17       0.00000e+00       2.68765e-17
 107.0000000       2.32872e-17       0.00000e+00       2.32872e-17
 107.1000000       2.13101e-17       0.00000e+00       2.13101e-17
 107.2000000       2.06950e-17       0.00000e+00       2.06950e-17
 107.3000000       2.12064e-17       0.00000e+00       2.12064e-17
 107.4000000       2.19724e-17       0.00000e+00       2.19724e-17
 107.5000000       2.33817e-17       0.00000e+00       2.33817e-17
 107.6000000       2.50272e-17       0.00000e+00       2.50272e-17
 107.7000000       2.55906e-17       0.00000e+00       2.55906e-17
 107.8000000       2.59447e-17       0.00000e+00       2.59447e-17
 107.9000000       2.64292e-17       0.00000e+00       2.64292e-17
 108.0000000       2.81864e-17       0.00000e+00       2.81864e-17
 108.1000000       2.85456e-17       0.00000e+00       2.85456e-17
 108.2000000       2.89437e-17       0.00000e+00       2.89437e-17
 108.3000000       2.96436e-17       0.00000e+00       2.96436e-17
 108.4000000       2.98557e-17       0.00000e+00       2.98557e-17
 108.5000000       2.94083e-17       0.00000e+00       2.94083e-17
 108.6000000       2.96754e-17       0.00000e+00       2.96754e-17
 108.7000000       3.05425e-17       0.00000e+00       3.05425e-17
 108.8000000       3.06801e-17       0.00000e+00       3.06801e-17
 108.9000000       3.00500e-17       0.00000e+00       3.00500e-17
 109.0000000       2.86659e-17       0.00000e+00       2.86659e-17
 109.1000000       2.78453e-17       0.00000e+00       2.78453e-17
 109.2000000       2.76859e-17       0.00000e+00       2.76859e-17
 109.3000000       2.78149e-17       0.00000e+00       2.78149e-17
 109.4000000       2.81758e-17       0.00000e+00       2.81758e-17
 109.5000000       2.82320e-17       0.00000e+00       2.82320e-17
 109.6000000       2.79635e-17       0.00000e+00       2.79635e-17
 109.7000000       2.73630e-17       0.00000e+00       2.73630e-17
 109.8000000       2.69160e-17       0.00000e+00       2.69160e-17
 109.9000000       2.59590e-17       0.00000e+00       2.59590e-17
 110.0000000       2.50844e-17       0.00000e+00       2.50844e-17
 110.1000000       2.45096e-17       0.00000e+00       2.45096e-17
 110.2000000       2.35983e-17       0.00000e+00       2.35983e-17
 110.3000000       2.31170e-17       0.00000e+00       2.31170e-17
 110.4000000       2.43459e-17       0.00000e+00       2.43459e-17
 110.5000000       2.42368e-17       0.00000e+00       2.42368e-17
 110.6000000       2.33936e-17       0.00000e+00       2.33936e-17
 110.7000000       2.13019e-17       0.00000e+00       2.13019e-17
 110.8000000       1.97838e-17       0.00000e+00       1.97838e-17
 110.9000000       1.95856e-17       0.00000e+00       1.95856e-17
 111.0000000       1.93240e-17       0.00000e+00       1.93240e-17
 111.1000000       1.82389e-17       0.00000e+00       1.82389e-17
 111.2000000       1.81316e-17       0.00000e+00       1.81316e-17
 111.3000000       1.90019e-17       0.00000e+00       1.90019e-17
 111.4000000       1.91601e-17       0.00000e+00       1.91601e-17
 111.5000000       1.76004e-17       0.00000e+00       1.76004e-17
 111.6000000       1.56079e-17       0.00000e+00       1.56079e-17
 111.7000000       1.48326e-17       0.00000e+00       1.48326e-17
 111.8000000       1.51613e-17       0.00000e+00       1.51613e-17
 111.9000000       1.52923e-17       0.00000e+00       1.52923e-17
 112.0000000       1.50271e-17       0.00000e+00       1.50271e-17
 112.1000000       1.44268e-17       0.00000e+00       1.44268e-17
 112.2000000       1.41181e-17       0.00000e+00       1.41181e-17
 112.3000000       1.33448e-17       0.00000e+00       1.33448e-17
 112.4000000       1.22367e-17       0.00000e+00       1.22367e-17
 112.5000000       1.12727e-17       0.00000e+00       1.12727e-17
 112.6000000       1.07914e-17       0.00000e+00       1.07914e-17
 112.7000000       1.08455e-17       0.00000e+00       1.08455e-17
 112.8000000       1.09012e-17       0.00000e+00       1.09012e-17
 112.9000000       1.09925e-17       0.00000e+00       1.09925e-17
 113.0000000       1.14554e-17       0.00000e+00       1.14554e-17
 113.1000000       1.08789e-17       0.00000e+00       1.08789e-17
 113.2000000       1.05010e-17       0.00000e+00       1.05010e-17
 113.3000000       9.92557e-18       0.00000e+00       9.92557e-18
 113.4000000       9.25005e-18       0.00000e+00       9.25005e-18
 113.5000000       8.86858e-18       0.00000e+00       8.86858e-18
 113.6000000       9.14386e-18       0.00000e+00       9.14386e-18
 113.7000000       9.28322e-18       0.00000e+00       9.28322e-18
 113.8000000       9.28218e-18       0.00000e+00       9.28218e-18
 113.9000000       9.53184e-18       0.00000e+00       9.53184e-18
 114.0000000       1.02091e-17       0.00000e+00       1.02091e-17
 114.1000000       1.01261e-17       0.00000e+00       1.01261e-17
 114.2000000       8.62979e-18       0.00000e+00       8.62979e-18
 114.3000000       7.59547e-18       0.00000e+00       7.59547e-18
 114.4000000       7.05433e-18       0.00000e+00       7.05433e-18
 114.5000000       6.40793e-18       0.00000e+00       6.40793e-18
 114.6000000       6.23691e-18       0.00000e+00       6.23691e-18
 114.7000000       6.23030e-18       0.00000e+00       6.23030e-18
 114.8000000       6.69396e-18       0.00000e+00       6.69396e-18
 114.9000000       7.85139e-18       0.00000e+00       7.85139e-18
 115.0000000       8.29038e-18       0.00000e+00       8.29038e-18
 115.1000000       7.75719e-18       0.00000e+00       7.75719e-18
 115.2000000       7.03482e-18       0.00000e+00       7.03482e-18
 115.3000000       6.57542e-18       0.00000e+00       6.57542e-18
 115.4000000       6.61519e-18       0.00000e+00       6.61519e-18
 115.5000000       6.60178e-18       0.00000e+00       6.60178e-18
 115.6000000       6.40196e-18       0.00000e+00       6.40196e-18
 115.7000000       6.24229e-18       0.00000e+00       6.24229e-18
 115.8000000       6.23233e-18       0.00000e+00       6.23233e-18
 115.9000000       2.47685e-17       1.78569e-17       6.91157e-18
 116.0000000       8.66263e-17       7.72892e-17       9.33708e-18
 116.1000000       9.86960e-17       8.85605e-17       1.01356e-17
 116.2000000       9.75278e-17       9.08135e-17       6.71435e-18
 116.3000000       9.63620e-17       9.14580e-17       4.90392e-18
 116.4000000       9.52425e-17       9.05618e-17       4.68065e-18
 116.5000000       9.44248e-17       8.98600e-17       4.56484e-18
 116.6000000       9.37930e-17       8.93320e-17       4.46102e-18
 116.7000000       9.53668e-17       9.11338e-17       4.23302e-18
 116.8000000       9.77282e-17       9.35043e-17       4.22393e-18
 116.9000000       9.99969e-17       9.52289e-17       4.76802e-18
 117.0000000       1.01946e-16       9.69160e-17       5.03053e-18
 117.1000000       1.03600e-16       9.82669e-17       5.33297e-18
 117.2000000       1.04847e-16       9.91386e-17       5.70792e-18
 117.3000000       1.06089e-16       1.00348e-16       5.74154e-18
 117.4000000       1.07182e-16       1.01997e-16       5.18424e-18
 117.5000000       1.05700e-16       1.01249e-16       4.45092e-18
 117.6000000       1.02894e-16       9.87038e-17       4.18984e-18
 117.7000000       1.00088e-16       9.58153e-17       4.27229e-18
 117.8000000       9.72815e-17       9.21683e-17       5.11320e-18
 117.9000000       9.53768e-17       8.85380e-17       6.83878e-18
 118.0000000       9.57514e-17       8.88676e-17       6.88378e-18
 118.1000000       9.72875e-17       9.16815e-17       5.60600e-18
 118.2000000       9.99162e-17       9.53882e-17       4.52798e-18
 118.3000000       1.02461e-16       9.83131e-17       4.14763e-18
 118.4000000       1.04508e-16       1.00906e-16       3.60224e-18
 118.5000000       1.04149e-16       1.01107e-16       3.04203e-18
 118.6000000       1.02971e-16       1.00382e-16       2.58911e-18
 118.7000000       1.01794e-16       9.95332e-17       2.26051e-18
 118.8000000       1.00616e-16       9.85867e-17       2.02946e-18
 118.9000000       9.97484e-17       9.79177e-17       1.83074e-18
 119.0000000       1.00896e-16       9.91771e-17       1.71868e-18
 119.1000000       1.02432e-16       1.00796e-16       1.63624e-18
 119.2000000       1.04392e-16       1.02603e-16       1.78870e-18
 119.3000000       1.06449e-16       1.04465e-16       1.98424e-18
 119.4000000       1.08215e-16       1.06253e-16       1.96225e-18
 119.5000000       1.09768e-16       1.07843e-16       1.92477e-18
 119.6000000       1.10512e-16       1.08546e-16       1.96624e-18
 119.7000000       1.11152e-16       1.09076e-16       2.07562e-18
 119.8000000       1.11791e-16       1.09355e-16       2.43613e-18
 119.9000000       1.12453e-16       1.09716e-16       2.73704e-18
 120.0000000       1.15114e-16       1.12652e-16       2.46204e-18
 120.1000000       1.20577e-16       1.18484e-16       2.09312e-18
 120.2000000       1.26157e-16       1.24313e-16       1.84472e-18
 120.3000000       1.31737e-16       1.30061e-16       1.67607e-18
 120.4000000       1.37317e-16       1.35697e-16       1.62045e-18
 120.5000000       1.40403e-16       1.38981e-16       1.42197e-18
 120.6000000       1.39668e-16       1.38680e-16       9.88677e-19
 120.7000000       1.36901e-16       1.36581e-16       3.20125e-19
 120.8000000       1.33592e-16       1.33506e-16       8.59704e-20
 120.9000000       1.30283e-16       1.30244e-16       3.84729e-20
 121.0000000       1.26605e-16       1.26602e-16       2.28225e-21
 121.1000000       1.21822e-16       1.21822e-16       0.00000e+00
 121.2000000       1.16965e-16       1.16965e-16       0.00000e+00
 121.3000000       1.12108e-16       1.12108e-16       0.00000e+00
 121.4000000       1.07250e-16       1.07250e-16       0.00000e+00
 121.5000000       1.05386e-16       1.05386e-16       0.00000e+00
 121.6000000       1.06889e-16       1.06889e-16       0.00000e+00
 121.7000000       1.08395e-16       1.08395e-16       0.00000e+00
 121.8000000       1.09900e-16       1.09900e-16       0.00000e+00
 121.9000000       1.11406e-16       1.11406e-16       0.00000e+00
 122.0000000       1.13711e-16       1.13711e-16       0.00000e+00
 122.1000000       1.19824e-16       1.19824e-16       0.00000e+00
 122.2000000       1.26430e-16       1.26430e-16       0.00000e+00
 122.3000000       1.33037e-16       1.33037e-16       0.00000e+00
 122.4000000       1.39643e-16       1.39643e-16       0.00000e+00
 122.5000000       1.44471e-16       1.44471e-16       0.00000e+00
 122.6000000       1.44488e-16       1.44488e-16       0.00000e+00
 122.7000000       1.44235e-16       1.44235e-16       0.00000e+00
 122.8000000       1.43982e-16       1.43982e-16       0.00000e+00
 122.9000000       1.43729e-16       1.43729e-16       0.00000e+00
 123.0000000       1.42244e-16       1.42244e-16       0.00000e+00
 123.1000000       1.39265e-16       1.39265e-16       0.00000e+00
 123.2000000       1.36282e-16       1.36282e-16       0.00000e+00
 123.3000000       1.33299e-16       1.33299e-16       0.00000e+00
 123.4000000       1.30316e-16       1.30316e-16       0.00000e+00
 123.5000000       1.28367e-16       1.28367e-16       0.00000e+00
 123.6000000       1.30825e-16       1.30825e-16       0.00000e+00
 123.7000000       1.33783e-16       1.33783e-16       0.00000e+00
 123.8000000       1.36740e-16       1.36740e-16       0.00000e+00
 123.9000000       1.39697e-16       1.39697e-16       0.00000e+00
 124.0000000       1.43676e-16       1.43676e-16       0.00000e+00
 124.1000000       1.48675e-16       1.48675e-16       0.00000e+00
 124.2000000       1.53674e-16       1.53674e-16       0.00000e+00
 124.3000000       1.58673e-16       1.58673e-16       0.00000e+00
 124.4000000       1.63672e-16       1.63672e-16       0.00000e+00
 124.5000000       1.66980e-16       1.66980e-16       0.00000e+00
 124.6000000       1.66153e-16       1.66153e-16       0.00000e+00
 124.7000000       1.65139e-16       1.65139e-16       0.00000e+00
 124.8000000       1.64125e-16       1.64125e-16       0.00000e+00
 124.9000000       1.63111e-16       1.63111e-16       0.00000e+00
 125.0000000       1.59950e-16       1.59950e-16       0.00000e+00
 125.1000000       1.54555e-16       1.54555e-16       0.00000e+00
 125.2000000       1.49159e-16       1.49159e-16       0.00000e+00
 125.3000000       1.43764e-16       1.43764e-16       0.00000e+00
 125.4000000       1.38396e-16       1.38396e-16       0.00000e+00
 125.5000000       1.39391e-16       1.39391e-16       0.00000e+00
 125.6000000       1.45257e-16       1.45257e-16       0.00000e+00
 125.7000000       1.51123e-16       1.51123e-16       0.00000e+00
 125.8000000       1.56988e-16       1.56988e-16       0.00000e+00
 125.9000000       1.62852e-16       1.62852e-16       0.00000e+00
 126.0000000       1.66274e-16       1.66274e-16       0.00000e+00
 126.1000000       1.67526e-16       1.67526e-16       0.00000e+00
 126.2000000       1.68777e-16       1.68777e-16       0.00000e+00
 126.3000000       1.70028e-16       1.70028e-16       0.00000e+00
 126.4000000       1.70895e-16       1.70895e-16       0.00000e+00
 126.5000000       1.68924e-16       1.68924e-16       0.00000e+00
 126.6000000       1.66378e-16       1.66378e-16       0.00000e+00
 126.7000000       1.63833e-16       1.63833e-16       0.00000e+00
 126.8000000       1.61288e-16       1.61288e-16       0.00000e+00
 126.9000000       1.58742e-16       1.58742e-16       0.00000e+00
 127.0000000       1.57084e-16       1.57084e-16       0.00000e+00
 127.1000000       1.56815e-16       1.56815e-16       0.00000e+00
 127.2000000       1.56562e-16       1.56562e-16       0.00000e+00
 127.3000000       1.56309e-16       1.56309e-16       0.00000e+00
 127.4000000       1.56014e-16       1.56014e-16       0.00000e+00
 127.5000000       1.51522e-16       1.51522e-16       0.00000e+00
 127.6000000       1.44250e-16       1.44250e-16       0.00000e+00
 127.7000000       1.36979e-16       1.36979e-16       0.00000e+00
 127.8000000       1.29707e-16       1.29707e-16       0.00000e+00
 127.9000000       1.22435e-16       1.22435e-16       0.00000e+00
 128.0000000       1.15609e-16       1.15609e-16       0.00000e+00
 128.1000000       1.09701e-16       1.09701e-16       0.00000e+00
 128.2000000       1.03821e-16       1.03821e-16       0.00000e+00
 128.3000000       9.79403e-17       9.79403e-17       0.00000e+00
 128.4000000       9.20601e-17       9.20601e-17       0.00000e+00
 128.5000000       8.69115e-17       8.69115e-17       0.00000e+00
 128.6000000       8.41135e-17       8.41135e-17       0.00000e+00
 128.7000000       8.14930e-17       8.14930e-17       0.00000e+00
 128.8000000       7.88726e-17       7.88726e-17       0.00000e+00
 128.9000000       7.62521e-17       7.62521e-17       0.00000e+00
 129.0000000       7.33543e-17       7.33543e-17       0.00000e+00
 129.1000000       6.97061e-17       6.97061e-17       0.00000e+00
 129.2000000       6.60159e-17       6.60159e-17       0.00000e+00
 129.3000000       6.23257e-17       6.23257e-17       0.00000e+00
 129.4000000       5.86355e-17       5.86355e-17       0.00000e+00
 129.5000000       5.54757e-17       5.54757e-17       0.00000e+00
 129.6000000       5.47490e-17       5.47490e-17       0.00000e+00
 129.7000000       5.43241e-17       5.43241e-17       0.00000e+00
 129.8000000       5.38993e-17       5.38993e-17       0.00000e+00
 129.9000000       5.34744e-17       5.34744e-17       0.00000e+00
 130.0000000       5.31478e-17       5.31478e-17       0.00000e+00
 130.1000000       5.32253e-17       5.32253e-17       0.00000e+00
 130.2000000       5.33464e-17       5.33464e-17       0.00000e+00
 130.3000000       5.34675e-17       5.34675e-17       0.00000e+00
 130.4000000       5.35887e-17       5.35887e-17       0.00000e+00
 130.5000000       5.34551e-17       5.34551e-17       0.00000e+00
 130.6000000       5.23467e-17       5.23467e-17       0.00000e+00
 130.7000000       5.11426e-17       5.11426e-17       0.00000e+00
 130.8000000       4.99385e-17       4.99385e-17       0.00000e+00
 130.9000000       4.87344e-17       4.87344e-17       0.00000e+00
 131.0000000       4.75664e-17       4.75664e-17       0.00000e+00
 131.1000000       4.64590e-17       4.64590e-17       0.00000e+00
 131.2000000       4.53525e-17       4.53525e-17       0.00000e+00
 131.3000000       4.42461e-17       4.42461e-17       0.00000e+00
 131.4000000       4.31396e-17       4.31396e-17       0.00000e+00
 131.5000000       4.29570e-17       4.29570e-17       0.00000e+00
 131.6000000       4.56418e-17       4.56418e-17       0.00000e+00
 131.7000000       4.85313e-17       4.85313e-17       0.00000e+00
 131.8000000       5.14207e-17       5.14207e-17       0.00000e+00
 131.9000000       5.43102e-17       5.43102e-17       0.00000e+00
 132.0000000       5.62841e-17       5.62841e-17       0.00000e+00
 132.1000000       5.17816e-17       5.17816e-17       0.00000e+00
 132.2000000       4.60174e-17       4.60174e-17       0.00000e+00
 132.3000000       4.02532e-17       4.02532e-17       0.00000e+00
 132.4000000       3.44890e-17       3.44890e-17       0.00000e+00
 132.5000000       2.98671e-17       2.98671e-17       0.00000e+00
 132.6000000       2.80373e-17       2.80373e-17       0.00000e+00
 132.7000000       2.63344e-17       2.63344e-17       0.00000e+00
 132.8000000       2.46315e-17       2.46315e-17       0.00000e+00
 132.9000000       2.29286e-17       2.29286e-17       0.00000e+00
 133.0000000       2.14252e-17       2.14252e-17       0.00000e+00
 133.1000000       2.03477e-17       2.03477e-17       0.00000e+00
 133.2000000       1.92844e-17       1.92844e-17       0.00000e+00
 133.3000000       1.82210e-17       1.82210e-17       0.00000e+00
 133.4000000       1.71576e-17       1.71576e-17       0.00000e+00
 133.5000000       1.61596e-17       1.61596e-17       0.00000e+00
 133.6000000       1.57662e-17       1.57662e-17       0.00000e+00
 133.7000000       1.55198e-17       1.55198e-17       0.00000e+00
 133.8000000       1.52735e-17       1.52735e-17       0.00000e+00
 133.9000000       1.50271e-17       1.50271e-17       0.00000e+00
 134.0000000       1.47808e-17       1.47808e-17       0.00000e+00
 134.1000000       1.45345e-17       1.45345e-17       0.00000e+00
 134.2000000       1.42881e-17       1.42881e-17       0.00000e+00
 134.3000000       1.40418e-17       1.40418e-17       0.00000e+00
 134.4000000       1.37954e-17       1.37954e-17       0.00000e+00
 134.5000000       1.35491e-17       1.35491e-17       0.00000e+00
 134.6000000       1.33027e-17       1.33027e-17       0.00000e+00
 134.7000000       1.30564e-17       1.30564e-17       0.00000e+00
 134.8000000       1.28100e-17       1.28100e-17       0.00000e+00
 134.9000000       1.25637e-17       1.25637e-17       0.00000e+00
 135.0000000       1.23173e-17       1.23173e-17       0.00000e+00
 135.1000000       1.20710e-17       1.20710e-17       0.00000e+00
 135.2000000       1.18246e-17       1.18246e-17       0.00000e+00
 135.3000000       1.15783e-17       1.15783e-17       0.00000e+00
 135.4000000       1.13319e-17       1.13319e-17       0.00000e+00
 135.5000000       1.10856e-17       1.10856e-17       0.00000e+00
 135.6000000       1.08393e-17       1.08393e-17       0.00000e+00
 135.7000000       1.05929e-17       1.05929e-17       0.00000e+00
 135.8000000       1.03466e-17       1.03466e-17       0.00000e+00
 135.9000000       1.01002e-17       1.01002e-17       0.00000e+00
 136.0000000       9.85387e-18       9.85387e-18       0.00000e+00
 136.1000000       9.60752e-18       9.60752e-18       0.00000e+00
 136.2000000       9.36117e-18       9.36117e-18       0.00000e+00
 136.3000000       9.11483e-18       9.11483e-18       0.00000e+00
 136.4000000       8.86848e-18       8.86848e-18       0.00000e+00
 136.5000000       8.62213e-18       8.62213e-18       0.00000e+00
 136.6000000       8.37579e-18       8.37579e-18       0.00000e+00
 136.7000000       8.12944e-18       8.12944e-18       0.00000e+00
 136.8000000       7.88309e-18       7.88309e-18       0.00000e+00
 136.9000000       7.63675e-18       7.63675e-18       0.00000e+00
 137.0000000       7.39040e-18       7.39040e-18       0.00000e+00
 137.1000000       7.14405e-18       7.14405e-18       0.00000e+00
 137.2000000       6.89771e-18       6.89771e-18       0.00000e+00
 137.3000000       6.65136e-18       6.65136e-18       0.00000e+00
 137.4000000       6.40501e-18       6.40501e-18       0.00000e+00
 137.5000000       6.15867e-18       6.15867e-18       0.00000e+00
 137.6000000       5.91232e-18       5.91232e-18       0.00000e+00
 137.7000000       5.66597e-18       5.66597e-18       0.00000e+00
 137.8000000       5.41963e-18       5.41963e-18       0.00000e+00
 137.9000000       5.17328e-18       5.17328e-18       0.00000e+00
 138.0000000       4.92693e-18       4.92693e-18       0.00000e+00
 138.1000000       4.68059e-18       4.68059e-18       0.00000e+00
 138.2000000       4.43424e-18       4.43424e-18       0.00000e+00
 138.3000000       4.18789e-18       4.18789e-18       0.00000e+00
 138.4000000       3.94155e-18       3.94155e-18       0.00000e+00
 138.5000000       3.69520e-18       3.69520e-18       0.00000e+00
 138.6000000       3.44885e-18       3.44885e-18       0.00000e+00
 138.7000000       3.20251e-18       3.20251e-18       0.00000e+00
 138.8000000       2.95616e-18       2.95616e-18       0.00000e+00
 138.9000000       2.70981e-18       2.70981e-18       0.00000e+00
 139.0000000       2.46347e-18       2.46347e-18       0.00000e+00
 139.1000000       2.21712e-18       2.21712e-18       0.00000e+00
 139.2000000       1.97077e-18       1.97077e-18       0.00000e+00
 139.3000000       1.72443e-18       1.72443e-18       0.00000e+00
 139.4000000       1.47808e-18       1.47808e-18       0.00000e+00
 139.5000000       1.23173e-18       1.23173e-18       0.00000e+00
 139.6000000       9.85387e-19       9.85387e-19       0.00000e+00
 139.7000000       7.39040e-19       7.39040e-19       0.00000e+00
 139.8000000       4.92693e-19       4.92693e-19       0.00000e+00
 139.9000000       2.46347e-19       2.46347e-19       0.00000e+00
 140.0000000       3.07933e-20       3.07933e-20       0.00000e+00
 140.1000000       0.00000e+00       0.00000e+00       0.00000e+00
 140.2000000       0.00000e+00       0.00000e+00       0.00000e+00
 140.3000000       0.00000e+00       0.00000e+00       0.00000e+00
 140.4000000       0.00000e+00       0.00000e+00       0.00000e+00
 140.5000000       0.00000e+00       0.00000e+00       0.00000e+00
 140.6000000       0.00000e+00       0.00000e+00       0.00000e+00
 140.7000000       0.00000e+00       0.00000e+00       0.00000e+00
 140.8000000       0.00000e+00       0.00000e+00       0.00000e+00
 140.9000000       0.00000e+00       0.00000e+00       0.00000e+00
 141.0000000       0.00000e+00       0.00000e+00       0.00000e+00
 141.1000000       0.00000e+00       0.00000e+00       0.00000e+00
 141.2000000       0.00000e+00       0.00000e+00       0.00000e+00
 141.3000000       0.00000e+00       0.00000e+00       0.00000e+00
 141.4000000       0.00000e+00       0.00000e+00       0.00000e+00
 141.5000000       0.00000e+00       0.00000e+00       0.00000e+00
 141.6000000       0.00000e+00       0.00000e+00       0.00000e+00
 141.7000000       0.00000e+00       0.00000e+00       0.00000e+00
 141.8000000       0.00000e+00       0.00000e+00       0.00000e+00
 141.9000000       0.00000e+00       0.00000e+00       0.00000e+00
 142.0000000       0.00000e+00       0.00000e+00       0.00000e+00
 142.1000000       0.00000e+00       0.00000e+00       0.00000e+00
 142.2000000       0.00000e+00       0.00000e+00       0.00000e+00
 142.3000000       0.00000e+00       0.00000e+00       0.00000e+00
 142.4000000       0.00000e+00       0.00000e+00       0.00000e+00
 142.5000000       0.00000e+00       0.00000e+00       0.00000e+00
 142.6000000       0.00000e+00       0.00000e+00       0.00000e+00
 142.7000000       0.00000e+00       0.00000e+00       0.00000e+00
 142.8000000       0.00000e+00       0.00000e+00       0.00000e+00
 142.9000000       0.00000e+00       0.00000e+00       0.00000e+00
 143.0000000       0.00000e+00       0.00000e+00       0.00000e+00
 143.1000000       0.00000e+00       0.00000e+00       0.00000e+00
 143.2000000       0.00000e+00       0.00000e+00       0.00000e+00
 143.3000000       0.00000e+00       0.00000e+00       0.00000e+00
 143.4000000       0.00000e+00       0.00000e+00       0.00000e+00
 143.5000000       0.00000e+00       0.00000e+00       0.00000e+00
 143.6000000       0.00000e+00       0.00000e+00       0.00000e+00
 143.7000000       0.00000e+00       0.00000e+00       0.00000e+00
 143.8000000       0.00000e+00       0.00000e+00       0.00000e+00
 143.9000000       0.00000e+00       0.00000e+00       0.00000e+00
 144.0000000       0.00000e+00       0.00000e+00       0.00000e+00
 144.1000000       0.00000e+00       0.00000e+00       0.00000e+00
 144.2000000       0.00000e+00       0.00000e+00       0.00000e+00
 144.3000000       0.00000e+00       0.00000e+00       0.00000e+00
 144.4000000       0.00000e+00       0.00000e+00       0.00000e+00
 144.5000000       0.00000e+00       0.00000e+00       0.00000e+00
 144.6000000       0.00000e+00       0.00000e+00       0.00000e+00
 144.7000000       0.00000e+00       0.00000e+00       0.00000e+00
 144.8000000       0.00000e+00       0.00000e+00       0.00000e+00
 144.9000000       0.00000e+00       0.00000e+00       0.00000e+00
 145.0000000       0.00000e+00       0.00000e+00       0.00000e+00
 145.1000000       0.00000e+00       0.00000e+00       0.00000e+00
 145.2000000       0.00000e+00       0.00000e+00       0.00000e+00
 145.3000000       0.00000e+00       0.00000e+00       0.00000e+00
 145.4000000       0.00000e+00       0.00000e+00       0.00000e+00
 145.5000000       0.00000e+00       0.00000e+00       0.00000e+00
 145.6000000       0.00000e+00       0.00000e+00       0.00000e+00
 145.7000000       0.00000e+00       0.00000e+00       0.00000e+00
 145.8000000       0.00000e+00       0.00000e+00       0.00000e+00
 145.9000000       0.00000e+00       0.00000e+00       0.00000e+00
 146.0000000       0.00000e+00       0.00000e+00       0.00000e+00
 146.1000000       0.00000e+00       0.00000e+00       0.00000e+00
 146.2000000       0.00000e+00       0.00000e+00       0.00000e+00
 146.3000000       0.00000e+00       0.00000e+00       0.00000e+00
 146.4000000       0.00000e+00       0.00000e+00       0.00000e+00
 146.5000000       0.00000e+00       0.00000e+00       0.00000e+00
 146.6000000       0.00000e+00       0.00000e+00       0.00000e+00
 146.7000000       0.00000e+00       0.00000e+00       0.00000e+00
 146.8000000       0.00000e+00       0.00000e+00       0.00000e+00
 146.9000000       0.00000e+00       0.00000e+00       0.00000e+00
 147.0000000       0.00000e+00       0.00000e+00       0.00000e+00
 147.1000000       0.00000e+00       0.00000e+00       0.00000e+00
 147.2000000       0.00000e+00       0.00000e+00       0.00000e+00
 147.3000000       0.00000e+00       0.00000e+00       0.00000e+00
 147.4000000       0.00000e+00       0.00000e+00       0.00000e+00
 147.5000000       0.00000e+00       0.00000e+00       0.00000e+00
 147.6000000       0.00000e+00       0.00000e+00       0.00000e+00
 147.7000000       0.00000e+00       0.00000e+00       0.00000e+00
 147.8000000       0.00000e+00       0.00000e+00       0.00000e+00
 147.9000000       0.00000e+00       0.00000e+00       0.00000e+00
 148.0000000       0.00000e+00       0.00000e+00       0.00000e+00
 148.1000000       0.00000e+00       0.00000e+00       0.00000e+00
 148.2000000       0.00000e+00       0.00000e+00       0.00000e+00
 148.3000000       0.00000e+00       0.00000e+00       0.00000e+00
 148.4000000       0.00000e+00       0.00000e+00       0.00000e+00
 148.5000000       0.00000e+00       0.00000e+00       0.00000e+00
 148.6000000       0.00000e+00       0.00000e+00       0.00000e+00
 148.7000000       0.00000e+00       0.00000e+00       0.00000e+00
 148.8000000       0.00000e+00       0.00000e+00       0.00000e+00
 148.9000000       0.00000e+00       0.00000e+00       0.00000e+00
 149.0000000       0.00000e+00       0.00000e+00       0.00000e+00
 149.1000000       0.00000e+00       0.00000e+00       0.00000e+00
 149.2000000       0.00000e+00       0.00000e+00       0.00000e+00
 149.3000000       0.00000e+00       0.00000e+00       0.00000e+00
 149.4000000       0.00000e+00       0.00000e+00       0.00000e+00
 149.5000000       0.00000e+00       0.00000e+00       0.00000e+00
 149.6000000       0.00000e+00       0.00000e+00       0.00000e+00
 149.7000000       0.00000e+00       0.00000e+00       0.00000e+00
 149.8000000       0.00000e+00       0.00000e+00       0.00000e+00
 149.9000000       0.00000e+00       0.00000e+00       0.00000e+00
 150.0000000       0.00000e+00       0.00000e+00       0.00000e+00
 150.1000000       0.00000e+00       0.00000e+00       0.00000e+00
 150.2000000       0.00000e+00       0.00000e+00       0.00000e+00
 150.3000000       0.00000e+00       0.00000e+00       0.00000e+00
 150.4000000       0.00000e+00       0.00000e+00       0.00000e+00
 150.5000000       0.00000e+00       0.00000e+00       0.00000e+00
 150.6000000       0.00000e+00       0.00000e+00       0.00000e+00
 150.7000000       0.00000e+00       0.00000e+00       0.00000e+00
 150.8000000       0.00000e+00       0.00000e+00       0.00000e+00
 150.9000000       0.00000e+00       0.00000e+00       0.00000e+00
 151.0000000       0.00000e+00       0.00000e+00       0.00000e+00
 151.1000000       0.00000e+00       0.00000e+00       0.00000e+00
 151.2000000       0.00000e+00       0.00000e+00       0.00000e+00
 151.3000000       0.00000e+00       0.00000e+00       0.00000e+00
 151.4000000       0.00000e+00       0.00000e+00       0.00000e+00
 151.5000000       0.00000e+00       0.00000e+00       0.00000e+00
 151.6000000       0.00000e+00       0.00000e+00       0.00000e+00
 151.7000000       0.00000e+00       0.00000e+00       0.00000e+00
 151.8000000       0.00000e+00       0.00000e+00       0.00000e+00
 151.9000000       0.00000e+00       0.00000e+00       0.00000e+00
 152.0000000       0.00000e+00       0.00000e+00       0.00000e+00
 152.1000000       0.00000e+00       0.00000e+00       0.00000e+00
 152.2000000       0.00000e+00       0.00000e+00       0.00000e+00
 152.3000000       0.00000e+00       0.00000e+00       0.00000e+00
 152.4000000       0.00000e+00       0.00000e+00       0.00000e+00
 152.5000000       0.00000e+00       0.00000e+00       0.00000e+00
 152.6000000       0.00000e+00       0.00000e+00       0.00000e+00
 152.7000000       0.00000e+00       0.00000e+00       0.00000e+00
 152.8000000       0.00000e+00       0.00000e+00       0.00000e+00
 152.9000000       0.00000e+00       0.00000e+00       0.00000e+00
 153.0000000       0.00000e+00       0.00000e+00       0.00000e+00
 153.1000000       0.00000e+00       0.00000e+00       0.00000e+00
 153.2000000       0.00000e+00       0.00000e+00       0.00000e+00
 153.3000000       0.00000e+00       0.00000e+00       0.00000e+00
 153.4000000       0.00000e+00       0.00000e+00       0.00000e+00
 153.5000000       0.00000e+00       0.00000e+00       0.00000e+00
 153.6000000       0.00000e+00       0.00000e+00       0.00000e+00
 153.7000000       0.00000e+00       0.00000e+00       0.00000e+00
 153.8000000       0.00000e+00       0.00000e+00       0.00000e+00
 153.9000000       0.00000e+00       0.00000e+00       0.00000e+00
 154.0000000       0.00000e+00       0.00000e+00       0.00000e+00
 154.1000000       0.00000e+00       0.00000e+00       0.00000e+00
 154.2000000       0.00000e+00       0.00000e+00       0.00000e+00
 154.3000000       0.00000e+00       0.00000e+00       0.00000e+00
 154.4000000       0.00000e+00       0.00000e+00       0.00000e+00
 154.5000000       0.00000e+00       0.00000e+00       0.00000e+00
 154.6000000       0.00000e+00       0.00000e+00       0.00000e+00
 154.7000000       0.00000e+00       0.00000e+00       0.00000e+00
 154.8000000       0.00000e+00       0.00000e+00       0.00000e+00
 154.9000000       0.00000e+00       0.00000e+00       0.00000e+00
 155.0000000       0.00000e+00       0.00000e+00       0.00000e+00
 155.1000000       0.00000e+00       0.00000e+00       0.00000e+00
 155.2000000       0.00000e+00       0.00000e+00       0.00000e+00
 155.3000000       0.00000e+00       0.00000e+00       0.00000e+00
 155.4000000       0.00000e+00       0.00000e+00       0.00000e+00
 155.5000000       0.00000e+00       0.00000e+00       0.00000e+00
 155.6000000       0.00000e+00       0.00000e+00       0.00000e+00
 155.7000000       0.00000e+00       0.00000e+00       0.00000e+00
 155.8000000       0.00000e+00       0.00000e+00       0.00000e+00
 155.9000000       0.00000e+00       0.00000e+00       0.00000e+00
 156.0000000       0.00000e+00       0.00000e+00       0.00000e+00
 156.1000000       0.00000e+00       0.00000e+00       0.00000e+00
 156.2000000       0.00000e+00       0.00000e+00       0.00000e+00
 156.3000000       0.00000e+00       0.00000e+00       0.00000e+00
 156.4000000       0.00000e+00       0.00000e+00       0.00000e+00
 156.5000000       0.00000e+00       0.00000e+00       0.00000e+00
 156.6000000       0.00000e+00       0.00000e+00       0.00000e+00
 156.7000000       0.00000e+00       0.00000e+00       0.00000e+00
 156.8000000       0.00000e+00       0.00000e+00       0.00000e+00
 156.9000000       0.00000e+00       0.00000e+00       0.00000e+00
 157.0000000       0.00000e+00       0.00000e+00       0.00000e+00
 157.1000000       0.00000e+00       0.00000e+00       0.00000e+00
 157.2000000       0.00000e+00       0.00000e+00       0.00000e+00
 157.3000000       0.00000e+00       0.00000e+00       0.00000e+00
 157.4000000       0.00000e+00       0.00000e+00       0.00000e+00
 157.5000000       0.00000e+00       0.00000e+00       0.00000e+00
 157.6000000       0.00000e+00       0.00000e+00       0.00000e+00
 157.7000000       0.00000e+00       0.00000e+00       0.00000e+00
 157.8000000       0.00000e+00       0.00000e+00       0.00000e+00
 157.9000000       0.00000e+00       0.00000e+00       0.00000e+00
 158.0000000       0.00000e+00       0.00000e+00       0.00000e+00
 158.1000000       0.00000e+00       0.00000e+00       0.00000e+00
 158.2000000       0.00000e+00       0.00000e+00       0.00000e+00
 158.3000000       0.00000e+00       0.00000e+00       0.00000e+00
 158.4000000       0.00000e+00       0.00000e+00       0.00000e+00
 158.5000000       0.00000e+00       0.00000e+00       0.00000e+00
 158.6000000       0.00000e+00       0.00000e+00       0.00000e+00
 158.7000000       0.00000e+00       0.00000e+00       0.00000e+00
 158.8000000       0.00000e+00       0.00000e+00       0.00000e+00
 158.9000000       0.00000e+00       0.00000e+00       0.00000e+00
 159.0000000       0.00000e+00       0.00000e+00       0.00000e+00
 159.1000000       0.00000e+00       0.00000e+00       0.00000e+00
 159.2000000       0.00000e+00       0.00000e+00       0.00000e+00
 159.3000000       0.00000e+00       0.00000e+00       0.00000e+00
 159.4000000       0.00000e+00       0.00000e+00       0.00000e+00
 159.5000000       0.00000e+00       0.00000e+00       0.00000e+00
 159.6000000       0.00000e+00       0.00000e+00       0.00000e+00
 159.7000000       0.00000e+00       0.00000e+00       0.00000e+00
 159.8000000       0.00000e+00       0.00000e+00       0.00000e+00
 159.9000000       0.00000e+00       0.00000e+00       0.00000e+00
 160.0000000       0.00000e+00       0.00000e+00       0.00000e+00
 160.1000000       0.00000e+00       0.00000e+00       0.00000e+00
 160.2000000       0.00000e+00       0.00000e+00       0.00000e+00
 160.3000000       0.00000e+00       0.00000e+00       0.00000e+00
 160.4000000       0.00000e+00       0.00000e+00       0.00000e+00
 160.5000000       0.00000e+00       0.00000e+00       0.00000e+00
 160.6000000       0.00000e+00       0.00000e+00       0.00000e+00
 160.7000000       0.00000e+00       0.00000e+00       0.00000e+00
 160.8000000       0.00000e+00       0.00000e+00       0.00000e+00
 160.9000000       0.00000e+00       0.00000e+00       0.00000e+00
 161.0000000       0.00000e+00       0.00000e+00       0.00000e+00
 161.1000000       0.00000e+00       0.00000e+00       0.00000e+00
 161.2000000       0.00000e+00       0.00000e+00       0.00000e+00
 161.3000000       0.00000e+00       0.00000e+00       0.00000e+00
 161.4000000       0.00000e+00       0.00000e+00       0.00000e+00
 161.5000000       0.00000e+00       0.00000e+00       0.00000e+00
 161.6000000       0.00000e+00       0.00000e+00       0.00000e+00
 161.7000000       0.00000e+00       0.00000e+00       0.00000e+00
 161.8000000       0.00000e+00       0.00000e+00       0.00000e+00
 161.9000000       0.00000e+00       0.00000e+00       0.00000e+00
 162.0000000       0.00000e+00       0.00000e+00       0.00000e+00
 162.1000000       0.00000e+00       0.00000e+00       0.00000e+00
 162.2000000       0.00000e+00       0.00000e+00       0.00000e+00
 162.3000000       0.00000e+00       0.00000e+00       0.00000e+00
 162.4000000       0.00000e+00       0.00000e+00       0.00000e+00
 162.5000000       0.00000e+00       0.00000e+00       0.00000e+00
 162.6000000       0.00000e+00       0.00000e+00       0.00000e+00
 162.7000000       0.00000e+00       0.00000e+00       0.00000e+00
 162.8000000       0.00000e+00       0.00000e+00       0.00000e+00
 162.9000000       0.00000e+00       0.00000e+00       0.00000e+00
 163.0000000       0.00000e+00       0.00000e+00       0.00000e+00
 163.1000000       0.00000e+00       0.00000e+00       0.00000e+00
 163.2000000       0.00000e+00       0.00000e+00       0.00000e+00
 163.3000000       0.00000e+00       0.00000e+00       0.00000e+00
 163.4000000       0.00000e+00       0.00000e+00       0.00000e+00
 163.5000000       0.00000e+00       0.00000e+00       0.00000e+00
 163.6000000       0.00000e+00       0.00000e+00       0.00000e+00
 163.7000000       0.00000e+00       0.00000e+00       0.00000e+00
 163.8000000       0.00000e+00       0.00000e+00       0.00000e+00
 163.9000000       0.00000e+00       0.00000e+00       0.00000e+00
 164.0000000       0.00000e+00       0.00000e+00       0.00000e+00
 164.1000000       0.00000e+00       0.00000e+00       0.00000e+00
 164.2000000       0.00000e+00       0.00000e+00       0.00000e+00
 164.3000000       0.00000e+00       0.00000e+00       0.00000e+00
 164.4000000       0.00000e+00       0.00000e+00       0.00000e+00
 164.5000000       0.00000e+00       0.00000e+00       0.00000e+00
 164.6000000       0.00000e+00       0.00000e+00       0.00000e+00
 164.7000000       0.00000e+00       0.00000e+00       0.00000e+00
 164.8000000       0.00000e+00       0.00000e+00       0.00000e+00
 164.9000000       0.00000e+00       0.00000e+00       0.00000e+00
 165.0000000       0.00000e+00       0.00000e+00       0.00000e+00
 165.1000000       0.00000e+00       0.00000e+00       0.00000e+00
 165.2000000       0.00000e+00       0.00000e+00       0.00000e+00
 165.3000000       0.00000e+00       0.00000e+00       0.00000e+00
 165.4000000       0.00000e+00       0.00000e+00       0.00000e+00
 165.5000000       0.00000e+00       0.00000e+00       0.00000e+00
 165.6000000       0.00000e+00       0.00000e+00       0.00000e+00
 165.7000000       0.00000e+00       0.00000e+00       0.00000e+00
 165.8000000       0.00000e+00       0.00000e+00       0.00000e+00
 165.9000000       0.00000e+00       0.00000e+00       0.00000e+00
 166.0000000       0.00000e+00       0.00000e+00       0.00000e+00
 166.1000000       0.00000e+00       0.00000e+00       0.00000e+00
 166.2000000       0.00000e+00       0.00000e+00       0.00000e+00
 166.3000000       0.00000e+00       0.00000e+00       0.00000e+00
 166.4000000       0.00000e+00       0.00000e+00       0.00000e+00
 166.5000000       0.00000e+00       0.00000e+00       0.00000e+00
 166.6000000       0.00000e+00       0.00000e+00       0.00000e+00
 166.7000000       0.00000e+00       0.00000e+00       0.00000e+00
 166.8000000       0.00000e+00       0.00000e+00       0.00000e+00
 166.9000000       0.00000e+00       0.00000e+00       0.00000e+00
 167.0000000       0.00000e+00       0.00000e+00       0.00000e+00
 167.1000000       0.00000e+00       0.00000e+00       0.00000e+00
 167.2000000       0.00000e+00       0.00000e+00       0.00000e+00
 167.3000000       0.00000e+00       0.00000e+00       0.00000e+00
 167.4000000       0.00000e+00       0.00000e+00       0.00000e+00
 167.5000000       0.00000e+00       0.00000e+00       0.00000e+00
 167.6000000       0.00000e+00       0.00000e+00       0.00000e+00
 167.7000000       0.00000e+00       0.00000e+00       0.00000e+00
 167.8000000       0.00000e+00       0.00000e+00       0.00000e+00
 167.9000000       0.00000e+00       0.00000e+00       0.00000e+00
 168.0000000       0.00000e+00       0.00000e+00       0.00000e+00
 168.1000000       0.00000e+00       0.00000e+00       0.00000e+00
 168.2000000       0.00000e+00       0.00000e+00       0.00000e+00
 168.3000000       0.00000e+00       0.00000e+00       0.00000e+00
 168.4000000       0.00000e+00       0.00000e+00       0.00000e+00
 168.5000000       0.00000e+00       0.00000e+00       0.00000e+00
 168.6000000       0.00000e+00       0.00000e+00       0.00000e+00
 168.7000000       0.00000e+00       0.00000e+00       0.00000e+00
 168.8000000       0.00000e+00       0.00000e+00       0.00000e+00
 168.9000000       0.00000e+00       0.00000e+00       0.00000e+00
 169.0000000       0.00000e+00       0.00000e+00       0.00000e+00
 169.1000000       0.00000e+00       0.00000e+00       0.00000e+00
 169.2000000       0.00000e+00       0.00000e+00       0.00000e+00
 169.3000000       0.00000e+00       0.00000e+00       0.00000e+00
 169.4000000       0.00000e+00       0.00000e+00       0.00000e+00
 169.5000000       0.00000e+00       0.00000e+00       0.00000e+00
 169.6000000       0.00000e+00       0.00000e+00       0.00000e+00
 169.7000000       0.00000e+00       0.00000e+00       0.00000e+00
 169.8000000       0.00000e+00       0.00000e+00       0.00000e+00
 169.9000000       0.00000e+00       0.00000e+00       0.00000e+00
 170.0000000       0.00000e+00       0.00000e+00       0.00000e+00
 170.1000000       0.00000e+00       0.00000e+00       0.00000e+00
 170.2000000       0.00000e+00       0.00000e+00       0.00000e+00
 170.3000000       0.00000e+00       0.00000e+00       0.00000e+00
 170.4000000       0.00000e+00       0.00000e+00       0.00000e+00
 170.5000000       0.00000e+00       0.00000e+00       0.00000e+00
 170.6000000       0.00000e+00       0.00000e+00       0.00000e+00
 170.7000000       0.00000e+00       0.00000e+00       0.00000e+00
 170.8000000       0.00000e+00       0.00000e+00       0.00000e+00
 170.9000000       0.00000e+00       0.00000e+00       0.00000e+00
 171.0000000       0.00000e+00       0.00000e+00       0.00000e+00
 171.1000000       0.00000e+00       0.00000e+00       0.00000e+00
 171.2000000       0.00000e+00       0.00000e+00       0.00000e+00
 171.3000000       0.00000e+00       0.00000e+00       0.00000e+00
 171.4000000       0.00000e+00       0.00000e+00       0.00000e+00
 171.5000000       0.00000e+00       0.00000e+00       0.00000e+00
 171.6000000       0.00000e+00       0.00000e+00       0.00000e+00
 171.7000000       0.00000e+00       0.00000e+00       0.00000e+00
 171.8000000       0.00000e+00       0.00000e+00       0.00000e+00
 171.9000000       0.00000e+00       0.00000e+00       0.00000e+00
 172.0000000       0.00000e+00       0.00000e+00       0.00000e+00
 172.1000000       0.00000e+00       0.00000e+00       0.00000e+00
 172.2000000       0.00000e+00       0.00000e+00       0.00000e+00
 172.3000000       0.00000e+00       0.00000e+00       0.00000e+00
 172.4000000       0.00000e+00       0.00000e+00       0.00000e+00
 172.5000000       0.00000e+00       0.00000e+00       0.00000e+00
 172.6000000       0.00000e+00       0.00000e+00       0.00000e+00
 172.7000000       0.00000e+00       0.00000e+00       0.00000e+00
 172.8000000       0.00000e+00       0.00000e+00       0.00000e+00
 172.9000000       0.00000e+00       0.00000e+00       0.00000e+00
 173.0000000       0.00000e+00       0.00000e+00       0.00000e+00
 173.1000000       0.00000e+00       0.00000e+00       0.00000e+00
 173.2000000       0.00000e+00       0.00000e+00       0.00000e+00
 173.3000000       0.00000e+00       0.00000e+00       0.00000e+00
 173.4000000       0.00000e+00       0.00000e+00       0.00000e+00
 173.5000000       0.00000e+00       0.00000e+00       0.00000e+00
 173.6000000       0.00000e+00       0.00000e+00       0.00000e+00
 173.7000000       0.00000e+00       0.00000e+00       0.00000e+00
 173.8000000       0.00000e+00       0.00000e+00       0.00000e+00
 173.9000000       0.00000e+00       0.00000e+00       0.00000e+00
 174.0000000       0.00000e+00       0.00000e+00       0.00000e+00
 174.1000000       0.00000e+00       0.00000e+00       0.00000e+00
 174.2000000       0.00000e+00       0.00000e+00       0.00000e+00
 174.3000000       0.00000e+00       0.00000e+00       0.00000e+00
 174.4000000       0.00000e+00       0.00000e+00       0.00000e+00
 174.5000000       0.00000e+00       0.00000e+00       0.00000e+00
 174.6000000       0.00000e+00       0.00000e+00       0.00000e+00
 174.7000000       0.00000e+00       0.00000e+00       0.00000e+00
 174.8000000       0.00000e+00       0.00000e+00       0.00000e+00
 174.9000000       0.00000e+00       0.00000e+00       0.00000e+00
 175.0000000       0.00000e+00       0.00000e+00       0.00000e+00
 175.1000000       0.00000e+00       0.00000e+00       0.00000e+00
 175.2000000       0.00000e+00       0.00000e+00       0.00000e+00
 175.3000000       0.00000e+00       0.00000e+00       0.00000e+00
 175.4000000       0.00000e+00       0.00000e+00       0.00000e+00
 175.5000000       0.00000e+00       0.00000e+00       0.00000e+00
 175.6000000       0.00000e+00       0.00000e+00       0.00000e+00
 175.7000000       0.00000e+00       0.00000e+00       0.00000e+00
 175.8000000       0.00000e+00       0.00000e+00       0.00000e+00
 175.9000000       0.00000e+00       0.00000e+00       0.00000e+00
 176.0000000       0.00000e+00       0.00000e+00       0.00000e+00
 176.1000000       0.00000e+00       0.00000e+00       0.00000e+00
 176.2000000       0.00000e+00       0.00000e+00       0.00000e+00
 176.3000000       0.00000e+00       0.00000e+00       0.00000e+00
 176.4000000       0.00000e+00       0.00000e+00       0.00000e+00
 176.5000000       0.00000e+00       0.00000e+00       0.00000e+00
 176.6000000       0.00000e+00       0.00000e+00       0.00000e+00
 176.7000000       0.00000e+00       0.00000e+00       0.00000e+00
 176.8000000       0.00000e+00       0.00000e+00       0.00000e+00
 176.9000000       0.00000e+00       0.00000e+00       0.00000e+00
 177.0000000       0.00000e+00       0.00000e+00       0.00000e+00
 177.1000000       0.00000e+00       0.00000e+00       0.00000e+00
 177.2000000       0.00000e+00       0.00000e+00       0.00000e+00
 177.3000000       0.00000e+00       0.00000e+00       0.00000e+00
 177.4000000       0.00000e+00       0.00000e+00       0.00000e+00
 177.5000000       0.00000e+00       0.00000e+00       0.00000e+00
 177.6000000       0.00000e+00       0.00000e+00       0.00000e+00
 177.7000000       0.00000e+00       0.00000e+00       0.00000e+00
 177.8000000       0.00000e+00       0.00000e+00       0.00000e+00
 177.9000000       0.00000e+00       0.00000e+00       0.00000e+00
 178.0000000       0.00000e+00       0.00000e+00       0.00000e+00
 178.1000000       0.00000e+00       0.00000e+00       0.00000e+00
 178.2000000       0.00000e+00       0.00000e+00       0.00000e+00
 178.3000000       0.00000e+00       0.00000e+00       0.00000e+00
 178.4000000       0.00000e+00       0.00000e+00       0.00000e+00
 178.5000000       0.00000e+00       0.00000e+00       0.00000e+00
 178.6000000       0.00000e+00       0.00000e+00       0.00000e+00
 178.7000000       0.00000e+00       0.00000e+00       0.00000e+00
 178.8000000       0.00000e+00       0.00000e+00       0.00000e+00
 178.9000000       0.00000e+00       0.00000e+00       0.00000e+00
 179.0000000       0.00000e+00       0.00000e+00       0.00000e+00
 179.1000000       0.00000e+00       0.00000e+00       0.00000e+00
 179.2000000       0.00000e+00       0.00000e+00       0.00000e+00
 179.3000000       0.00000e+00       0.00000e+00       0.00000e+00
 179.4000000       0.00000e+00       0.00000e+00       0.00000e+00
 179.5000000       0.00000e+00       0.00000e+00       0.00000e+00
 179.6000000       0.00000e+00       0.00000e+00       0.00000e+00
 179.7000000       0.00000e+00       0.00000e+00       0.00000e+00
 179.8000000       0.00000e+00       0.00000e+00       0.00000e+00
 179.9000000       0.00000e+00       0.00000e+00       0.00000e+00
 180.0000000       1.46729e-20       1.46729e-20       0.00000e+00
 180.1000000       1.17383e-19       1.17383e-19       0.00000e+00
 180.2000000       2.34767e-19       2.34767e-19       0.00000e+00
 180.3000000       3.52150e-19       3.52150e-19       0.00000e+00
 180.4000000       4.69533e-19       4.69533e-19       0.00000e+00
 180.5000000       5.86917e-19       5.86917e-19       0.00000e+00
 180.6000000       7.04300e-19       7.04300e-19       0.00000e+00
 180.7000000       8.21683e-19       8.21683e-19       0.00000e+00
 180.8000000       9.39067e-19       9.39067e-19       0.00000e+00
 180.9000000       1.05645e-18       1.05645e-18       0.00000e+00
 181.0000000       1.17383e-18       1.17383e-18       0.00000e+00
 181.1000000       1.29122e-18       1.29122e-18       0.00000e+00
 181.2000000       1.40860e-18       1.40860e-18       0.00000e+00
 181.3000000       1.52598e-18       1.52598e-18       0.00000e+00
 181.4000000       1.64337e-18       1.64337e-18       0.00000e+00
 181.5000000       1.76075e-18       1.76075e-18       0.00000e+00
 181.6000000       1.87813e-18       1.87813e-18       0.00000e+00
 181.7000000       1.99552e-18       1.99552e-18       0.00000e+00
 181.8000000       2.11290e-18       2.11290e-18       0.00000e+00
 181.9000000       2.23028e-18       2.23028e-18       0.00000e+00
 182.0000000       2.34767e-18       2.34767e-18       0.00000e+00
 182.1000000       2.46505e-18       2.46505e-18       0.00000e+00
 182.2000000       2.58243e-18       2.58243e-18       0.00000e+00
 182.3000000       2.69982e-18       2.69982e-18       0.00000e+00
 182.4000000       2.81720e-18       2.81720e-18       0.00000e+00
 182.5000000       2.93458e-18       2.93458e-18       0.00000e+00
 182.6000000       3.05197e-18       3.05197e-18       0.00000e+00
 182.7000000       3.16935e-18       3.16935e-18       0.00000e+00
 182.8000000       3.28673e-18       3.28673e-18       0.00000e+00
 182.9000000       3.40412e-18       3.40412e-18       0.00000e+00
 183.0000000       3.52150e-18       3.52150e-18       0.00000e+00
 183.1000000       3.63888e-18       3.63888e-18       0.00000e+00
 183.2000000       3.75627e-18       3.75627e-18       0.00000e+00
 183.3000000       3.87365e-18       3.87365e-18       0.00000e+00
 183.4000000       3.99103e-18       3.99103e-18       0.00000e+00
 183.5000000       4.10842e-18       4.10842e-18       0.00000e+00
 183.6000000       4.22580e-18       4.22580e-18       0.00000e+00
 183.7000000       4.34318e-18       4.34318e-18       0.00000e+00
 183.8000000       4.46057e-18       4.46057e-18       0.00000e+00
 183.9000000       4.57795e-18       4.57795e-18       0.00000e+00
 184.0000000       4.69533e-18       4.69533e-18       0.00000e+00
 184.1000000       4.81272e-18       4.81272e-18       0.00000e+00
 184.2000000       4.93010e-18       4.93010e-18       0.00000e+00
 184.3000000       5.04748e-18       5.04748e-18       0.00000e+00
 184.4000000       5.16487e-18       5.16487e-18       0.00000e+00
 184.5000000       5.28225e-18       5.28225e-18       0.00000e+00
 184.6000000       5.39963e-18       5.39963e-18       0.00000e+00
 184.7000000       5.51702e-18       5.51702e-18       0.00000e+00
 184.8000000       5.63440e-18       5.63440e-18       0.00000e+00
 184.9000000       5.75178e-18       5.75178e-18       0.00000e+00
 185.0000000       5.86917e-18       5.86917e-18       0.00000e+00
 185.1000000       5.98655e-18       5.98655e-18       0.00000e+00
 185.2000000       6.10393e-18       6.10393e-18       0.00000e+00
 185.3000000       6.22132e-18       6.22132e-18       0.00000e+00
 185.4000000       6.33870e-18       6.33870e-18       0.00000e+00
 185.5000000       6.45608e-18       6.45608e-18       0.00000e+00
 185.6000000       6.57347e-18       6.57347e-18       0.00000e+00
 185.7000000       6.69085e-18       6.69085e-18       0.00000e+00
 185.8000000       6.80823e-18       6.80823e-18       0.00000e+00
 185.9000000       6.92562e-18       6.92562e-18       0.00000e+00
 186.0000000       7.04300e-18       7.04300e-18       0.00000e+00
 186.1000000       7.16038e-18       7.16038e-18       0.00000e+00
 186.2000000       7.27777e-18       7.27777e-18       0.00000e+00
 186.3000000       7.39515e-18       7.39515e-18       0.00000e+00
 186.4000000       7.51253e-18       7.51253e-18       0.00000e+00
 186.5000000       7.62992e-18       7.62992e-18       0.00000e+00
 186.6000000       7.74730e-18       7.74730e-18       0.00000e+00
 186.7000000       7.86468e-18       7.86468e-18       0.00000e+00
 186.8000000       7.98207e-18       7.98207e-18       0.00000e+00
 186.9000000       8.09945e-18       8.09945e-18       0.00000e+00
 187.0000000       8.21683e-18       8.21683e-18       0.00000e+00
 187.1000000       8.33422e-18       8.33422e-18       0.00000e+00
 187.2000000       8.45160e-18       8.45160e-18       0.00000e+00
 187.3000000       8.56898e-18       8.56898e-18       0.00000e+00
 187.4000000       8.68637e-18       8.68637e-18       0.00000e+00
 187.5000000       8.80375e-18       8.80375e-18       0.00000e+00
 187.6000000       8.92113e-18       8.92113e-18       0.00000e+00
 187.7000000       9.03852e-18       9.03852e-18       0.00000e+00
 187.8000000       9.15590e-18       9.15590e-18       0.00000e+00
 187.9000000       9.27328e-18       9.27328e-18       0.00000e+00
 188.0000000       9.39067e-18       9.39067e-18       0.00000e+00
 188.1000000       9.50805e-18       9.50805e-18       0.00000e+00
 188.2000000       9.62543e-18       9.62543e-18       0.00000e+00
 188.3000000       9.74282e-18       9.74282e-18       0.00000e+00
 188.4000000       9.86020e-18       9.86020e-18       0.00000e+00
 188.5000000       9.97758e-18       9.97758e-18       0.00000e+00
 188.6000000       1.00950e-17       1.00950e-17       0.00000e+00
 188.7000000       1.02123e-17       1.02123e-17       0.00000e+00
 188.8000000       1.03297e-17       1.03297e-17       0.00000e+00
 188.9000000       1.04471e-17       1.04471e-17       0.00000e+00
 189.0000000       1.05645e-17       1.05645e-17       0.00000e+00
 189.1000000       1.06819e-17       1.06819e-17       0.00000e+00
 189.2000000       1.07993e-17       1.07993e-17       0.00000e+00
 189.3000000       1.09166e-17       1.09166e-17       0.00000e+00
 189.4000000       1.10340e-17       1.10340e-17       0.00000e+00
 189.5000000       1.11514e-17       1.11514e-17       0.00000e+00
 189.6000000       1.12688e-17       1.12688e-17       0.00000e+00
 189.7000000       1.13862e-17       1.13862e-17       0.00000e+00
 189.8000000       1.15036e-17       1.15036e-17       0.00000e+00
 189.9000000       1.16209e-17       1.16209e-17       0.00000e+00
 190.0000000       1.17383e-17       1.17383e-17       0.00000e+00
 190.1000000       1.18557e-17       1.18557e-17       0.00000e+00
 190.2000000       1.19731e-17       1.19731e-17       0.00000e+00
 190.3000000       1.20905e-17       1.20905e-17       0.00000e+00
 190.4000000       1.21982e-17       1.21982e-17       0.00000e+00
 190.5000000       1.00569e-17       1.00569e-17       0.00000e+00
 190.6000000       9.46975e-18       9.46975e-18       0.00000e+00
 190.7000000       8.89295e-18       8.89295e-18       0.00000e+00
 190.8000000       9.72613e-18       9.72613e-18       0.00000e+00
 190.9000000       1.13856e-17       1.13856e-17       0.00000e+00
 191.0000000       1.04155e-17       1.04155e-17       0.00000e+00
 191.1000000       8.56859e-18       8.56859e-18       0.00000e+00
 191.2000000       8.84688e-18       8.84688e-18       0.00000e+00
 191.3000000       1.14180e-17       1.14180e-17       0.00000e+00
 191.4000000       1.05297e-17       1.05297e-17       0.00000e+00
 191.5000000       1.01812e-17       1.01812e-17       0.00000e+00
 191.6000000       1.08158e-17       1.08158e-17       0.00000e+00
 191.7000000       1.13355e-17       1.13355e-17       0.00000e+00
 191.8000000       8.71646e-18       8.71646e-18       0.00000e+00
 191.9000000       9.95615e-18       9.95615e-18       0.00000e+00
 192.0000000       1.16655e-17       1.16655e-17       0.00000e+00
 192.1000000       1.11580e-17       1.11580e-17       0.00000e+00
 192.2000000       1.00067e-17       1.00067e-17       0.00000e+00
 192.3000000       8.63048e-18       8.63048e-18       0.00000e+00
 192.4000000       8.95700e-18       8.95700e-18       0.00000e+00
 192.5000000       9.70987e-18       9.70987e-18       0.00000e+00
 192.6000000       1.04576e-17       1.04576e-17       0.00000e+00
 192.7000000       9.61130e-18       9.61130e-18       0.00000e+00
 192.8000000       7.89294e-18       7.89294e-18       0.00000e+00
 192.9000000       8.84417e-18       8.84417e-18       0.00000e+00
 193.0000000       1.02390e-17       1.02390e-17       0.00000e+00
 193.1000000       1.16422e-17       1.16422e-17       0.00000e+00
 193.2000000       1.15956e-17       1.15956e-17       0.00000e+00
 193.3000000       9.93560e-18       9.93560e-18       0.00000e+00
 193.4000000       9.91966e-18       9.91966e-18       0.00000e+00
 193.5000000       1.29405e-17       1.29405e-17       0.00000e+00
 193.6000000       1.20349e-17       1.20349e-17       0.00000e+00
 193.7000000       1.07124e-17       1.07124e-17       0.00000e+00
 193.8000000       9.50201e-18       9.50201e-18       0.00000e+00
 193.9000000       9.95767e-18       9.95767e-18       0.00000e+00
 194.0000000       1.10280e-17       1.10280e-17       0.00000e+00
 194.1000000       1.25715e-17       1.25715e-17       0.00000e+00
 194.2000000       1.26570e-17       1.26570e-17       0.00000e+00
 194.3000000       1.21397e-17       1.21397e-17       0.00000e+00
 194.4000000       1.18224e-17       1.18224e-17       0.00000e+00
 194.5000000       1.11590e-17       1.11590e-17       0.00000e+00
 194.6000000       1.06247e-17       1.06247e-17       0.00000e+00
 194.7000000       1.27337e-17       1.27337e-17       0.00000e+00
 194.8000000       1.49243e-17       1.49243e-17       0.00000e+00
 194.9000000       1.32742e-17       1.32742e-17       0.00000e+00
 195.0000000       1.07867e-17       1.07867e-17       0.00000e+00
 195.1000000       8.42941e-18       8.42941e-18       0.00000e+00
 195.2000000       8.42199e-18       8.42199e-18       0.00000e+00
 195.3000000       9.13301e-18       9.13301e-18       0.00000e+00
 195.4000000       1.26537e-17       1.26537e-17       0.00000e+00
 195.5000000       1.30155e-17       1.30155e-17       0.00000e+00
 195.6000000       1.16717e-17       1.16717e-17       0.00000e+00
 195.7000000       1.08423e-17       1.08423e-17       0.00000e+00
 195.8000000       1.09735e-17       1.09735e-17       0.00000e+00
 195.9000000       1.11545e-17       1.11545e-17       0.00000e+00
 196.0000000       1.20254e-17       1.20254e-17       0.00000e+00
 196.1000000       1.44240e-17       1.44240e-17       0.00000e+00
 196.2000000       1.53592e-17       1.53592e-17       0.00000e+00
 196.3000000       1.52016e-17       1.52016e-17       0.00000e+00
 196.4000000       1.27813e-17       1.27813e-17       0.00000e+00
 196.5000000       1.02669e-17       1.02669e-17       0.00000e+00
 196.6000000       8.93396e-18       8.93396e-18       0.00000e+00
 196.7000000       1.00068e-17       1.00068e-17       0.00000e+00
 196.8000000       1.15419e-17       1.15419e-17       0.00000e+00
 196.9000000       1.26771e-17       1.26771e-17       0.00000e+00
 197.0000000       1.32291e-17       1.32291e-17       0.00000e+00
 197.1000000       1.25015e-17       1.25015e-17       0.00000e+00
 197.2000000       1.16676e-17       1.16676e-17       0.00000e+00
 197.3000000       1.46035e-17       1.46035e-17       0.00000e+00
 197.4000000       1.38610e-17       1.38610e-17       0.00000e+00
 197.5000000       9.53325e-18       9.53325e-18       0.00000e+00
 197.6000000       1.14685e-17       1.14685e-17       0.00000e+00
 197.7000000       1.47506e-17       1.47506e-17       0.00000e+00
 197.8000000       1.60487e-17       1.60487e-17       0.00000e+00
 197.9000000       1.42582e-17       1.42582e-17       0.00000e+00
 198.0000000       1.24803e-17       1.24803e-17       0.00000e+00
 198.1000000       1.12652e-17       1.12652e-17       0.00000e+00
 198.2000000       1.04935e-17       1.04935e-17       0.00000e+00
 198.3000000       1.04085e-17       1.04085e-17       0.00000e+00
 198.4000000       1.19432e-17       1.19432e-17       0.00000e+00
 198.5000000       1.46386e-17       1.46386e-17       0.00000e+00
 198.6000000       1.65853e-17       1.65853e-17       0.00000e+00
 198.7000000       1.58763e-17       1.58763e-17       0.00000e+00
 198.8000000       1.48506e-17       1.48506e-17       0.00000e+00
 198.9000000       1.41386e-17       1.41386e-17       0.00000e+00
 199.0000000       1.23695e-17       1.23695e-17       0.00000e+00
 199.1000000       1.13833e-17       1.13833e-17       0.00000e+00
 199.2000000       1.45504e-17       1.45504e-17       0.00000e+00
 199.3000000       1.47204e-17       1.47204e-17       0.00000e+00
 199.4000000       1.32126e-17       1.32126e-17       0.00000e+00
 199.5000000       1.22111e-17       1.22111e-17       0.00000e+00
 199.6000000       1.13986e-17       1.13986e-17       0.00000e+00
 199.7000000       1.22415e-17       1.22415e-17       0.00000e+00
 199.8000000       1.60975e-17       1.60975e-17       0.00000e+00
 199.9000000       2.02132e-17       2.02132e-17       0.00000e+00
 200.0000000       2.31011e-17       2.31011e-17       0.00000e+00
 200.1000000       1.87046e-17       1.87046e-17       0.00000e+00
 200.2000000       1.63377e-17       1.63377e-17       0.00000e+00
 200.3000000       1.47347e-17       1.47347e-17       0.00000e+00
 200.4000000       1.46089e-17       1.46089e-17       0.00000e+00
 200.5000000       1.68714e-17       1.68714e-17       0.00000e+00
 200.6000000       1.41459e-17       1.41459e-17       0.00000e+00
 200.7000000       1.20875e-17       1.20875e-17       0.00000e+00
 200.8000000       1.13611e-17       1.13611e-17       0.00000e+00
 200.9000000       1.09400e-17       1.09400e-17       0.00000e+00
 201.0000000       1.05415e-17       1.05415e-17       0.00000e+00
 201.1000000       1.01756e-17       1.01756e-17       0.00000e+00
 201.2000000       1.02278e-17       1.02278e-17       0.00000e+00
 201.3000000       1.19944e-17       1.19944e-17       0.00000e+00
 201.4000000       1.82580e-17       1.82580e-17       0.00000e+00
 201.5000000       2.33531e-17       2.33531e-17       0.00000e+00
 201.6000000       2.19517e-17       2.19517e-17       0.00000e+00
 201.7000000       1.99849e-17       1.99849e-17       0.00000e+00
 201.8000000       1.83539e-17       1.83539e-17       0.00000e+00
 201.9000000       1.66019e-17       1.66019e-17       0.00000e+00
 202.0000000       1.48499e-17       1.48499e-17       0.00000e+00
 202.1000000       1.58940e-17       1.58940e-17       0.00000e+00
 202.2000000       1.80796e-17       1.80796e-17       0.00000e+00
 202.3000000       1.19809e-17       1.19809e-17       0.00000e+00
 202.4000000       1.02494e-17       1.02494e-17       0.00000e+00
 202.5000000       9.69078e-18       9.69078e-18       0.00000e+00
 202.6000000       9.05637e-18       9.05637e-18       0.00000e+00
 202.7000000       8.96560e-18       8.96560e-18       0.00000e+00
 202.8000000       8.90338e-18       8.90338e-18       0.00000e+00
 202.9000000       8.70853e-18       8.70853e-18       0.00000e+00
 203.0000000       7.99176e-18       7.99176e-18       0.00000e+00
 203.1000000       8.00469e-18       8.00469e-18       0.00000e+00
 203.2000000       9.55773e-18       9.55773e-18       0.00000e+00
 203.3000000       1.35468e-17       1.35468e-17       0.00000e+00
 203.4000000       2.27700e-17       2.27700e-17       0.00000e+00
 203.5000000       2.69966e-17       2.69966e-17       0.00000e+00
 203.6000000       2.97041e-17       2.97041e-17       0.00000e+00
 203.7000000       2.17595e-17       2.17595e-17       0.00000e+00
 203.8000000       1.78829e-17       1.78829e-17       0.00000e+00
 203.9000000       1.43600e-17       1.43600e-17       0.00000e+00
 204.0000000       1.22058e-17       1.22058e-17       0.00000e+00
 204.1000000       1.00524e-17       1.00524e-17       0.00000e+00
 204.2000000       8.47798e-18       8.47798e-18       0.00000e+00
 204.3000000       7.81051e-18       7.81051e-18       0.00000e+00
 204.4000000       7.43267e-18       7.43267e-18       0.00000e+00
 204.5000000       7.70900e-18       7.70900e-18       0.00000e+00
 204.6000000       7.39739e-18       7.39739e-18       0.00000e+00
 204.7000000       6.94148e-18       6.94148e-18       0.00000e+00
 204.8000000       6.55637e-18       6.55637e-18       0.00000e+00
 204.9000000       6.42700e-18       6.42700e-18       0.00000e+00
 205.0000000       6.34857e-18       6.34857e-18       0.00000e+00
 205.1000000       5.93809e-18       5.93809e-18       0.00000e+00
 205.2000000       9.05059e-18       9.05059e-18       0.00000e+00
 205.3000000       1.46477e-17       1.46477e-17       0.00000e+00
 205.4000000       2.02468e-17       2.02468e-17       0.00000e+00
 205.5000000       2.20871e-17       2.20871e-17       0.00000e+00
 205.6000000       1.89661e-17       1.89661e-17       0.00000e+00
 205.7000000       1.54312e-17       1.54312e-17       0.00000e+00
 205.8000000       1.19356e-17       1.19356e-17       0.00000e+00
 205.9000000       1.03822e-17       1.03822e-17       0.00000e+00
 206.0000000       9.00470e-18       9.00470e-18       0.00000e+00
 206.1000000       7.46877e-18       7.46877e-18       0.00000e+00
 206.2000000       5.98587e-18       5.98587e-18       0.00000e+00
 206.3000000       5.21029e-18       5.21029e-18       0.00000e+00
 206.4000000       4.58295e-18       4.58295e-18       0.00000e+00
 206.5000000       4.52679e-18       4.52679e-18       0.00000e+00
 206.6000000       5.60448e-18       5.60448e-18       0.00000e+00
 206.7000000       7.44190e-18       7.44190e-18       0.00000e+00
 206.8000000       7.48324e-18       7.48324e-18       0.00000e+00
 206.9000000       5.95742e-18       5.95742e-18       0.00000e+00
 207.0000000       4.86477e-18       4.86477e-18       0.00000e+00
 207.1000000       4.09219e-18       4.09219e-18       0.00000e+00
 207.2000000       4.24216e-18       4.24216e-18       0.00000e+00
 207.3000000       4.83765e-18       4.83765e-18       0.00000e+00
 207.4000000       7.96024e-18       7.96024e-18       0.00000e+00
 207.5000000       1.58478e-17       1.58478e-17       0.00000e+00
 207.6000000       1.87711e-17       1.87711e-17       0.00000e+00
 207.7000000       1.65494e-17       1.65494e-17       0.00000e+00
 207.8000000       1.36529e-17       1.36529e-17       0.00000e+00
 207.9000000       1.10497e-17       1.10497e-17       0.00000e+00
 208.0000000       9.50614e-18       9.50614e-18       0.00000e+00
 208.1000000       8.41439e-18       8.41439e-18       0.00000e+00
 208.2000000       7.78116e-18       7.78116e-18       0.00000e+00
 208.3000000       8.05391e-18       8.05391e-18       0.00000e+00
 208.4000000       8.21503e-18       8.21503e-18       0.00000e+00
 208.5000000       6.72140e-18       6.72140e-18       0.00000e+00
 208.6000000       5.18115e-18       5.18115e-18       0.00000e+00
 208.7000000       4.76496e-18       4.76496e-18       0.00000e+00
 208.8000000       4.50633e-18       4.50633e-18       0.00000e+00
 208.9000000       4.40519e-18       4.40519e-18       0.00000e+00
 209.0000000       3.64101e-18       3.64101e-18       0.00000e+00
 209.1000000       3.32557e-18       3.32557e-18       0.00000e+00
 209.2000000       3.30355e-18       3.30355e-18       0.00000e+00
 209.3000000       3.04504e-18       3.04504e-18       0.00000e+00
 209.4000000       2.68033e-18       2.68033e-18       0.00000e+00
 209.5000000       3.34772e-18       3.34772e-18       0.00000e+00
 209.6000000       5.11194e-18       5.11194e-18       0.00000e+00
 209.7000000       1.25345e-17       1.25345e-17       0.00000e+00
 209.8000000       1.58854e-17       1.58854e-17       0.00000e+00
 209.9000000       1.48552e-17       1.48552e-17       0.00000e+00
 210.0000000       1.36597e-17       1.36597e-17       0.00000e+00
 210.1000000       1.27146e-17       1.27146e-17       0.00000e+00
 210.2000000       1.16168e-17       1.16168e-17       0.00000e+00
 210.3000000       7.13209e-18       7.13209e-18       0.00000e+00
 210.4000000       4.95576e-18       4.95576e-18       0.00000e+00
 210.5000000       4.99411e-18       4.99411e-18       0.00000e+00
 210.6000000       4.57991e-18       4.57991e-18       0.00000e+00
 210.7000000       4.14190e-18       4.14190e-18       0.00000e+00
 210.8000000       3.72427e-18       3.72427e-18       0.00000e+00
 210.9000000       2.99790e-18       2.99790e-18       0.00000e+00
 211.0000000       2.33657e-18       2.33657e-18       0.00000e+00
 211.1000000       1.94479e-18       1.94479e-18       0.00000e+00
 211.2000000       1.89495e-18       1.89495e-18       0.00000e+00
 211.3000000       1.94044e-18       1.94044e-18       0.00000e+00
 211.4000000       2.00788e-18       2.00788e-18       0.00000e+00
 211.5000000       2.49078e-18       2.49078e-18       0.00000e+00
 211.6000000       3.80394e-18       3.80394e-18       0.00000e+00
 211.7000000       4.88868e-18       4.88868e-18       0.00000e+00
 211.8000000       4.55770e-18       4.55770e-18       0.00000e+00
 211.9000000       3.77411e-18       3.77411e-18       0.00000e+00
 212.0000000       7.74726e-18       7.74726e-18       0.00000e+00
 212.1000000       1.45109e-17       1.45109e-17       0.00000e+00
 212.2000000       1.20390e-17       1.20390e-17       0.00000e+00
 212.3000000       1.14514e-17       1.14514e-17       0.00000e+00
 212.4000000       9.18535e-18       9.18535e-18       0.00000e+00
 212.5000000       7.63846e-18       7.63846e-18       0.00000e+00
 212.6000000       6.58030e-18       6.58030e-18       0.00000e+00
 212.7000000       5.49028e-18       5.49028e-18       0.00000e+00
 212.8000000       4.49232e-18       4.49232e-18       0.00000e+00
 212.9000000       3.57528e-18       3.57528e-18       0.00000e+00
 213.0000000       3.18730e-18       3.18730e-18       0.00000e+00
 213.1000000       2.95139e-18       2.95139e-18       0.00000e+00
 213.2000000       2.86037e-18       2.86037e-18       0.00000e+00
 213.3000000       2.82971e-18       2.82971e-18       0.00000e+00
 213.4000000       3.20076e-18       3.20076e-18       0.00000e+00
 213.5000000       3.51042e-18       3.51042e-18       0.00000e+00
 213.6000000       3.01564e-18       3.01564e-18       0.00000e+00
 213.7000000       2.23860e-18       2.23860e-18       0.00000e+00
 213.8000000       1.25392e-18       1.25392e-18       0.00000e+00
 213.9000000       9.54379e-19       9.54379e-19       0.00000e+00
 214.0000000       1.21725e-18       1.21725e-18       0.00000e+00
 214.1000000       1.85561e-18       1.85561e-18       0.00000e+00
 214.2000000       3.86607e-18       3.86607e-18       0.00000e+00
 214.3000000       6.27552e-18       6.27552e-18       0.00000e+00
 214.4000000       8.68497e-18       8.68497e-18       0.00000e+00
 214.5000000       1.09614e-17       1.09614e-17       0.00000e+00
 214.6000000       1.05958e-17       1.05958e-17       0.00000e+00
 214.7000000       9.04851e-18       9.04851e-18       0.00000e+00
 214.8000000       6.94858e-18       6.94858e-18       0.00000e+00
 214.9000000       5.72973e-18       5.72973e-18       0.00000e+00
 215.0000000       4.88384e-18       4.88384e-18       0.00000e+00
 215.1000000       4.81612e-18       4.81612e-18       0.00000e+00
 215.2000000       4.05589e-18       4.05589e-18       0.00000e+00
 215.3000000       3.24998e-18       3.24998e-18       0.00000e+00
 215.4000000       2.72088e-18       2.72088e-18       0.00000e+00
 215.5000000       2.19635e-18       2.19635e-18       0.00000e+00
 215.6000000       2.07877e-18       2.07877e-18       0.00000e+00
 215.7000000       1.95163e-18       1.95163e-18       0.00000e+00
 215.8000000       1.54453e-18       1.54453e-18       0.00000e+00
 215.9000000       1.02402e-18       1.02402e-18       0.00000e+00
 216.0000000       7.17671e-19       7.17671e-19       0.00000e+00
 216.1000000       7.41536e-19       7.41536e-19       0.00000e+00
 216.2000000       7.72005e-19       7.72005e-19       0.00000e+00
 216.3000000       9.28996e-19       9.28996e-19       0.00000e+00
 216.4000000       1.18546e-18       1.18546e-18       0.00000e+00
 216.5000000       1.07431e-18       1.07431e-18       0.00000e+00
 216.6000000       8.49406e-19       8.49406e-19       0.00000e+00
 216.7000000       7.77570e-19       7.77570e-19       0.00000e+00
 216.8000000       1.05829e-18       1.05829e-18       0.00000e+00
 216.9000000       3.44449e-18       3.44449e-18       0.00000e+00
 217.0000000       6.34284e-18       6.34284e-18       0.00000e+00
 217.1000000       8.52637e-18       8.52637e-18       0.00000e+00
 217.2000000       7.95025e-18       7.95025e-18       0.00000e+00
 217.3000000       6.51473e-18       6.51473e-18       0.00000e+00
 217.4000000       4.98672e-18       4.98672e-18       0.00000e+00
 217.5000000       4.08308e-18       4.08308e-18       0.00000e+00
 217.6000000       3.58859e-18       3.58859e-18       0.00000e+00
 217.7000000       2.92003e-18       2.92003e-18       0.00000e+00
 217.8000000       2.22569e-18       2.22569e-18       0.00000e+00
 217.9000000       1.71736e-18       1.71736e-18       0.00000e+00
 218.0000000       1.47062e-18       1.47062e-18       0.00000e+00
 218.1000000       1.24588e-18       1.24588e-18       0.00000e+00
 218.2000000       9.68683e-19       9.68683e-19       0.00000e+00
 218.3000000       9.27201e-19       9.27201e-19       0.00000e+00
 218.4000000       8.83597e-19       8.83597e-19       0.00000e+00
 218.5000000       7.55314e-19       7.55314e-19       0.00000e+00
 218.6000000       8.03218e-19       8.03218e-19       0.00000e+00
 218.7000000       9.61449e-19       9.61449e-19       0.00000e+00
 218.8000000       1.12038e-18       1.12038e-18       0.00000e+00
 218.9000000       1.16986e-18       1.16986e-18       0.00000e+00
 219.0000000       9.42735e-19       9.42735e-19       0.00000e+00
 219.1000000       8.26449e-19       8.26449e-19       0.00000e+00
 219.2000000       8.05340e-19       8.05340e-19       0.00000e+00
 219.3000000       7.32602e-19       7.32602e-19       0.00000e+00
 219.4000000       6.66715e-19       6.66715e-19       0.00000e+00
 219.5000000       1.80300e-18       1.80300e-18       0.00000e+00
 219.6000000       3.41055e-18       3.41055e-18       0.00000e+00
 219.7000000       5.34096e-18       5.34096e-18       0.00000e+00
 219.8000000       5.75797e-18       5.75797e-18       0.00000e+00
 219.9000000       5.17456e-18       5.17456e-18       0.00000e+00
 220.0000000       4.37225e-18       4.37225e-18       0.00000e+00
 220.1000000       3.66864e-18       3.66864e-18       0.00000e+00
 220.2000000       2.96637e-18       2.96637e-18       0.00000e+00
 220.3000000       2.43091e-18       2.43091e-18       0.00000e+00
 220.4000000       2.06369e-18       2.06369e-18       0.00000e+00
 220.5000000       2.26390e-18       2.26390e-18       0.00000e+00
 220.6000000       2.21110e-18       2.21110e-18       0.00000e+00
 220.7000000       1.49060e-18       1.49060e-18       0.00000e+00
 220.8000000       1.33378e-18       1.33378e-18       0.00000e+00
 220.9000000       1.25394e-18       1.25394e-18       0.00000e+00
 221.0000000       1.17422e-18       1.17422e-18       0.00000e+00
 221.1000000       1.09730e-18       1.09730e-18       0.00000e+00
 221.2000000       1.02152e-18       1.02152e-18       0.00000e+00
 221.3000000       9.45726e-19       9.45726e-19       0.00000e+00
 221.4000000       8.69752e-19       8.69752e-19       0.00000e+00
 221.5000000       7.93714e-19       7.93714e-19       0.00000e+00
 221.6000000       7.22611e-19       7.22611e-19       0.00000e+00
 221.7000000       7.07127e-19       7.07127e-19       0.00000e+00
 221.8000000       7.07713e-19       7.07713e-19       0.00000e+00
 221.9000000       7.18735e-19       7.18735e-19       0.00000e+00
 222.0000000       7.34025e-19       7.34025e-19       0.00000e+00
 222.1000000       7.90805e-19       7.90805e-19       0.00000e+00
 222.2000000       1.46037e-18       1.46037e-18       0.00000e+00
 222.3000000       2.30680e-18       2.30680e-18       0.00000e+00
 222.4000000       3.59352e-18       3.59352e-18       0.00000e+00
 222.5000000       4.48592e-18       4.48592e-18       0.00000e+00
 222.6000000       3.98380e-18       3.98380e-18       0.00000e+00
 222.7000000       3.32616e-18       3.32616e-18       0.00000e+00
 222.8000000       2.71654e-18       2.71654e-18       0.00000e+00
 222.9000000       2.05989e-18       2.05989e-18       0.00000e+00
 223.0000000       1.34757e-18       1.34757e-18       0.00000e+00
 223.1000000       1.21242e-18       1.21242e-18       0.00000e+00
 223.2000000       1.08767e-18       1.08767e-18       0.00000e+00
 223.3000000       9.56517e-19       9.56517e-19       0.00000e+00
 223.4000000       8.57933e-19       8.57933e-19       0.00000e+00
 223.5000000       8.78380e-19       8.78380e-19       0.00000e+00
 223.6000000       9.08849e-19       9.08849e-19       0.00000e+00
 223.7000000       9.24443e-19       9.24443e-19       0.00000e+00
 223.8000000       8.96930e-19       8.96930e-19       0.00000e+00
 223.9000000       8.66686e-19       8.66686e-19       0.00000e+00
 224.0000000       8.52430e-19       8.52430e-19       0.00000e+00
 224.1000000       8.76339e-19       8.76339e-19       0.00000e+00
 224.2000000       6.17136e-19       6.17136e-19       0.00000e+00
 224.3000000       1.71629e-19       1.71629e-19       0.00000e+00
 224.4000000       9.52419e-20       9.52419e-20       0.00000e+00
 224.5000000       1.08641e-19       1.08641e-19       0.00000e+00
 224.6000000       1.22063e-19       1.22063e-19       0.00000e+00
 224.7000000       1.62977e-19       1.62977e-19       0.00000e+00
 224.8000000       2.28337e-19       2.28337e-19       0.00000e+00
 224.9000000       2.93696e-19       2.93696e-19       0.00000e+00
 225.0000000       3.59056e-19       3.59056e-19       0.00000e+00
 225.1000000       4.24415e-19       4.24415e-19       0.00000e+00
 225.2000000       6.71619e-19       6.71619e-19       0.00000e+00
 225.3000000       1.86287e-18       1.86287e-18       0.00000e+00
 225.4000000       2.31125e-18       2.31125e-18       0.00000e+00
 225.5000000       2.00609e-18       2.00609e-18       0.00000e+00
 225.6000000       1.62298e-18       1.62298e-18       0.00000e+00
 225.7000000       1.57472e-18       1.57472e-18       0.00000e+00
 225.8000000       1.36497e-18       1.36497e-18       0.00000e+00
 225.9000000       1.00198e-18       1.00198e-18       0.00000e+00
 226.0000000       6.95527e-19       6.95527e-19       0.00000e+00
 226.1000000       4.61948e-19       4.61948e-19       0.00000e+00
 226.2000000       3.78270e-19       3.78270e-19       0.00000e+00
 226.3000000       3.51809e-19       3.51809e-19       0.00000e+00
 226.4000000       3.25347e-19       3.25347e-19       0.00000e+00
 226.5000000       3.02480e-19       3.02480e-19       0.00000e+00
 226.6000000       2.84849e-19       2.84849e-19       0.00000e+00
 226.7000000       2.75723e-19       2.75723e-19       0.00000e+00
 226.8000000       3.57198e-19       3.57198e-19       0.00000e+00
 226.9000000       4.63200e-19       4.63200e-19       0.00000e+00
 227.0000000       5.63276e-19       5.63276e-19       0.00000e+00
 227.1000000       6.11054e-19       6.11054e-19       0.00000e+00
 227.2000000       6.46562e-19       6.46562e-19       0.00000e+00
 227.3000000       6.47806e-19       6.47806e-19       0.00000e+00
 227.4000000       5.95461e-19       5.95461e-19       0.00000e+00
 227.5000000       5.65166e-19       5.65166e-19       0.00000e+00
 227.6000000       8.03190e-19       8.03190e-19       0.00000e+00
 227.7000000       9.13108e-19       9.13108e-19       0.00000e+00
 227.8000000       8.70778e-19       8.70778e-19       0.00000e+00
 227.9000000       8.06619e-19       8.06619e-19       0.00000e+00
 228.0000000       7.17910e-19       7.17910e-19       0.00000e+00
 228.1000000       6.70052e-19       6.70052e-19       0.00000e+00
 228.2000000       9.22835e-19       9.22835e-19       0.00000e+00
 228.3000000       1.18771e-18       1.18771e-18       0.00000e+00
 228.4000000       1.38653e-18       1.38653e-18       0.00000e+00
 228.5000000       1.32668e-18       1.32668e-18       0.00000e+00
 228.6000000       1.22018e-18       1.22018e-18       0.00000e+00
 228.7000000       1.08912e-18       1.08912e-18       0.00000e+00
 228.8000000       9.29360e-19       9.29360e-19       0.00000e+00
 228.9000000       7.81179e-19       7.81179e-19       0.00000e+00
 229.0000000       7.22607e-19       7.22607e-19       0.00000e+00
 229.1000000       6.82858e-19       6.82858e-19       0.00000e+00
 229.2000000       6.43272e-19       6.43272e-19       0.00000e+00
 229.3000000       6.41184e-19       6.41184e-19       0.00000e+00
 229.4000000       6.67790e-19       6.67790e-19       0.00000e+00
 229.5000000       6.94397e-19       6.94397e-19       0.00000e+00
 229.6000000       7.55109e-19       7.55109e-19       0.00000e+00
 229.7000000       9.18102e-19       9.18102e-19       0.00000e+00
 229.8000000       1.06656e-18       1.06656e-18       0.00000e+00
 229.9000000       1.12035e-18       1.12035e-18       0.00000e+00
 230.0000000       1.14409e-18       1.14409e-18       0.00000e+00
 230.1000000       1.04020e-18       1.04020e-18       0.00000e+00
 230.2000000       9.17900e-19       9.17900e-19       0.00000e+00
 230.3000000       8.54745e-19       8.54745e-19       0.00000e+00
 230.4000000       8.07600e-19       8.07600e-19       0.00000e+00
 230.5000000       7.60455e-19       7.60455e-19       0.00000e+00
 230.6000000       7.17284e-19       7.17284e-19       0.00000e+00
 230.7000000       6.91683e-19       6.91683e-19       0.00000e+00
 230.8000000       6.68166e-19       6.68166e-19       0.00000e+00
 230.9000000       6.44650e-19       6.44650e-19       0.00000e+00
 231.0000000       6.33243e-19       6.33243e-19       0.00000e+00
 231.1000000       6.47677e-19       6.47677e-19       0.00000e+00
 231.2000000       6.62967e-19       6.62967e-19       0.00000e+00
 231.3000000       7.47242e-19       7.47242e-19       0.00000e+00
 231.4000000       9.63703e-19       9.63703e-19       0.00000e+00
 231.5000000       1.41638e-18       1.41638e-18       0.00000e+00
 231.6000000       1.38758e-18       1.38758e-18       0.00000e+00
 231.7000000       1.31180e-18       1.31180e-18       0.00000e+00
 231.8000000       1.22201e-18       1.22201e-18       0.00000e+00
 231.9000000       1.09914e-18       1.09914e-18       0.00000e+00
 232.0000000       9.76265e-19       9.76265e-19       0.00000e+00
 232.1000000       8.86298e-19       8.86298e-19       0.00000e+00
 232.2000000       8.10260e-19       8.10260e-19       0.00000e+00
 232.3000000       7.32852e-19       7.32852e-19       0.00000e+00
 232.4000000       6.33817e-19       6.33817e-19       0.00000e+00
 232.5000000       5.29754e-19       5.29754e-19       0.00000e+00
 232.6000000       5.06037e-19       5.06037e-19       0.00000e+00
 232.7000000       5.21275e-19       5.21275e-19       0.00000e+00
 232.8000000       5.35772e-19       5.35772e-19       0.00000e+00
 232.9000000       5.32689e-19       5.32689e-19       0.00000e+00
 233.0000000       5.22165e-19       5.22165e-19       0.00000e+00
 233.1000000       5.11641e-19       5.11641e-19       0.00000e+00
 233.2000000       5.01118e-19       5.01118e-19       0.00000e+00
 233.3000000       4.90594e-19       4.90594e-19       0.00000e+00
 233.4000000       4.80070e-19       4.80070e-19       0.00000e+00
 233.5000000       4.69547e-19       4.69547e-19       0.00000e+00
 233.6000000       4.59023e-19       4.59023e-19       0.00000e+00
 233.7000000       5.31771e-19       5.31771e-19       0.00000e+00
 233.8000000       7.61871e-19       7.61871e-19       0.00000e+00
 233.9000000       7.39440e-19       7.39440e-19       0.00000e+00
 234.0000000       5.71044e-19       5.71044e-19       0.00000e+00
 234.1000000       5.41902e-19       5.41902e-19       0.00000e+00
 234.2000000       5.42015e-19       5.42015e-19       0.00000e+00
 234.3000000       5.42052e-19       5.42052e-19       0.00000e+00
 234.4000000       5.24935e-19       5.24935e-19       0.00000e+00
 234.5000000       4.94691e-19       4.94691e-19       0.00000e+00
 234.6000000       4.63118e-19       4.63118e-19       0.00000e+00
 234.7000000       3.19858e-19       3.19858e-19       0.00000e+00
 234.8000000       1.58856e-19       1.58856e-19       0.00000e+00
