# Cross sections for Ti
# Converted from earlier Leiden database cross sections by Alan Heays 2016-02-24
# Photoionisation source: Ti  PHOTOIONIZATION
# Lines represented with lorentzian of width 0.0005 nm FWHM
# wavelength: (nm)
# photoabsorption:    cross section (cm2)
# photoionisation:    cross section (cm2)
# 
# wavelength   photoabsorption   photoionisation
  91.3000000       3.00000e-18       3.00000e-18
  91.4000000       3.00000e-18       3.00000e-18
  91.5000000       3.00000e-18       3.00000e-18
  91.6000000       3.00000e-18       3.00000e-18
  91.7000000       3.00000e-18       3.00000e-18
  91.8000000       3.00000e-18       3.00000e-18
  91.9000000       3.00000e-18       3.00000e-18
  92.0000000       3.00000e-18       3.00000e-18
  92.1000000       3.00000e-18       3.00000e-18
  92.2000000       3.00000e-18       3.00000e-18
  92.3000000       3.00000e-18       3.00000e-18
  92.4000000       3.00000e-18       3.00000e-18
  92.5000000       3.00000e-18       3.00000e-18
  92.6000000       3.00000e-18       3.00000e-18
  92.7000000       3.00000e-18       3.00000e-18
  92.8000000       3.00000e-18       3.00000e-18
  92.9000000       3.00000e-18       3.00000e-18
  93.0000000       3.00000e-18       3.00000e-18
  93.1000000       3.00000e-18       3.00000e-18
  93.2000000       3.00000e-18       3.00000e-18
  93.3000000       3.00000e-18       3.00000e-18
  93.4000000       3.00000e-18       3.00000e-18
  93.5000000       3.00000e-18       3.00000e-18
  93.6000000       3.00000e-18       3.00000e-18
  93.7000000       3.00000e-18       3.00000e-18
  93.8000000       3.00000e-18       3.00000e-18
  93.9000000       3.00000e-18       3.00000e-18
  94.0000000       3.00000e-18       3.00000e-18
  94.1000000       3.00000e-18       3.00000e-18
  94.2000000       3.00000e-18       3.00000e-18
  94.3000000       3.00000e-18       3.00000e-18
  94.4000000       3.00000e-18       3.00000e-18
  94.5000000       3.00000e-18       3.00000e-18
  94.6000000       3.00000e-18       3.00000e-18
  94.7000000       3.00000e-18       3.00000e-18
  94.8000000       3.00000e-18       3.00000e-18
  94.9000000       3.00000e-18       3.00000e-18
  95.0000000       3.00000e-18       3.00000e-18
  95.1000000       3.00000e-18       3.00000e-18
  95.2000000       3.00000e-18       3.00000e-18
  95.3000000       3.00000e-18       3.00000e-18
  95.4000000       3.00000e-18       3.00000e-18
  95.5000000       3.00000e-18       3.00000e-18
  95.6000000       3.00000e-18       3.00000e-18
  95.7000000       3.00000e-18       3.00000e-18
  95.8000000       3.00000e-18       3.00000e-18
  95.9000000       3.00000e-18       3.00000e-18
  96.0000000       3.00000e-18       3.00000e-18
  96.1000000       3.00000e-18       3.00000e-18
  96.2000000       3.00000e-18       3.00000e-18
  96.3000000       3.00000e-18       3.00000e-18
  96.4000000       3.00000e-18       3.00000e-18
  96.5000000       3.00000e-18       3.00000e-18
  96.6000000       3.00000e-18       3.00000e-18
  96.7000000       3.00000e-18       3.00000e-18
  96.8000000       3.00000e-18       3.00000e-18
  96.9000000       3.00000e-18       3.00000e-18
  97.0000000       3.00000e-18       3.00000e-18
  97.1000000       3.00000e-18       3.00000e-18
  97.2000000       3.00000e-18       3.00000e-18
  97.3000000       3.00000e-18       3.00000e-18
  97.4000000       3.00000e-18       3.00000e-18
  97.5000000       3.00000e-18       3.00000e-18
  97.6000000       3.00000e-18       3.00000e-18
  97.7000000       3.00000e-18       3.00000e-18
  97.8000000       3.00000e-18       3.00000e-18
  97.9000000       3.00000e-18       3.00000e-18
  98.0000000       3.00000e-18       3.00000e-18
  98.1000000       3.00000e-18       3.00000e-18
  98.2000000       3.00000e-18       3.00000e-18
  98.3000000       3.00000e-18       3.00000e-18
  98.4000000       3.00000e-18       3.00000e-18
  98.5000000       3.00000e-18       3.00000e-18
  98.6000000       3.00000e-18       3.00000e-18
  98.7000000       3.00000e-18       3.00000e-18
  98.8000000       3.00000e-18       3.00000e-18
  98.9000000       3.00000e-18       3.00000e-18
  99.0000000       3.00000e-18       3.00000e-18
  99.1000000       3.00000e-18       3.00000e-18
  99.2000000       3.00000e-18       3.00000e-18
  99.3000000       3.00000e-18       3.00000e-18
  99.4000000       3.00000e-18       3.00000e-18
  99.5000000       3.00000e-18       3.00000e-18
  99.6000000       3.00000e-18       3.00000e-18
  99.7000000       3.00000e-18       3.00000e-18
  99.8000000       3.00000e-18       3.00000e-18
  99.9000000       3.00000e-18       3.00000e-18
 100.0000000       3.00000e-18       3.00000e-18
 100.1000000       3.00000e-18       3.00000e-18
 100.2000000       3.00000e-18       3.00000e-18
 100.3000000       3.00000e-18       3.00000e-18
 100.4000000       3.00000e-18       3.00000e-18
 100.5000000       3.00000e-18       3.00000e-18
 100.6000000       3.00000e-18       3.00000e-18
 100.7000000       3.00000e-18       3.00000e-18
 100.8000000       3.00000e-18       3.00000e-18
 100.9000000       3.00000e-18       3.00000e-18
 101.0000000       3.00000e-18       3.00000e-18
 101.1000000       3.00000e-18       3.00000e-18
 101.2000000       3.00000e-18       3.00000e-18
 101.3000000       3.00000e-18       3.00000e-18
 101.4000000       3.00000e-18       3.00000e-18
 101.5000000       3.00000e-18       3.00000e-18
 101.6000000       3.00000e-18       3.00000e-18
 101.7000000       3.00000e-18       3.00000e-18
 101.8000000       3.00000e-18       3.00000e-18
 101.9000000       3.00000e-18       3.00000e-18
 102.0000000       3.00000e-18       3.00000e-18
 102.1000000       3.00000e-18       3.00000e-18
 102.2000000       3.00000e-18       3.00000e-18
 102.3000000       3.00000e-18       3.00000e-18
 102.4000000       3.00000e-18       3.00000e-18
 102.5000000       3.00000e-18       3.00000e-18
 102.6000000       3.00000e-18       3.00000e-18
 102.7000000       3.00000e-18       3.00000e-18
 102.8000000       3.00000e-18       3.00000e-18
 102.9000000       3.00000e-18       3.00000e-18
 103.0000000       3.00000e-18       3.00000e-18
 103.1000000       3.00000e-18       3.00000e-18
 103.2000000       3.00000e-18       3.00000e-18
 103.3000000       3.00000e-18       3.00000e-18
 103.4000000       3.00000e-18       3.00000e-18
 103.5000000       3.00000e-18       3.00000e-18
 103.6000000       3.00000e-18       3.00000e-18
 103.7000000       3.00000e-18       3.00000e-18
 103.8000000       3.00000e-18       3.00000e-18
 103.9000000       3.00000e-18       3.00000e-18
 104.0000000       3.00000e-18       3.00000e-18
 104.1000000       3.00000e-18       3.00000e-18
 104.2000000       3.00000e-18       3.00000e-18
 104.3000000       3.00000e-18       3.00000e-18
 104.4000000       3.00000e-18       3.00000e-18
 104.5000000       3.00000e-18       3.00000e-18
 104.6000000       3.00000e-18       3.00000e-18
 104.7000000       3.00000e-18       3.00000e-18
 104.8000000       3.00000e-18       3.00000e-18
 104.9000000       3.00000e-18       3.00000e-18
 105.0000000       3.00000e-18       3.00000e-18
 105.1000000       3.00000e-18       3.00000e-18
 105.2000000       3.00000e-18       3.00000e-18
 105.3000000       3.00000e-18       3.00000e-18
 105.4000000       3.00000e-18       3.00000e-18
 105.5000000       3.00000e-18       3.00000e-18
 105.6000000       3.00000e-18       3.00000e-18
 105.7000000       3.00000e-18       3.00000e-18
 105.8000000       3.00000e-18       3.00000e-18
 105.9000000       3.00000e-18       3.00000e-18
 106.0000000       3.00000e-18       3.00000e-18
 106.1000000       3.00000e-18       3.00000e-18
 106.2000000       3.00000e-18       3.00000e-18
 106.3000000       3.00000e-18       3.00000e-18
 106.4000000       3.00000e-18       3.00000e-18
 106.5000000       3.00000e-18       3.00000e-18
 106.6000000       3.00000e-18       3.00000e-18
 106.7000000       3.00000e-18       3.00000e-18
 106.8000000       3.00000e-18       3.00000e-18
 106.9000000       3.00000e-18       3.00000e-18
 107.0000000       3.00000e-18       3.00000e-18
 107.1000000       3.00000e-18       3.00000e-18
 107.2000000       3.00000e-18       3.00000e-18
 107.3000000       3.00000e-18       3.00000e-18
 107.4000000       3.00000e-18       3.00000e-18
 107.5000000       3.00000e-18       3.00000e-18
 107.6000000       3.00000e-18       3.00000e-18
 107.7000000       3.00000e-18       3.00000e-18
 107.8000000       3.00000e-18       3.00000e-18
 107.9000000       3.00000e-18       3.00000e-18
 108.0000000       3.00000e-18       3.00000e-18
 108.1000000       3.00000e-18       3.00000e-18
 108.2000000       3.00000e-18       3.00000e-18
 108.3000000       3.00000e-18       3.00000e-18
 108.4000000       3.00000e-18       3.00000e-18
 108.5000000       3.00000e-18       3.00000e-18
 108.6000000       3.00000e-18       3.00000e-18
 108.7000000       3.00000e-18       3.00000e-18
 108.8000000       3.00000e-18       3.00000e-18
 108.9000000       3.00000e-18       3.00000e-18
 109.0000000       3.00000e-18       3.00000e-18
 109.1000000       3.00000e-18       3.00000e-18
 109.2000000       3.00000e-18       3.00000e-18
 109.3000000       3.00000e-18       3.00000e-18
 109.4000000       3.00000e-18       3.00000e-18
 109.5000000       3.00000e-18       3.00000e-18
 109.6000000       3.00000e-18       3.00000e-18
 109.7000000       3.00000e-18       3.00000e-18
 109.8000000       3.00000e-18       3.00000e-18
 109.9000000       3.00000e-18       3.00000e-18
 110.0000000       3.00000e-18       3.00000e-18
 110.1000000       3.00000e-18       3.00000e-18
 110.2000000       3.00000e-18       3.00000e-18
 110.3000000       3.00000e-18       3.00000e-18
 110.4000000       3.00000e-18       3.00000e-18
 110.5000000       3.00000e-18       3.00000e-18
 110.6000000       3.00000e-18       3.00000e-18
 110.7000000       3.00000e-18       3.00000e-18
 110.8000000       3.00000e-18       3.00000e-18
 110.9000000       3.00000e-18       3.00000e-18
 111.0000000       3.00000e-18       3.00000e-18
 111.1000000       3.00000e-18       3.00000e-18
 111.2000000       3.00000e-18       3.00000e-18
 111.3000000       3.00000e-18       3.00000e-18
 111.4000000       3.00000e-18       3.00000e-18
 111.5000000       3.00000e-18       3.00000e-18
 111.6000000       3.00000e-18       3.00000e-18
 111.7000000       3.00000e-18       3.00000e-18
 111.8000000       3.00000e-18       3.00000e-18
 111.9000000       3.00000e-18       3.00000e-18
 112.0000000       3.00000e-18       3.00000e-18
 112.1000000       3.00000e-18       3.00000e-18
 112.2000000       3.00000e-18       3.00000e-18
 112.3000000       3.00000e-18       3.00000e-18
 112.4000000       3.00000e-18       3.00000e-18
 112.5000000       3.00000e-18       3.00000e-18
 112.6000000       3.00000e-18       3.00000e-18
 112.7000000       3.00000e-18       3.00000e-18
 112.8000000       3.00000e-18       3.00000e-18
 112.9000000       3.00000e-18       3.00000e-18
 113.0000000       3.00000e-18       3.00000e-18
 113.1000000       3.00000e-18       3.00000e-18
 113.2000000       3.00000e-18       3.00000e-18
 113.3000000       3.00000e-18       3.00000e-18
 113.4000000       3.00000e-18       3.00000e-18
 113.5000000       3.00000e-18       3.00000e-18
 113.6000000       3.00000e-18       3.00000e-18
 113.7000000       3.00000e-18       3.00000e-18
 113.8000000       3.00000e-18       3.00000e-18
 113.9000000       3.00000e-18       3.00000e-18
 114.0000000       3.00000e-18       3.00000e-18
 114.1000000       3.00000e-18       3.00000e-18
 114.2000000       3.00000e-18       3.00000e-18
 114.3000000       3.00000e-18       3.00000e-18
 114.4000000       3.00000e-18       3.00000e-18
 114.5000000       3.00000e-18       3.00000e-18
 114.6000000       3.00000e-18       3.00000e-18
 114.7000000       3.00000e-18       3.00000e-18
 114.8000000       3.00000e-18       3.00000e-18
 114.9000000       3.00000e-18       3.00000e-18
 115.0000000       3.00000e-18       3.00000e-18
 115.1000000       3.00000e-18       3.00000e-18
 115.2000000       3.00000e-18       3.00000e-18
 115.3000000       3.00000e-18       3.00000e-18
 115.4000000       3.00000e-18       3.00000e-18
 115.5000000       3.00000e-18       3.00000e-18
 115.6000000       3.00000e-18       3.00000e-18
 115.7000000       3.00000e-18       3.00000e-18
 115.8000000       3.00000e-18       3.00000e-18
 115.9000000       3.00000e-18       3.00000e-18
 116.0000000       3.00000e-18       3.00000e-18
 116.1000000       3.00000e-18       3.00000e-18
 116.2000000       3.00000e-18       3.00000e-18
 116.3000000       3.00000e-18       3.00000e-18
 116.4000000       3.00000e-18       3.00000e-18
 116.5000000       3.00000e-18       3.00000e-18
 116.6000000       3.00000e-18       3.00000e-18
 116.7000000       3.00000e-18       3.00000e-18
 116.8000000       3.00000e-18       3.00000e-18
 116.9000000       3.00000e-18       3.00000e-18
 117.0000000       3.00000e-18       3.00000e-18
 117.1000000       3.00000e-18       3.00000e-18
 117.2000000       3.00000e-18       3.00000e-18
 117.3000000       3.00000e-18       3.00000e-18
 117.4000000       3.00000e-18       3.00000e-18
 117.5000000       3.00000e-18       3.00000e-18
 117.6000000       3.00000e-18       3.00000e-18
 117.7000000       2.99889e-18       2.99889e-18
 117.8000000       2.99110e-18       2.99110e-18
 117.9000000       2.98219e-18       2.98219e-18
 118.0000000       2.97329e-18       2.97329e-18
 118.1000000       2.96439e-18       2.96439e-18
 118.2000000       2.95548e-18       2.95548e-18
 118.3000000       2.94658e-18       2.94658e-18
 118.4000000       2.93768e-18       2.93768e-18
 118.5000000       2.92878e-18       2.92878e-18
 118.6000000       2.91987e-18       2.91987e-18
 118.7000000       2.91097e-18       2.91097e-18
 118.8000000       2.90207e-18       2.90207e-18
 118.9000000       2.89316e-18       2.89316e-18
 119.0000000       2.88426e-18       2.88426e-18
 119.1000000       2.87536e-18       2.87536e-18
 119.2000000       2.86645e-18       2.86645e-18
 119.3000000       2.85755e-18       2.85755e-18
 119.4000000       2.84865e-18       2.84865e-18
 119.5000000       2.83975e-18       2.83975e-18
 119.6000000       2.83084e-18       2.83084e-18
 119.7000000       2.82194e-18       2.82194e-18
 119.8000000       2.81304e-18       2.81304e-18
 119.9000000       2.80413e-18       2.80413e-18
 120.0000000       2.79523e-18       2.79523e-18
 120.1000000       2.78633e-18       2.78633e-18
 120.2000000       2.77742e-18       2.77742e-18
 120.3000000       2.76852e-18       2.76852e-18
 120.4000000       2.75962e-18       2.75962e-18
 120.5000000       2.75072e-18       2.75072e-18
 120.6000000       2.74181e-18       2.74181e-18
 120.7000000       2.73291e-18       2.73291e-18
 120.8000000       2.72401e-18       2.72401e-18
 120.9000000       2.71510e-18       2.71510e-18
 121.0000000       2.70620e-18       2.70620e-18
 121.1000000       2.69730e-18       2.69730e-18
 121.2000000       2.68839e-18       2.68839e-18
 121.3000000       2.67949e-18       2.67949e-18
 121.4000000       2.67059e-18       2.67059e-18
 121.5000000       2.66169e-18       2.66169e-18
 121.6000000       2.65278e-18       2.65278e-18
 121.7000000       2.64388e-18       2.64388e-18
 121.8000000       2.63498e-18       2.63498e-18
 121.9000000       2.62607e-18       2.62607e-18
 122.0000000       2.61717e-18       2.61717e-18
 122.1000000       2.60827e-18       2.60827e-18
 122.2000000       2.59936e-18       2.59936e-18
 122.3000000       2.59046e-18       2.59046e-18
 122.4000000       2.58156e-18       2.58156e-18
 122.5000000       2.57266e-18       2.57266e-18
 122.6000000       2.56375e-18       2.56375e-18
 122.7000000       2.55485e-18       2.55485e-18
 122.8000000       2.54595e-18       2.54595e-18
 122.9000000       2.53704e-18       2.53704e-18
 123.0000000       2.52814e-18       2.52814e-18
 123.1000000       2.51924e-18       2.51924e-18
 123.2000000       2.51033e-18       2.51033e-18
 123.3000000       2.50143e-18       2.50143e-18
 123.4000000       2.49253e-18       2.49253e-18
 123.5000000       2.48362e-18       2.48362e-18
 123.6000000       2.47472e-18       2.47472e-18
 123.7000000       2.46582e-18       2.46582e-18
 123.8000000       2.45692e-18       2.45692e-18
 123.9000000       2.44801e-18       2.44801e-18
 124.0000000       2.44022e-18       2.44022e-18
 124.1000000       2.43696e-18       2.43696e-18
 124.2000000       2.43420e-18       2.43420e-18
 124.3000000       2.43145e-18       2.43145e-18
 124.4000000       2.42869e-18       2.42869e-18
 124.5000000       2.42593e-18       2.42593e-18
 124.6000000       2.42317e-18       2.42317e-18
 124.7000000       2.42041e-18       2.42041e-18
 124.8000000       2.41765e-18       2.41765e-18
 124.9000000       2.41489e-18       2.41489e-18
 125.0000000       2.41213e-18       2.41213e-18
 125.1000000       2.40937e-18       2.40937e-18
 125.2000000       2.40661e-18       2.40661e-18
 125.3000000       2.40385e-18       2.40385e-18
 125.4000000       2.40109e-18       2.40109e-18
 125.5000000       2.39833e-18       2.39833e-18
 125.6000000       2.39557e-18       2.39557e-18
 125.7000000       2.39281e-18       2.39281e-18
 125.8000000       2.39005e-18       2.39005e-18
 125.9000000       2.38729e-18       2.38729e-18
 126.0000000       2.38453e-18       2.38453e-18
 126.1000000       2.38177e-18       2.38177e-18
 126.2000000       2.37901e-18       2.37901e-18
 126.3000000       2.37625e-18       2.37625e-18
 126.4000000       2.37349e-18       2.37349e-18
 126.5000000       2.37073e-18       2.37073e-18
 126.6000000       2.36797e-18       2.36797e-18
 126.7000000       2.36521e-18       2.36521e-18
 126.8000000       2.36245e-18       2.36245e-18
 126.9000000       2.35969e-18       2.35969e-18
 127.0000000       2.35694e-18       2.35694e-18
 127.1000000       2.35418e-18       2.35418e-18
 127.2000000       2.35142e-18       2.35142e-18
 127.3000000       2.34866e-18       2.34866e-18
 127.4000000       2.34590e-18       2.34590e-18
 127.5000000       2.34314e-18       2.34314e-18
 127.6000000       2.34038e-18       2.34038e-18
 127.7000000       2.33762e-18       2.33762e-18
 127.8000000       2.33486e-18       2.33486e-18
 127.9000000       2.33210e-18       2.33210e-18
 128.0000000       2.32934e-18       2.32934e-18
 128.1000000       2.32658e-18       2.32658e-18
 128.2000000       2.32382e-18       2.32382e-18
 128.3000000       2.32106e-18       2.32106e-18
 128.4000000       2.31830e-18       2.31830e-18
 128.5000000       2.31554e-18       2.31554e-18
 128.6000000       2.31278e-18       2.31278e-18
 128.7000000       2.31002e-18       2.31002e-18
 128.8000000       2.30726e-18       2.30726e-18
 128.9000000       2.30450e-18       2.30450e-18
 129.0000000       2.30174e-18       2.30174e-18
 129.1000000       2.29898e-18       2.29898e-18
 129.2000000       2.29622e-18       2.29622e-18
 129.3000000       2.29346e-18       2.29346e-18
 129.4000000       2.29070e-18       2.29070e-18
 129.5000000       2.28794e-18       2.28794e-18
 129.6000000       2.28519e-18       2.28519e-18
 129.7000000       2.28243e-18       2.28243e-18
 129.8000000       2.27967e-18       2.27967e-18
 129.9000000       2.27691e-18       2.27691e-18
 130.0000000       2.27415e-18       2.27415e-18
 130.1000000       2.27139e-18       2.27139e-18
 130.2000000       2.26863e-18       2.26863e-18
 130.3000000       2.26587e-18       2.26587e-18
 130.4000000       2.26311e-18       2.26311e-18
 130.5000000       2.26035e-18       2.26035e-18
 130.6000000       2.25759e-18       2.25759e-18
 130.7000000       2.25483e-18       2.25483e-18
 130.8000000       2.25207e-18       2.25207e-18
 130.9000000       2.24931e-18       2.24931e-18
 131.0000000       2.24655e-18       2.24655e-18
 131.1000000       2.24379e-18       2.24379e-18
 131.2000000       2.24103e-18       2.24103e-18
 131.3000000       2.23827e-18       2.23827e-18
 131.4000000       2.23551e-18       2.23551e-18
 131.5000000       2.23275e-18       2.23275e-18
 131.6000000       2.22999e-18       2.22999e-18
 131.7000000       2.22723e-18       2.22723e-18
 131.8000000       2.22447e-18       2.22447e-18
 131.9000000       2.22171e-18       2.22171e-18
 132.0000000       2.21895e-18       2.21895e-18
 132.1000000       2.21619e-18       2.21619e-18
 132.2000000       2.21344e-18       2.21344e-18
 132.3000000       2.21068e-18       2.21068e-18
 132.4000000       2.20792e-18       2.20792e-18
 132.5000000       2.20516e-18       2.20516e-18
 132.6000000       2.20240e-18       2.20240e-18
 132.7000000       2.19964e-18       2.19964e-18
 132.8000000       2.19688e-18       2.19688e-18
 132.9000000       2.19412e-18       2.19412e-18
 133.0000000       2.19136e-18       2.19136e-18
 133.1000000       2.18860e-18       2.18860e-18
 133.2000000       2.18584e-18       2.18584e-18
 133.3000000       2.18308e-18       2.18308e-18
 133.4000000       2.18032e-18       2.18032e-18
 133.5000000       2.17756e-18       2.17756e-18
 133.6000000       2.17480e-18       2.17480e-18
 133.7000000       2.17204e-18       2.17204e-18
 133.8000000       2.16928e-18       2.16928e-18
 133.9000000       2.16652e-18       2.16652e-18
 134.0000000       2.16376e-18       2.16376e-18
 134.1000000       2.16100e-18       2.16100e-18
 134.2000000       2.15824e-18       2.15824e-18
 134.3000000       2.15548e-18       2.15548e-18
 134.4000000       2.15272e-18       2.15272e-18
 134.5000000       2.14996e-18       2.14996e-18
 134.6000000       2.14720e-18       2.14720e-18
 134.7000000       2.14444e-18       2.14444e-18
 134.8000000       2.14168e-18       2.14168e-18
 134.9000000       2.13893e-18       2.13893e-18
 135.0000000       2.13617e-18       2.13617e-18
 135.1000000       2.13341e-18       2.13341e-18
 135.2000000       2.13065e-18       2.13065e-18
 135.3000000       2.12789e-18       2.12789e-18
 135.4000000       2.12513e-18       2.12513e-18
 135.5000000       2.12237e-18       2.12237e-18
 135.6000000       2.11961e-18       2.11961e-18
 135.7000000       2.11685e-18       2.11685e-18
 135.8000000       2.11409e-18       2.11409e-18
 135.9000000       2.11133e-18       2.11133e-18
 136.0000000       2.10857e-18       2.10857e-18
 136.1000000       2.10581e-18       2.10581e-18
 136.2000000       2.10305e-18       2.10305e-18
 136.3000000       2.10029e-18       2.10029e-18
 136.4000000       2.09753e-18       2.09753e-18
 136.5000000       2.09477e-18       2.09477e-18
 136.6000000       2.09201e-18       2.09201e-18
 136.7000000       2.08925e-18       2.08925e-18
 136.8000000       2.08649e-18       2.08649e-18
 136.9000000       2.08373e-18       2.08373e-18
 137.0000000       2.08097e-18       2.08097e-18
 137.1000000       2.07821e-18       2.07821e-18
 137.2000000       2.07545e-18       2.07545e-18
 137.3000000       2.07269e-18       2.07269e-18
 137.4000000       2.06993e-18       2.06993e-18
 137.5000000       2.06718e-18       2.06718e-18
 137.6000000       2.06442e-18       2.06442e-18
 137.7000000       2.06166e-18       2.06166e-18
 137.8000000       2.05524e-18       2.05524e-18
 137.9000000       2.04351e-18       2.04351e-18
 138.0000000       2.03173e-18       2.03173e-18
 138.1000000       2.01995e-18       2.01995e-18
 138.2000000       2.00817e-18       2.00817e-18
 138.3000000       1.99639e-18       1.99639e-18
 138.4000000       1.98462e-18       1.98462e-18
 138.5000000       1.97284e-18       1.97284e-18
 138.6000000       1.96106e-18       1.96106e-18
 138.7000000       1.94928e-18       1.94928e-18
 138.8000000       1.93750e-18       1.93750e-18
 138.9000000       1.92572e-18       1.92572e-18
 139.0000000       1.91394e-18       1.91394e-18
 139.1000000       1.90216e-18       1.90216e-18
 139.2000000       1.89039e-18       1.89039e-18
 139.3000000       1.87861e-18       1.87861e-18
 139.4000000       1.86683e-18       1.86683e-18
 139.5000000       1.85505e-18       1.85505e-18
 139.6000000       1.84327e-18       1.84327e-18
 139.7000000       1.83149e-18       1.83149e-18
 139.8000000       1.81971e-18       1.81971e-18
 139.9000000       1.80793e-18       1.80793e-18
 140.0000000       1.79616e-18       1.79616e-18
 140.1000000       1.78438e-18       1.78438e-18
 140.2000000       1.77260e-18       1.77260e-18
 140.3000000       1.76082e-18       1.76082e-18
 140.4000000       1.74904e-18       1.74904e-18
 140.5000000       1.73726e-18       1.73726e-18
 140.6000000       1.72548e-18       1.72548e-18
 140.7000000       1.71370e-18       1.71370e-18
 140.8000000       1.70193e-18       1.70193e-18
 140.9000000       1.69015e-18       1.69015e-18
 141.0000000       1.67837e-18       1.67837e-18
 141.1000000       1.66659e-18       1.66659e-18
 141.2000000       1.65481e-18       1.65481e-18
 141.3000000       1.64303e-18       1.64303e-18
 141.4000000       1.63125e-18       1.63125e-18
 141.5000000       1.61947e-18       1.61947e-18
 141.6000000       1.60770e-18       1.60770e-18
 141.7000000       1.59592e-18       1.59592e-18
 141.8000000       1.58414e-18       1.58414e-18
 141.9000000       1.57236e-18       1.57236e-18
 142.0000000       1.56058e-18       1.56058e-18
 142.1000000       1.54880e-18       1.54880e-18
 142.2000000       1.53702e-18       1.53702e-18
 142.3000000       1.52524e-18       1.52524e-18
 142.4000000       1.51347e-18       1.51347e-18
 142.5000000       1.50169e-18       1.50169e-18
 142.6000000       1.48991e-18       1.48991e-18
 142.7000000       1.47813e-18       1.47813e-18
 142.8000000       1.46635e-18       1.46635e-18
 142.9000000       1.45457e-18       1.45457e-18
 143.0000000       1.44279e-18       1.44279e-18
 143.1000000       1.43101e-18       1.43101e-18
 143.2000000       1.41924e-18       1.41924e-18
 143.3000000       1.40746e-18       1.40746e-18
 143.4000000       1.39568e-18       1.39568e-18
 143.5000000       1.38390e-18       1.38390e-18
 143.6000000       1.37212e-18       1.37212e-18
 143.7000000       1.36034e-18       1.36034e-18
 143.8000000       1.34856e-18       1.34856e-18
 143.9000000       1.33679e-18       1.33679e-18
 144.0000000       1.32501e-18       1.32501e-18
 144.1000000       1.31323e-18       1.31323e-18
 144.2000000       1.30145e-18       1.30145e-18
 144.3000000       1.28967e-18       1.28967e-18
 144.4000000       1.27789e-18       1.27789e-18
 144.5000000       1.26611e-18       1.26611e-18
 144.6000000       1.25433e-18       1.25433e-18
 144.7000000       1.24256e-18       1.24256e-18
 144.8000000       1.23078e-18       1.23078e-18
 144.9000000       1.21900e-18       1.21900e-18
 145.0000000       1.20722e-18       1.20722e-18
 145.1000000       1.19544e-18       1.19544e-18
 145.2000000       1.18366e-18       1.18366e-18
 145.3000000       1.17188e-18       1.17188e-18
 145.4000000       1.16010e-18       1.16010e-18
 145.5000000       1.14833e-18       1.14833e-18
 145.6000000       1.13655e-18       1.13655e-18
 145.7000000       1.12477e-18       1.12477e-18
 145.8000000       1.11299e-18       1.11299e-18
 145.9000000       1.10121e-18       1.10121e-18
 146.0000000       1.08943e-18       1.08943e-18
 146.1000000       1.07765e-18       1.07765e-18
 146.2000000       1.06587e-18       1.06587e-18
 146.3000000       1.05410e-18       1.05410e-18
 146.4000000       1.04232e-18       1.04232e-18
 146.5000000       1.03054e-18       1.03054e-18
 146.6000000       1.01876e-18       1.01876e-18
 146.7000000       1.00698e-18       1.00698e-18
 146.8000000       9.95201e-19       9.95201e-19
 146.9000000       9.83423e-19       9.83423e-19
 147.0000000       9.71644e-19       9.71644e-19
 147.1000000       9.59865e-19       9.59865e-19
 147.2000000       9.48086e-19       9.48086e-19
 147.3000000       9.36308e-19       9.36308e-19
 147.4000000       9.24529e-19       9.24529e-19
 147.5000000       9.12750e-19       9.12750e-19
 147.6000000       9.00971e-19       9.00971e-19
 147.7000000       8.89193e-19       8.89193e-19
 147.8000000       8.77414e-19       8.77414e-19
 147.9000000       8.65635e-19       8.65635e-19
 148.0000000       8.53856e-19       8.53856e-19
 148.1000000       8.42078e-19       8.42078e-19
 148.2000000       8.30299e-19       8.30299e-19
 148.3000000       8.18520e-19       8.18520e-19
 148.4000000       8.06741e-19       8.06741e-19
 148.5000000       7.94963e-19       7.94963e-19
 148.6000000       7.83184e-19       7.83184e-19
 148.7000000       7.71405e-19       7.71405e-19
 148.8000000       7.59626e-19       7.59626e-19
 148.9000000       7.47848e-19       7.47848e-19
 149.0000000       7.36069e-19       7.36069e-19
 149.1000000       7.24290e-19       7.24290e-19
 149.2000000       7.12511e-19       7.12511e-19
 149.3000000       7.00733e-19       7.00733e-19
 149.4000000       6.88954e-19       6.88954e-19
 149.5000000       6.77175e-19       6.77175e-19
 149.6000000       6.65397e-19       6.65397e-19
 149.7000000       6.53618e-19       6.53618e-19
 149.8000000       6.41839e-19       6.41839e-19
 149.9000000       6.30060e-19       6.30060e-19
 150.0000000       6.18282e-19       6.18282e-19
 150.1000000       6.06503e-19       6.06503e-19
 150.2000000       5.94724e-19       5.94724e-19
 150.3000000       5.82945e-19       5.82945e-19
 150.4000000       5.71167e-19       5.71167e-19
 150.5000000       5.59388e-19       5.59388e-19
 150.6000000       5.47609e-19       5.47609e-19
 150.7000000       5.35830e-19       5.35830e-19
 150.8000000       5.24052e-19       5.24052e-19
 150.9000000       5.12273e-19       5.12273e-19
 151.0000000       5.00494e-19       5.00494e-19
 151.1000000       4.88715e-19       4.88715e-19
 151.2000000       4.76937e-19       4.76937e-19
 151.3000000       4.65158e-19       4.65158e-19
 151.4000000       4.53379e-19       4.53379e-19
 151.5000000       4.41600e-19       4.41600e-19
 151.6000000       4.29822e-19       4.29822e-19
 151.7000000       4.18043e-19       4.18043e-19
 151.8000000       4.06264e-19       4.06264e-19
 151.9000000       3.94485e-19       3.94485e-19
 152.0000000       3.82707e-19       3.82707e-19
 152.1000000       3.70928e-19       3.70928e-19
 152.2000000       3.59149e-19       3.59149e-19
 152.3000000       3.47370e-19       3.47370e-19
 152.4000000       3.35592e-19       3.35592e-19
 152.5000000       3.23813e-19       3.23813e-19
 152.6000000       3.12034e-19       3.12034e-19
 152.7000000       3.00255e-19       3.00255e-19
 152.8000000       2.88477e-19       2.88477e-19
 152.9000000       2.76698e-19       2.76698e-19
 153.0000000       2.64919e-19       2.64919e-19
 153.1000000       2.53140e-19       2.53140e-19
 153.2000000       2.41362e-19       2.41362e-19
 153.3000000       2.29583e-19       2.29583e-19
 153.4000000       2.17804e-19       2.17804e-19
 153.5000000       2.06025e-19       2.06025e-19
 153.6000000       1.94247e-19       1.94247e-19
 153.7000000       1.82468e-19       1.82468e-19
 153.8000000       1.70689e-19       1.70689e-19
 153.9000000       1.58910e-19       1.58910e-19
 154.0000000       1.47132e-19       1.47132e-19
 154.1000000       1.35353e-19       1.35353e-19
 154.2000000       1.23574e-19       1.23574e-19
 154.3000000       1.11795e-19       1.11795e-19
 154.4000000       1.00017e-19       1.00017e-19
 154.5000000       8.82380e-20       8.82380e-20
 154.6000000       7.64592e-20       7.64592e-20
 154.7000000       6.46805e-20       6.46805e-20
 154.8000000       5.29017e-20       5.29017e-20
 154.9000000       4.11230e-20       4.11230e-20
 155.0000000       3.24178e-20       3.24178e-20
 155.1000000       3.26196e-20       3.26196e-20
 155.2000000       3.33859e-20       3.33859e-20
 155.3000000       3.41523e-20       3.41523e-20
 155.4000000       3.49186e-20       3.49186e-20
 155.5000000       3.56849e-20       3.56849e-20
 155.6000000       3.64513e-20       3.64513e-20
 155.7000000       3.72176e-20       3.72176e-20
 155.8000000       3.79839e-20       3.79839e-20
 155.9000000       3.87502e-20       3.87502e-20
 156.0000000       3.95166e-20       3.95166e-20
 156.1000000       4.02829e-20       4.02829e-20
 156.2000000       4.10492e-20       4.10492e-20
 156.3000000       4.18156e-20       4.18156e-20
 156.4000000       4.25819e-20       4.25819e-20
 156.5000000       4.33482e-20       4.33482e-20
 156.6000000       4.41146e-20       4.41146e-20
 156.7000000       4.48809e-20       4.48809e-20
 156.8000000       4.56472e-20       4.56472e-20
 156.9000000       4.64135e-20       4.64135e-20
 157.0000000       4.71799e-20       4.71799e-20
 157.1000000       4.79462e-20       4.79462e-20
 157.2000000       4.87125e-20       4.87125e-20
 157.3000000       4.94789e-20       4.94789e-20
 157.4000000       5.02452e-20       5.02452e-20
 157.5000000       5.10115e-20       5.10115e-20
 157.6000000       5.17779e-20       5.17779e-20
 157.7000000       5.25442e-20       5.25442e-20
 157.8000000       5.33105e-20       5.33105e-20
 157.9000000       5.40769e-20       5.40769e-20
 158.0000000       5.48432e-20       5.48432e-20
 158.1000000       5.56095e-20       5.56095e-20
 158.2000000       5.63758e-20       5.63758e-20
 158.3000000       5.71422e-20       5.71422e-20
 158.4000000       5.79085e-20       5.79085e-20
 158.5000000       5.86748e-20       5.86748e-20
 158.6000000       5.94412e-20       5.94412e-20
 158.7000000       6.02075e-20       6.02075e-20
 158.8000000       6.09738e-20       6.09738e-20
 158.9000000       6.17402e-20       6.17402e-20
 159.0000000       6.25065e-20       6.25065e-20
 159.1000000       6.32728e-20       6.32728e-20
 159.2000000       6.40392e-20       6.40392e-20
 159.3000000       6.48055e-20       6.48055e-20
 159.4000000       6.55718e-20       6.55718e-20
 159.5000000       6.63381e-20       6.63381e-20
 159.6000000       6.71045e-20       6.71045e-20
 159.7000000       6.78708e-20       6.78708e-20
 159.8000000       6.86371e-20       6.86371e-20
 159.9000000       6.94035e-20       6.94035e-20
 160.0000000       7.01698e-20       7.01698e-20
 160.1000000       7.09361e-20       7.09361e-20
 160.2000000       7.17025e-20       7.17025e-20
 160.3000000       7.24688e-20       7.24688e-20
 160.4000000       7.32351e-20       7.32351e-20
 160.5000000       7.40015e-20       7.40015e-20
 160.6000000       7.47678e-20       7.47678e-20
 160.7000000       7.55341e-20       7.55341e-20
 160.8000000       7.63004e-20       7.63004e-20
 160.9000000       7.70668e-20       7.70668e-20
 161.0000000       7.78331e-20       7.78331e-20
 161.1000000       7.85994e-20       7.85994e-20
 161.2000000       7.93658e-20       7.93658e-20
 161.3000000       8.01321e-20       8.01321e-20
 161.4000000       8.08984e-20       8.08984e-20
 161.5000000       8.16648e-20       8.16648e-20
 161.6000000       8.24311e-20       8.24311e-20
 161.7000000       8.31974e-20       8.31974e-20
 161.8000000       8.39638e-20       8.39638e-20
 161.9000000       8.47301e-20       8.47301e-20
 162.0000000       8.54964e-20       8.54964e-20
 162.1000000       8.62627e-20       8.62627e-20
 162.2000000       8.70291e-20       8.70291e-20
 162.3000000       8.77954e-20       8.77954e-20
 162.4000000       8.85617e-20       8.85617e-20
 162.5000000       8.93281e-20       8.93281e-20
 162.6000000       9.00944e-20       9.00944e-20
 162.7000000       9.08607e-20       9.08607e-20
 162.8000000       9.16271e-20       9.16271e-20
 162.9000000       9.23934e-20       9.23934e-20
 163.0000000       9.31597e-20       9.31597e-20
 163.1000000       9.39261e-20       9.39261e-20
 163.2000000       9.46924e-20       9.46924e-20
 163.3000000       9.54587e-20       9.54587e-20
 163.4000000       9.62250e-20       9.62250e-20
 163.5000000       9.69914e-20       9.69914e-20
 163.6000000       9.77577e-20       9.77577e-20
 163.7000000       9.85240e-20       9.85240e-20
 163.8000000       9.92904e-20       9.92904e-20
 163.9000000       1.00057e-19       1.00057e-19
 164.0000000       1.00823e-19       1.00823e-19
 164.1000000       1.01589e-19       1.01589e-19
 164.2000000       1.02356e-19       1.02356e-19
 164.3000000       1.03122e-19       1.03122e-19
 164.4000000       1.03888e-19       1.03888e-19
 164.5000000       1.04655e-19       1.04655e-19
 164.6000000       1.05421e-19       1.05421e-19
 164.7000000       1.06187e-19       1.06187e-19
 164.8000000       1.06954e-19       1.06954e-19
 164.9000000       1.07720e-19       1.07720e-19
 165.0000000       1.08486e-19       1.08486e-19
 165.1000000       1.09253e-19       1.09253e-19
 165.2000000       1.10019e-19       1.10019e-19
 165.3000000       1.10785e-19       1.10785e-19
 165.4000000       1.11552e-19       1.11552e-19
 165.5000000       1.12318e-19       1.12318e-19
 165.6000000       1.13084e-19       1.13084e-19
 165.7000000       1.13851e-19       1.13851e-19
 165.8000000       1.14617e-19       1.14617e-19
 165.9000000       1.15383e-19       1.15383e-19
 166.0000000       1.16150e-19       1.16150e-19
 166.1000000       1.16916e-19       1.16916e-19
 166.2000000       1.17682e-19       1.17682e-19
 166.3000000       1.18449e-19       1.18449e-19
 166.4000000       1.19215e-19       1.19215e-19
 166.5000000       1.19981e-19       1.19981e-19
 166.6000000       1.20748e-19       1.20748e-19
 166.7000000       1.21514e-19       1.21514e-19
 166.8000000       1.22280e-19       1.22280e-19
 166.9000000       1.23047e-19       1.23047e-19
 167.0000000       1.23813e-19       1.23813e-19
 167.1000000       1.24579e-19       1.24579e-19
 167.2000000       1.25346e-19       1.25346e-19
 167.3000000       1.26112e-19       1.26112e-19
 167.4000000       1.26878e-19       1.26878e-19
 167.5000000       1.27645e-19       1.27645e-19
 167.6000000       1.28411e-19       1.28411e-19
 167.7000000       1.29177e-19       1.29177e-19
 167.8000000       1.29944e-19       1.29944e-19
 167.9000000       1.30710e-19       1.30710e-19
 168.0000000       1.31476e-19       1.31476e-19
 168.1000000       1.32243e-19       1.32243e-19
 168.2000000       1.33009e-19       1.33009e-19
 168.3000000       1.33775e-19       1.33775e-19
 168.4000000       1.34542e-19       1.34542e-19
 168.5000000       1.35308e-19       1.35308e-19
 168.6000000       1.36074e-19       1.36074e-19
 168.7000000       1.36841e-19       1.36841e-19
 168.8000000       1.37607e-19       1.37607e-19
 168.9000000       1.38373e-19       1.38373e-19
 169.0000000       1.39140e-19       1.39140e-19
 169.1000000       1.39906e-19       1.39906e-19
 169.2000000       1.40672e-19       1.40672e-19
 169.3000000       1.41439e-19       1.41439e-19
 169.4000000       1.42205e-19       1.42205e-19
 169.5000000       1.42971e-19       1.42971e-19
 169.6000000       1.43738e-19       1.43738e-19
 169.7000000       1.44504e-19       1.44504e-19
 169.8000000       1.45270e-19       1.45270e-19
 169.9000000       1.46037e-19       1.46037e-19
 170.0000000       1.46803e-19       1.46803e-19
 170.1000000       1.47569e-19       1.47569e-19
 170.2000000       1.48336e-19       1.48336e-19
 170.3000000       1.49102e-19       1.49102e-19
 170.4000000       1.49868e-19       1.49868e-19
 170.5000000       1.50635e-19       1.50635e-19
 170.6000000       1.51401e-19       1.51401e-19
 170.7000000       1.52167e-19       1.52167e-19
 170.8000000       1.52934e-19       1.52934e-19
 170.9000000       1.53700e-19       1.53700e-19
 171.0000000       1.54466e-19       1.54466e-19
 171.1000000       1.55233e-19       1.55233e-19
 171.2000000       1.55999e-19       1.55999e-19
 171.3000000       1.56765e-19       1.56765e-19
 171.4000000       1.57532e-19       1.57532e-19
 171.5000000       1.58298e-19       1.58298e-19
 171.6000000       1.59064e-19       1.59064e-19
 171.7000000       1.59830e-19       1.59830e-19
 171.8000000       1.60597e-19       1.60597e-19
 171.9000000       1.61363e-19       1.61363e-19
 172.0000000       1.62129e-19       1.62129e-19
 172.1000000       1.62896e-19       1.62896e-19
 172.2000000       1.63662e-19       1.63662e-19
 172.3000000       1.64428e-19       1.64428e-19
 172.4000000       1.65195e-19       1.65195e-19
 172.5000000       1.65961e-19       1.65961e-19
 172.6000000       1.66727e-19       1.66727e-19
 172.7000000       1.67494e-19       1.67494e-19
 172.8000000       1.68260e-19       1.68260e-19
 172.9000000       1.69026e-19       1.69026e-19
 173.0000000       1.69793e-19       1.69793e-19
 173.1000000       1.70559e-19       1.70559e-19
 173.2000000       1.71325e-19       1.71325e-19
 173.3000000       1.72092e-19       1.72092e-19
 173.4000000       1.72858e-19       1.72858e-19
 173.5000000       1.73624e-19       1.73624e-19
 173.6000000       1.74391e-19       1.74391e-19
 173.7000000       1.75157e-19       1.75157e-19
 173.8000000       1.75923e-19       1.75923e-19
 173.9000000       1.76690e-19       1.76690e-19
 174.0000000       1.77456e-19       1.77456e-19
 174.1000000       1.78222e-19       1.78222e-19
 174.2000000       1.78989e-19       1.78989e-19
 174.3000000       1.79755e-19       1.79755e-19
 174.4000000       1.80521e-19       1.80521e-19
 174.5000000       1.81288e-19       1.81288e-19
 174.6000000       1.82054e-19       1.82054e-19
 174.7000000       1.82820e-19       1.82820e-19
 174.8000000       1.83587e-19       1.83587e-19
 174.9000000       1.84353e-19       1.84353e-19
 175.0000000       1.85119e-19       1.85119e-19
 175.1000000       1.85886e-19       1.85886e-19
 175.2000000       1.86652e-19       1.86652e-19
 175.3000000       1.87418e-19       1.87418e-19
 175.4000000       1.88185e-19       1.88185e-19
 175.5000000       1.88951e-19       1.88951e-19
 175.6000000       1.89717e-19       1.89717e-19
 175.7000000       1.90484e-19       1.90484e-19
 175.8000000       1.91250e-19       1.91250e-19
 175.9000000       1.92016e-19       1.92016e-19
 176.0000000       1.92783e-19       1.92783e-19
 176.1000000       1.93549e-19       1.93549e-19
 176.2000000       1.94315e-19       1.94315e-19
 176.3000000       1.95082e-19       1.95082e-19
 176.4000000       1.95848e-19       1.95848e-19
 176.5000000       1.96614e-19       1.96614e-19
 176.6000000       1.97381e-19       1.97381e-19
 176.7000000       1.98147e-19       1.98147e-19
 176.8000000       1.98913e-19       1.98913e-19
 176.9000000       1.99680e-19       1.99680e-19
 177.0000000       2.00446e-19       2.00446e-19
 177.1000000       2.01212e-19       2.01212e-19
 177.2000000       2.01979e-19       2.01979e-19
 177.3000000       2.02745e-19       2.02745e-19
 177.4000000       2.03511e-19       2.03511e-19
 177.5000000       2.04278e-19       2.04278e-19
 177.6000000       2.05044e-19       2.05044e-19
 177.7000000       2.05810e-19       2.05810e-19
 177.8000000       2.06577e-19       2.06577e-19
 177.9000000       2.07343e-19       2.07343e-19
 178.0000000       2.08109e-19       2.08109e-19
 178.1000000       2.08876e-19       2.08876e-19
 178.2000000       2.09642e-19       2.09642e-19
 178.3000000       2.10408e-19       2.10408e-19
 178.4000000       2.11175e-19       2.11175e-19
 178.5000000       2.11941e-19       2.11941e-19
 178.6000000       2.12707e-19       2.12707e-19
 178.7000000       2.13474e-19       2.13474e-19
 178.8000000       2.14240e-19       2.14240e-19
 178.9000000       2.15006e-19       2.15006e-19
 179.0000000       2.15773e-19       2.15773e-19
 179.1000000       2.16539e-19       2.16539e-19
 179.2000000       2.17305e-19       2.17305e-19
 179.3000000       2.18072e-19       2.18072e-19
 179.4000000       2.18838e-19       2.18838e-19
 179.5000000       2.19604e-19       2.19604e-19
 179.6000000       2.20371e-19       2.20371e-19
 179.7000000       2.21137e-19       2.21137e-19
 179.8000000       2.21903e-19       2.21903e-19
 179.9000000       2.22670e-19       2.22670e-19
 180.0000000       2.23436e-19       2.23436e-19
 180.1000000       2.24202e-19       2.24202e-19
 180.2000000       2.24969e-19       2.24969e-19
 180.3000000       2.25735e-19       2.25735e-19
 180.4000000       2.26501e-19       2.26501e-19
 180.5000000       2.27268e-19       2.27268e-19
 180.6000000       2.28034e-19       2.28034e-19
 180.7000000       2.28800e-19       2.28800e-19
 180.8000000       2.29567e-19       2.29567e-19
 180.9000000       2.30333e-19       2.30333e-19
 181.0000000       2.31099e-19       2.31099e-19
 181.1000000       2.31866e-19       2.31866e-19
 181.2000000       2.32632e-19       2.32632e-19
 181.3000000       2.33398e-19       2.33398e-19
 181.4000000       2.34165e-19       2.34165e-19
 181.5000000       2.34931e-19       2.34931e-19
 181.6000000       2.35697e-19       2.35697e-19
 181.7000000       2.36464e-19       2.36464e-19
 181.8000000       1.65869e-19       1.65869e-19
