# Zn photoionisation cross section
# Alan Heays 2020-06-26
# references: yih1998 J. Korean. Phys. Soc. 1998 32:405, marr1969 http://stacks.iop.org/0022-3700/2/i=1/a=315, huebner2015 10.1016/j.pss.2014.11.022,
# wavelength: Wavelength (nm)
# photoabsorption: Photoabsorption cross section (cm2)
# photoionisation: Photoionisation cross section (cm2)
# 
# wavelength   photoabsorption   photoionisation
   0.1000000       1.98910e-20       1.98910e-20
   0.2000000       6.97428e-20       6.97428e-20
   0.3000000       1.62775e-19       1.62775e-19
   0.4000000       2.55807e-19       2.55807e-19
   0.5000000       3.48839e-19       3.48839e-19
   0.6000000       4.41871e-19       4.41871e-19
   0.7000000       5.34904e-19       5.34904e-19
   0.8000000       6.27936e-19       6.27936e-19
   0.9000000       7.20968e-19       7.20968e-19
   1.0000000       8.04206e-19       8.04206e-19
   1.1000000       8.80244e-19       8.80244e-19
   1.2000000       5.60368e-19       5.60368e-19
   1.3000000       2.04177e-19       2.04177e-19
   1.4000000       2.49009e-19       2.49009e-19
   1.5000000       2.93841e-19       2.93841e-19
   1.6000000       3.38672e-19       3.38672e-19
   1.7000000       3.83504e-19       3.83504e-19
   1.8000000       4.28336e-19       4.28336e-19
   1.9000000       4.73168e-19       4.73168e-19
   2.0000000       5.21171e-19       5.21171e-19
   2.1000000       5.88200e-19       5.88200e-19
   2.2000000       6.58400e-19       6.58400e-19
   2.3000000       7.28600e-19       7.28600e-19
   2.4000000       7.98800e-19       7.98800e-19
   2.5000000       8.69000e-19       8.69000e-19
   2.6000000       9.39200e-19       9.39200e-19
   2.7000000       1.00940e-18       1.00940e-18
   2.8000000       1.07960e-18       1.07960e-18
   2.9000000       1.14980e-18       1.14980e-18
   3.0000000       1.22223e-18       1.22223e-18
   3.1000000       1.30800e-18       1.30800e-18
   3.2000000       1.39600e-18       1.39600e-18
   3.3000000       1.48400e-18       1.48400e-18
   3.4000000       1.57200e-18       1.57200e-18
   3.5000000       1.66000e-18       1.66000e-18
   3.6000000       1.74800e-18       1.74800e-18
   3.7000000       1.83600e-18       1.83600e-18
   3.8000000       1.92400e-18       1.92400e-18
   3.9000000       2.01200e-18       2.01200e-18
   4.0000000       2.10100e-18       2.10100e-18
   4.1000000       2.19600e-18       2.19600e-18
   4.2000000       2.29200e-18       2.29200e-18
   4.3000000       2.38800e-18       2.38800e-18
   4.4000000       2.48400e-18       2.48400e-18
   4.5000000       2.58000e-18       2.58000e-18
   4.6000000       2.67600e-18       2.67600e-18
   4.7000000       2.77200e-18       2.77200e-18
   4.8000000       2.86800e-18       2.86800e-18
   4.9000000       2.96400e-18       2.96400e-18
   5.0000000       3.05988e-18       3.05988e-18
   5.1000000       3.15500e-18       3.15500e-18
   5.2000000       3.25000e-18       3.25000e-18
   5.3000000       3.34500e-18       3.34500e-18
   5.4000000       3.44000e-18       3.44000e-18
   5.5000000       3.53500e-18       3.53500e-18
   5.6000000       3.63000e-18       3.63000e-18
   5.7000000       3.72500e-18       3.72500e-18
   5.8000000       3.82000e-18       3.82000e-18
   5.9000000       3.91500e-18       3.91500e-18
   6.0000000       4.00925e-18       4.00925e-18
   6.1000000       4.09900e-18       4.09900e-18
   6.2000000       4.18800e-18       4.18800e-18
   6.3000000       4.27700e-18       4.27700e-18
   6.4000000       4.36600e-18       4.36600e-18
   6.5000000       4.45500e-18       4.45500e-18
   6.6000000       4.54400e-18       4.54400e-18
   6.7000000       4.63300e-18       4.63300e-18
   6.8000000       4.72200e-18       4.72200e-18
   6.9000000       4.81100e-18       4.81100e-18
   7.0000000       4.89913e-18       4.89913e-18
   7.1000000       4.98200e-18       4.98200e-18
   7.2000000       5.06400e-18       5.06400e-18
   7.3000000       5.14600e-18       5.14600e-18
   7.4000000       5.22800e-18       5.22800e-18
   7.5000000       5.31000e-18       5.31000e-18
   7.6000000       5.39200e-18       5.39200e-18
   7.7000000       5.47400e-18       5.47400e-18
   7.8000000       5.55600e-18       5.55600e-18
   7.9000000       5.63800e-18       5.63800e-18
   8.0000000       5.71905e-18       5.71905e-18
   8.1000000       5.79441e-18       5.79441e-18
   8.2000000       5.86882e-18       5.86882e-18
   8.3000000       5.94323e-18       5.94323e-18
   8.4000000       6.01764e-18       6.01764e-18
   8.5000000       6.09205e-18       6.09205e-18
   8.6000000       5.90820e-18       5.90820e-18
   8.7000000       5.97571e-18       5.97571e-18
   8.8000000       6.04714e-18       6.04714e-18
   8.9000000       6.11857e-18       6.11857e-18
   9.0000000       6.18957e-18       6.18957e-18
   9.1000000       6.25800e-18       6.25800e-18
   9.2000000       6.32600e-18       6.32600e-18
   9.3000000       6.39400e-18       6.39400e-18
   9.4000000       6.46200e-18       6.46200e-18
   9.5000000       6.53000e-18       6.53000e-18
   9.6000000       6.59800e-18       6.59800e-18
   9.7000000       6.66600e-18       6.66600e-18
   9.8000000       6.73400e-18       6.73400e-18
   9.9000000       6.80200e-18       6.80200e-18
  10.0000000       6.86963e-18       6.86963e-18
  10.1000000       6.93500e-18       6.93500e-18
  10.2000000       7.00000e-18       7.00000e-18
  10.3000000       7.06500e-18       7.06500e-18
  10.4000000       7.13000e-18       7.13000e-18
  10.5000000       7.19500e-18       7.19500e-18
  10.6000000       7.26000e-18       7.26000e-18
  10.7000000       7.32500e-18       7.32500e-18
  10.8000000       7.39000e-18       7.39000e-18
  10.9000000       7.45500e-18       7.45500e-18
  11.0000000       7.52000e-18       7.52000e-18
  11.1000000       7.58500e-18       7.58500e-18
  11.2000000       7.65000e-18       7.65000e-18
  11.3000000       7.71500e-18       7.71500e-18
  11.4000000       7.78000e-18       7.78000e-18
  11.5000000       7.84500e-18       7.84500e-18
  11.6000000       7.91000e-18       7.91000e-18
  11.7000000       7.97500e-18       7.97500e-18
  11.8000000       8.04000e-18       8.04000e-18
  11.9000000       8.10500e-18       8.10500e-18
  12.0000000       8.17067e-18       8.17067e-18
  12.1000000       8.24033e-18       8.24033e-18
  12.2000000       8.31066e-18       8.31066e-18
  12.3000000       8.38100e-18       8.38100e-18
  12.4000000       8.45133e-18       8.45133e-18
  12.5000000       8.52166e-18       8.52166e-18
  12.6000000       8.59199e-18       8.59199e-18
  12.7000000       8.66233e-18       8.66233e-18
  12.8000000       8.26099e-18       8.26099e-18
  12.9000000       8.08392e-18       8.08392e-18
  13.0000000       8.12924e-18       8.12924e-18
  13.1000000       8.17000e-18       8.17000e-18
  13.2000000       8.21000e-18       8.21000e-18
  13.3000000       8.25000e-18       8.25000e-18
  13.4000000       8.29000e-18       8.29000e-18
  13.5000000       8.33000e-18       8.33000e-18
  13.6000000       8.37000e-18       8.37000e-18
  13.7000000       8.41000e-18       8.41000e-18
  13.8000000       8.45000e-18       8.45000e-18
  13.9000000       8.49000e-18       8.49000e-18
  14.0000000       8.52913e-18       8.52913e-18
  14.1000000       8.56300e-18       8.56300e-18
  14.2000000       8.59600e-18       8.59600e-18
  14.3000000       8.62900e-18       8.62900e-18
  14.4000000       8.66200e-18       8.66200e-18
  14.5000000       8.69500e-18       8.69500e-18
  14.6000000       8.72800e-18       8.72800e-18
  14.7000000       8.76100e-18       8.76100e-18
  14.8000000       8.79400e-18       8.79400e-18
  14.9000000       8.82700e-18       8.82700e-18
  15.0000000       8.85888e-18       8.85888e-18
  15.1000000       8.88400e-18       8.88400e-18
  15.2000000       8.90800e-18       8.90800e-18
  15.3000000       8.93200e-18       8.93200e-18
  15.4000000       8.95600e-18       8.95600e-18
  15.5000000       8.98000e-18       8.98000e-18
  15.6000000       9.00400e-18       9.00400e-18
  15.7000000       9.02800e-18       9.02800e-18
  15.8000000       9.05200e-18       9.05200e-18
  15.9000000       9.07600e-18       9.07600e-18
  16.0000000       9.09925e-18       9.09925e-18
  16.1000000       9.11800e-18       9.11800e-18
  16.2000000       9.13600e-18       9.13600e-18
  16.3000000       9.15400e-18       9.15400e-18
  16.4000000       9.17200e-18       9.17200e-18
  16.5000000       9.19000e-18       9.19000e-18
  16.6000000       9.20800e-18       9.20800e-18
  16.7000000       9.22600e-18       9.22600e-18
  16.8000000       9.24400e-18       9.24400e-18
  16.9000000       9.26200e-18       9.26200e-18
  17.0000000       9.27913e-18       9.27913e-18
  17.1000000       9.29100e-18       9.29100e-18
  17.2000000       9.30200e-18       9.30200e-18
  17.3000000       9.31300e-18       9.31300e-18
  17.4000000       9.32400e-18       9.32400e-18
  17.5000000       9.33500e-18       9.33500e-18
  17.6000000       9.34600e-18       9.34600e-18
  17.7000000       9.35700e-18       9.35700e-18
  17.8000000       9.36800e-18       9.36800e-18
  17.9000000       9.37900e-18       9.37900e-18
  18.0000000       9.38938e-18       9.38938e-18
  18.1000000       9.39600e-18       9.39600e-18
  18.2000000       9.40200e-18       9.40200e-18
  18.3000000       9.40800e-18       9.40800e-18
  18.4000000       9.41400e-18       9.41400e-18
  18.5000000       9.42000e-18       9.42000e-18
  18.6000000       9.42600e-18       9.42600e-18
  18.7000000       9.43200e-18       9.43200e-18
  18.8000000       9.43800e-18       9.43800e-18
  18.9000000       9.44400e-18       9.44400e-18
  19.0000000       9.44938e-18       9.44938e-18
  19.1000000       9.45100e-18       9.45100e-18
  19.2000000       9.45200e-18       9.45200e-18
  19.3000000       9.45300e-18       9.45300e-18
  19.4000000       9.45400e-18       9.45400e-18
  19.5000000       9.45500e-18       9.45500e-18
  19.6000000       9.45600e-18       9.45600e-18
  19.7000000       9.45700e-18       9.45700e-18
  19.8000000       9.45800e-18       9.45800e-18
  19.9000000       9.45900e-18       9.45900e-18
  20.0000000       9.45937e-18       9.45937e-18
  20.1000000       9.45600e-18       9.45600e-18
  20.2000000       9.45200e-18       9.45200e-18
  20.3000000       9.44800e-18       9.44800e-18
  20.4000000       9.44400e-18       9.44400e-18
  20.5000000       9.44000e-18       9.44000e-18
  20.6000000       9.43600e-18       9.43600e-18
  20.7000000       9.43200e-18       9.43200e-18
  20.8000000       9.42800e-18       9.42800e-18
  20.9000000       9.42400e-18       9.42400e-18
  21.0000000       9.41950e-18       9.41950e-18
  21.1000000       9.41200e-18       9.41200e-18
  21.2000000       9.40400e-18       9.40400e-18
  21.3000000       9.39600e-18       9.39600e-18
  21.4000000       9.38800e-18       9.38800e-18
  21.5000000       9.38000e-18       9.38000e-18
  21.6000000       9.37200e-18       9.37200e-18
  21.7000000       9.36400e-18       9.36400e-18
  21.8000000       9.35600e-18       9.35600e-18
  21.9000000       9.34800e-18       9.34800e-18
  22.0000000       9.33962e-18       9.33962e-18
  22.1000000       9.32900e-18       9.32900e-18
  22.2000000       9.31800e-18       9.31800e-18
  22.3000000       9.30700e-18       9.30700e-18
  22.4000000       9.29600e-18       9.29600e-18
  22.5000000       9.28500e-18       9.28500e-18
  22.6000000       9.27400e-18       9.27400e-18
  22.7000000       9.26300e-18       9.26300e-18
  22.8000000       9.25200e-18       9.25200e-18
  22.9000000       9.24100e-18       9.24100e-18
  23.0000000       9.22962e-18       9.22962e-18
  23.1000000       9.21600e-18       9.21600e-18
  23.2000000       9.20200e-18       9.20200e-18
  23.3000000       9.18800e-18       9.18800e-18
  23.4000000       9.17400e-18       9.17400e-18
  23.5000000       9.16000e-18       9.16000e-18
  23.6000000       9.14600e-18       9.14600e-18
  23.7000000       9.13200e-18       9.13200e-18
  23.8000000       9.11800e-18       9.11800e-18
  23.9000000       9.10400e-18       9.10400e-18
  24.0000000       9.00672e-18       9.00672e-18
  24.1000000       8.40975e-18       8.40975e-18
  24.2000000       7.72951e-18       7.72951e-18
  24.3000000       7.04926e-18       7.04926e-18
  24.4000000       6.36901e-18       6.36901e-18
  24.5000000       5.68877e-18       5.68877e-18
  24.6000000       5.00852e-18       5.00852e-18
  24.7000000       4.42425e-18       4.42425e-18
  24.8000000       4.41583e-18       4.41583e-18
  24.9000000       4.50339e-18       4.50339e-18
  25.0000000       4.59095e-18       4.59095e-18
  25.1000000       4.67851e-18       4.67851e-18
  25.2000000       4.76607e-18       4.76607e-18
  25.3000000       4.85363e-18       4.85363e-18
  25.4000000       4.94119e-18       4.94119e-18
  25.5000000       5.02874e-18       5.02874e-18
  25.6000000       5.11630e-18       5.11630e-18
  25.7000000       5.20386e-18       5.20386e-18
  25.8000000       5.29142e-18       5.29142e-18
  25.9000000       5.37898e-18       5.37898e-18
  26.0000000       5.46654e-18       5.46654e-18
  26.1000000       5.55410e-18       5.55410e-18
  26.2000000       5.64166e-18       5.64166e-18
  26.3000000       5.72921e-18       5.72921e-18
  26.4000000       5.81677e-18       5.81677e-18
  26.5000000       5.90433e-18       5.90433e-18
  26.6000000       5.99189e-18       5.99189e-18
  26.7000000       6.07945e-18       6.07945e-18
  26.8000000       6.16701e-18       6.16701e-18
  26.9000000       6.25457e-18       6.25457e-18
  27.0000000       6.34213e-18       6.34213e-18
  27.1000000       6.42968e-18       6.42968e-18
  27.2000000       6.51724e-18       6.51724e-18
  27.3000000       6.60480e-18       6.60480e-18
  27.4000000       6.69236e-18       6.69236e-18
  27.5000000       6.77992e-18       6.77992e-18
  27.6000000       6.86748e-18       6.86748e-18
  27.7000000       6.95504e-18       6.95504e-18
  27.8000000       7.04259e-18       7.04259e-18
  27.9000000       7.13015e-18       7.13015e-18
  28.0000000       7.21771e-18       7.21771e-18
  28.1000000       7.30527e-18       7.30527e-18
  28.2000000       7.39283e-18       7.39283e-18
  28.3000000       7.47616e-18       7.47616e-18
  28.4000000       7.53416e-18       7.53416e-18
  28.5000000       7.58792e-18       7.58792e-18
  28.6000000       7.64169e-18       7.64169e-18
  28.7000000       7.69546e-18       7.69546e-18
  28.8000000       7.74923e-18       7.74923e-18
  28.9000000       7.80299e-18       7.80299e-18
  29.0000000       7.85676e-18       7.85676e-18
  29.1000000       7.91053e-18       7.91053e-18
  29.2000000       7.96429e-18       7.96429e-18
  29.3000000       8.01806e-18       8.01806e-18
  29.4000000       8.07183e-18       8.07183e-18
  29.5000000       8.12560e-18       8.12560e-18
  29.6000000       8.17936e-18       8.17936e-18
  29.7000000       8.23313e-18       8.23313e-18
  29.8000000       8.28690e-18       8.28690e-18
  29.9000000       8.34067e-18       8.34067e-18
  30.0000000       8.39443e-18       8.39443e-18
  30.1000000       8.44820e-18       8.44820e-18
  30.2000000       8.50197e-18       8.50197e-18
  30.3000000       8.55574e-18       8.55574e-18
  30.4000000       8.60681e-18       8.60681e-18
  30.5000000       8.64169e-18       8.64169e-18
  30.6000000       8.67388e-18       8.67388e-18
  30.7000000       8.70607e-18       8.70607e-18
  30.8000000       8.73826e-18       8.73826e-18
  30.9000000       8.77045e-18       8.77045e-18
  31.0000000       8.80264e-18       8.80264e-18
  31.1000000       8.83483e-18       8.83483e-18
  31.2000000       8.86702e-18       8.86702e-18
  31.3000000       8.89921e-18       8.89921e-18
  31.4000000       8.93140e-18       8.93140e-18
  31.5000000       8.96359e-18       8.96359e-18
  31.6000000       8.99578e-18       8.99578e-18
  31.7000000       9.02797e-18       9.02797e-18
  31.8000000       9.06016e-18       9.06016e-18
  31.9000000       9.09235e-18       9.09235e-18
  32.0000000       9.12454e-18       9.12454e-18
  32.1000000       9.15673e-18       9.15673e-18
  32.2000000       9.18892e-18       9.18892e-18
  32.3000000       9.23259e-18       9.23259e-18
  32.4000000       9.34514e-18       9.34514e-18
  32.5000000       9.46917e-18       9.46917e-18
  32.6000000       9.59320e-18       9.59320e-18
  32.7000000       9.71723e-18       9.71723e-18
  32.8000000       9.84127e-18       9.84127e-18
  32.9000000       9.96530e-18       9.96530e-18
  33.0000000       1.00893e-17       1.00893e-17
  33.1000000       1.02134e-17       1.02134e-17
  33.2000000       1.03374e-17       1.03374e-17
  33.3000000       1.04614e-17       1.04614e-17
  33.4000000       1.05627e-17       1.05627e-17
  33.5000000       1.05271e-17       1.05271e-17
  33.6000000       1.04688e-17       1.04688e-17
  33.7000000       1.04104e-17       1.04104e-17
  33.8000000       1.03521e-17       1.03521e-17
  33.9000000       1.02938e-17       1.02938e-17
  34.0000000       1.02354e-17       1.02354e-17
  34.1000000       1.01771e-17       1.01771e-17
  34.2000000       1.01188e-17       1.01188e-17
  34.3000000       1.00604e-17       1.00604e-17
  34.4000000       1.00021e-17       1.00021e-17
  34.5000000       9.94374e-18       9.94374e-18
  34.6000000       9.88540e-18       9.88540e-18
  34.7000000       9.82707e-18       9.82707e-18
  34.8000000       9.76873e-18       9.76873e-18
  34.9000000       9.71039e-18       9.71039e-18
  35.0000000       9.65205e-18       9.65205e-18
  35.1000000       9.59372e-18       9.59372e-18
  35.2000000       9.53538e-18       9.53538e-18
  35.3000000       9.47704e-18       9.47704e-18
  35.4000000       9.41870e-18       9.41870e-18
  35.5000000       9.36037e-18       9.36037e-18
  35.6000000       9.30203e-18       9.30203e-18
  35.7000000       9.24369e-18       9.24369e-18
  35.8000000       9.18535e-18       9.18535e-18
  35.9000000       9.04609e-18       9.04609e-18
  36.0000000       8.42132e-18       8.42132e-18
  36.1000000       7.71562e-18       7.71562e-18
  36.2000000       7.00992e-18       7.00992e-18
  36.3000000       6.38763e-18       6.38763e-18
  36.4000000       6.26573e-18       6.26573e-18
  36.5000000       6.22724e-18       6.22724e-18
  36.6000000       6.18875e-18       6.18875e-18
  36.7000000       6.15026e-18       6.15026e-18
  36.8000000       6.11176e-18       6.11176e-18
  36.9000000       6.07327e-18       6.07327e-18
  37.0000000       6.03478e-18       6.03478e-18
  37.1000000       5.99629e-18       5.99629e-18
  37.2000000       5.95779e-18       5.95779e-18
  37.3000000       5.91930e-18       5.91930e-18
  37.4000000       5.89234e-18       5.89234e-18
  37.5000000       5.93458e-18       5.93458e-18
  37.6000000       5.98834e-18       5.98834e-18
  37.7000000       6.04211e-18       6.04211e-18
  37.8000000       6.09588e-18       6.09588e-18
  37.9000000       6.14965e-18       6.14965e-18
  38.0000000       6.20341e-18       6.20341e-18
  38.1000000       6.25718e-18       6.25718e-18
  38.2000000       6.31095e-18       6.31095e-18
  38.3000000       6.36471e-18       6.36471e-18
  38.4000000       6.41848e-18       6.41848e-18
  38.5000000       6.47225e-18       6.47225e-18
  38.6000000       6.52602e-18       6.52602e-18
  38.7000000       6.57978e-18       6.57978e-18
  38.8000000       6.63565e-18       6.63565e-18
  38.9000000       6.70412e-18       6.70412e-18
  39.0000000       6.77469e-18       6.77469e-18
  39.1000000       6.84526e-18       6.84526e-18
  39.2000000       6.91583e-18       6.91583e-18
  39.3000000       6.98640e-18       6.98640e-18
  39.4000000       7.05697e-18       7.05697e-18
  39.5000000       7.12754e-18       7.12754e-18
  39.6000000       7.19811e-18       7.19811e-18
  39.7000000       7.26868e-18       7.26868e-18
  39.8000000       7.33925e-18       7.33925e-18
  39.9000000       7.40982e-18       7.40982e-18
  40.0000000       7.48039e-18       7.48039e-18
  40.1000000       7.55096e-18       7.55096e-18
  40.2000000       7.61733e-18       7.61733e-18
  40.3000000       7.65849e-18       7.65849e-18
  40.4000000       7.69546e-18       7.69546e-18
  40.5000000       7.73242e-18       7.73242e-18
  40.6000000       7.76939e-18       7.76939e-18
  40.7000000       7.80635e-18       7.80635e-18
  40.8000000       7.84332e-18       7.84332e-18
  40.9000000       7.88028e-18       7.88028e-18
  41.0000000       7.91725e-18       7.91725e-18
  41.1000000       7.95421e-18       7.95421e-18
  41.2000000       7.99118e-18       7.99118e-18
  41.3000000       8.02814e-18       8.02814e-18
  41.4000000       8.06511e-18       8.06511e-18
  41.5000000       8.10207e-18       8.10207e-18
  41.6000000       8.08639e-18       8.08639e-18
  41.7000000       7.75483e-18       7.75483e-18
  41.8000000       7.37061e-18       7.37061e-18
  41.9000000       6.98640e-18       6.98640e-18
  42.0000000       6.60219e-18       6.60219e-18
  42.1000000       6.21797e-18       6.21797e-18
  42.2000000       5.88473e-18       5.88473e-18
  42.3000000       5.85729e-18       5.85729e-18
  42.4000000       5.88081e-18       5.88081e-18
  42.5000000       5.90433e-18       5.90433e-18
  42.6000000       5.92785e-18       5.92785e-18
  42.7000000       5.95138e-18       5.95138e-18
  42.8000000       5.97490e-18       5.97490e-18
  42.9000000       5.99842e-18       5.99842e-18
  43.0000000       6.02195e-18       6.02195e-18
  43.1000000       6.04547e-18       6.04547e-18
  43.2000000       6.06899e-18       6.06899e-18
  43.3000000       6.09252e-18       6.09252e-18
  43.4000000       6.11825e-18       6.11825e-18
  43.5000000       6.15721e-18       6.15721e-18
  43.6000000       6.19837e-18       6.19837e-18
  43.7000000       6.23954e-18       6.23954e-18
  43.8000000       6.28070e-18       6.28070e-18
  43.9000000       6.32187e-18       6.32187e-18
  44.0000000       6.36303e-18       6.36303e-18
  44.1000000       6.40420e-18       6.40420e-18
  44.2000000       6.43602e-18       6.43602e-18
  44.3000000       6.41176e-18       6.41176e-18
  44.4000000       6.37816e-18       6.37816e-18
  44.5000000       6.34455e-18       6.34455e-18
  44.6000000       6.31095e-18       6.31095e-18
  44.7000000       6.27734e-18       6.27734e-18
  44.8000000       6.24374e-18       6.24374e-18
  44.9000000       6.21013e-18       6.21013e-18
  45.0000000       6.17653e-18       6.17653e-18
  45.1000000       6.14292e-18       6.14292e-18
  45.2000000       6.10932e-18       6.10932e-18
  45.3000000       6.07572e-18       6.07572e-18
  45.4000000       6.04211e-18       6.04211e-18
  45.5000000       6.00851e-18       6.00851e-18
  45.6000000       5.97490e-18       5.97490e-18
  45.7000000       5.94130e-18       5.94130e-18
  45.8000000       5.90769e-18       5.90769e-18
  45.9000000       5.87409e-18       5.87409e-18
  46.0000000       5.84048e-18       5.84048e-18
  46.1000000       5.80688e-18       5.80688e-18
  46.2000000       5.77327e-18       5.77327e-18
  46.3000000       5.73967e-18       5.73967e-18
  46.4000000       5.70606e-18       5.70606e-18
  46.5000000       5.67246e-18       5.67246e-18
  46.6000000       5.63886e-18       5.63886e-18
  46.7000000       5.60525e-18       5.60525e-18
  46.8000000       5.57165e-18       5.57165e-18
  46.9000000       5.53804e-18       5.53804e-18
  47.0000000       5.51452e-18       5.51452e-18
  47.1000000       5.55148e-18       5.55148e-18
  47.2000000       5.59853e-18       5.59853e-18
  47.3000000       5.64558e-18       5.64558e-18
  47.4000000       5.69262e-18       5.69262e-18
  47.5000000       5.73967e-18       5.73967e-18
  47.6000000       5.78672e-18       5.78672e-18
  47.7000000       5.83376e-18       5.83376e-18
  47.8000000       5.88081e-18       5.88081e-18
  47.9000000       5.92785e-18       5.92785e-18
  48.0000000       5.97490e-18       5.97490e-18
  48.1000000       6.02195e-18       6.02195e-18
  48.2000000       6.06899e-18       6.06899e-18
  48.3000000       6.10322e-18       6.10322e-18
  48.4000000       6.06053e-18       6.06053e-18
  48.5000000       6.00501e-18       6.00501e-18
  48.6000000       5.94950e-18       5.94950e-18
  48.7000000       5.89398e-18       5.89398e-18
  48.8000000       5.83847e-18       5.83847e-18
  48.9000000       5.78295e-18       5.78295e-18
  49.0000000       5.72744e-18       5.72744e-18
  49.1000000       5.67192e-18       5.67192e-18
  49.2000000       5.61641e-18       5.61641e-18
  49.3000000       5.56089e-18       5.56089e-18
  49.4000000       5.50538e-18       5.50538e-18
  49.5000000       5.44986e-18       5.44986e-18
  49.6000000       5.39435e-18       5.39435e-18
  49.7000000       5.33883e-18       5.33883e-18
  49.8000000       5.28332e-18       5.28332e-18
  49.9000000       5.22780e-18       5.22780e-18
  50.0000000       5.17229e-18       5.17229e-18
  50.1000000       5.11677e-18       5.11677e-18
  50.2000000       5.06126e-18       5.06126e-18
  50.3000000       5.00574e-18       5.00574e-18
  50.4000000       4.95023e-18       4.95023e-18
  50.5000000       4.89471e-18       4.89471e-18
  50.6000000       4.83920e-18       4.83920e-18
  50.7000000       4.78368e-18       4.78368e-18
  50.8000000       4.72841e-18       4.72841e-18
  50.9000000       4.67459e-18       4.67459e-18
  51.0000000       4.62101e-18       4.62101e-18
  51.1000000       4.56743e-18       4.56743e-18
  51.2000000       4.51385e-18       4.51385e-18
  51.3000000       4.46027e-18       4.46027e-18
  51.4000000       4.40669e-18       4.40669e-18
  51.5000000       4.35311e-18       4.35311e-18
  51.6000000       4.29952e-18       4.29952e-18
  51.7000000       4.24594e-18       4.24594e-18
  51.8000000       4.19236e-18       4.19236e-18
  51.9000000       4.13878e-18       4.13878e-18
  52.0000000       4.08520e-18       4.08520e-18
  52.1000000       4.03162e-18       4.03162e-18
  52.2000000       3.97804e-18       3.97804e-18
  52.3000000       3.92446e-18       3.92446e-18
  52.4000000       3.87088e-18       3.87088e-18
  52.5000000       3.81730e-18       3.81730e-18
  52.6000000       3.77777e-18       3.77777e-18
  52.7000000       3.82253e-18       3.82253e-18
  52.8000000       3.88133e-18       3.88133e-18
  52.9000000       3.94014e-18       3.94014e-18
  53.0000000       3.99895e-18       3.99895e-18
  53.1000000       4.05776e-18       4.05776e-18
  53.2000000       4.11657e-18       4.11657e-18
  53.3000000       4.17537e-18       4.17537e-18
  53.4000000       4.23418e-18       4.23418e-18
  53.5000000       4.29299e-18       4.29299e-18
  53.6000000       4.35180e-18       4.35180e-18
  53.7000000       4.41061e-18       4.41061e-18
  53.8000000       4.46941e-18       4.46941e-18
  53.9000000       4.52822e-18       4.52822e-18
  54.0000000       4.58703e-18       4.58703e-18
  54.1000000       4.64584e-18       4.64584e-18
  54.2000000       4.69092e-18       4.69092e-18
  54.3000000       4.65368e-18       4.65368e-18
  54.4000000       4.60271e-18       4.60271e-18
  54.5000000       4.55175e-18       4.55175e-18
  54.6000000       4.50078e-18       4.50078e-18
  54.7000000       4.44981e-18       4.44981e-18
  54.8000000       4.39884e-18       4.39884e-18
  54.9000000       4.34788e-18       4.34788e-18
  55.0000000       4.29691e-18       4.29691e-18
  55.1000000       4.24594e-18       4.24594e-18
  55.2000000       4.19498e-18       4.19498e-18
  55.3000000       4.14401e-18       4.14401e-18
  55.4000000       4.10268e-18       4.10268e-18
  55.5000000       4.11918e-18       4.11918e-18
  55.6000000       4.14532e-18       4.14532e-18
  55.7000000       4.17145e-18       4.17145e-18
  55.8000000       4.19759e-18       4.19759e-18
  55.9000000       4.22373e-18       4.22373e-18
  56.0000000       4.24986e-18       4.24986e-18
  56.1000000       4.27600e-18       4.27600e-18
  56.2000000       4.30214e-18       4.30214e-18
  56.3000000       4.32827e-18       4.32827e-18
  56.4000000       4.35441e-18       4.35441e-18
  56.5000000       4.38055e-18       4.38055e-18
  56.6000000       4.40669e-18       4.40669e-18
  56.7000000       4.43282e-18       4.43282e-18
  56.8000000       4.45896e-18       4.45896e-18
  56.9000000       4.48510e-18       4.48510e-18
  57.0000000       4.51123e-18       4.51123e-18
  57.1000000       4.53737e-18       4.53737e-18
  57.2000000       4.55349e-18       4.55349e-18
  57.3000000       4.50949e-18       4.50949e-18
  57.4000000       4.45547e-18       4.45547e-18
  57.5000000       4.40146e-18       4.40146e-18
  57.6000000       4.34744e-18       4.34744e-18
  57.7000000       4.29343e-18       4.29343e-18
  57.8000000       4.23941e-18       4.23941e-18
  57.9000000       4.18539e-18       4.18539e-18
  58.0000000       4.13138e-18       4.13138e-18
  58.1000000       4.07736e-18       4.07736e-18
  58.2000000       4.02334e-18       4.02334e-18
  58.3000000       3.96933e-18       3.96933e-18
  58.4000000       3.91531e-18       3.91531e-18
  58.5000000       3.86130e-18       3.86130e-18
  58.6000000       3.80728e-18       3.80728e-18
  58.7000000       3.75326e-18       3.75326e-18
  58.8000000       3.69925e-18       3.69925e-18
  58.9000000       3.64523e-18       3.64523e-18
  59.0000000       3.59121e-18       3.59121e-18
  59.1000000       3.53720e-18       3.53720e-18
  59.2000000       3.48318e-18       3.48318e-18
  59.3000000       3.42916e-18       3.42916e-18
  59.4000000       3.37515e-18       3.37515e-18
  59.5000000       3.32113e-18       3.32113e-18
  59.6000000       3.26712e-18       3.26712e-18
  59.7000000       3.21310e-18       3.21310e-18
  59.8000000       3.15908e-18       3.15908e-18
  59.9000000       3.11711e-18       3.11711e-18
  60.0000000       3.14741e-18       3.14741e-18
  60.1000000       3.18975e-18       3.18975e-18
  60.2000000       3.23209e-18       3.23209e-18
  60.3000000       3.27443e-18       3.27443e-18
  60.4000000       3.31678e-18       3.31678e-18
  60.5000000       3.35912e-18       3.35912e-18
  60.6000000       3.40146e-18       3.40146e-18
  60.7000000       3.44380e-18       3.44380e-18
  60.8000000       3.48614e-18       3.48614e-18
  60.9000000       3.52039e-18       3.52039e-18
  61.0000000       3.50608e-18       3.50608e-18
  61.1000000       3.48368e-18       3.48368e-18
  61.2000000       3.46128e-18       3.46128e-18
  61.3000000       3.43887e-18       3.43887e-18
  61.4000000       3.41647e-18       3.41647e-18
  61.5000000       3.39407e-18       3.39407e-18
  61.6000000       3.37166e-18       3.37166e-18
  61.7000000       3.34926e-18       3.34926e-18
  61.8000000       3.32686e-18       3.32686e-18
  61.9000000       3.30445e-18       3.30445e-18
  62.0000000       3.28205e-18       3.28205e-18
  62.1000000       3.25965e-18       3.25965e-18
  62.2000000       3.23724e-18       3.23724e-18
  62.3000000       3.21484e-18       3.21484e-18
  62.4000000       3.19244e-18       3.19244e-18
  62.5000000       3.17004e-18       3.17004e-18
  62.6000000       3.14763e-18       3.14763e-18
  62.7000000       3.12523e-18       3.12523e-18
  62.8000000       3.10283e-18       3.10283e-18
  62.9000000       3.08042e-18       3.08042e-18
  63.0000000       3.05827e-18       3.05827e-18
  63.1000000       3.03763e-18       3.03763e-18
  63.2000000       3.01725e-18       3.01725e-18
  63.3000000       2.99686e-18       2.99686e-18
  63.4000000       2.97647e-18       2.97647e-18
  63.5000000       2.95609e-18       2.95609e-18
  63.6000000       2.93570e-18       2.93570e-18
  63.7000000       2.91531e-18       2.91531e-18
  63.8000000       2.89493e-18       2.89493e-18
  63.9000000       2.87454e-18       2.87454e-18
  64.0000000       2.85415e-18       2.85415e-18
  64.1000000       2.83377e-18       2.83377e-18
  64.2000000       2.81338e-18       2.81338e-18
  64.3000000       2.79299e-18       2.79299e-18
  64.4000000       2.77261e-18       2.77261e-18
  64.5000000       2.75222e-18       2.75222e-18
  64.6000000       2.73183e-18       2.73183e-18
  64.7000000       2.71144e-18       2.71144e-18
  64.8000000       2.69106e-18       2.69106e-18
  64.9000000       2.67067e-18       2.67067e-18
  65.0000000       2.65028e-18       2.65028e-18
  65.1000000       2.62990e-18       2.62990e-18
  65.2000000       2.60951e-18       2.60951e-18
  65.3000000       2.58912e-18       2.58912e-18
  65.4000000       2.56874e-18       2.56874e-18
  65.5000000       2.54835e-18       2.54835e-18
  65.6000000       2.52796e-18       2.52796e-18
  65.7000000       2.50758e-18       2.50758e-18
  65.8000000       2.48719e-18       2.48719e-18
  65.9000000       2.46680e-18       2.46680e-18
  66.0000000       2.44783e-18       2.44783e-18
  66.1000000       2.43737e-18       2.43737e-18
  66.2000000       2.42832e-18       2.42832e-18
  66.3000000       2.41927e-18       2.41927e-18
  66.4000000       2.41023e-18       2.41023e-18
  66.5000000       2.40118e-18       2.40118e-18
  66.6000000       2.39213e-18       2.39213e-18
  66.7000000       2.38308e-18       2.38308e-18
  66.8000000       2.37404e-18       2.37404e-18
  66.9000000       2.36499e-18       2.36499e-18
  67.0000000       2.35594e-18       2.35594e-18
  67.1000000       2.34689e-18       2.34689e-18
  67.2000000       2.33785e-18       2.33785e-18
  67.3000000       2.32880e-18       2.32880e-18
  67.4000000       2.31975e-18       2.31975e-18
  67.5000000       2.31071e-18       2.31071e-18
  67.6000000       2.30166e-18       2.30166e-18
  67.7000000       2.29261e-18       2.29261e-18
  67.8000000       2.28356e-18       2.28356e-18
  67.9000000       2.27452e-18       2.27452e-18
  68.0000000       2.26547e-18       2.26547e-18
  68.1000000       2.25642e-18       2.25642e-18
  68.2000000       2.24737e-18       2.24737e-18
  68.3000000       2.23833e-18       2.23833e-18
  68.4000000       2.22928e-18       2.22928e-18
  68.5000000       2.22023e-18       2.22023e-18
  68.6000000       2.21750e-18       2.21750e-18
  68.7000000       2.25270e-18       2.25270e-18
  68.8000000       2.29421e-18       2.29421e-18
  68.9000000       2.33572e-18       2.33572e-18
  69.0000000       2.37723e-18       2.37723e-18
  69.1000000       2.41874e-18       2.41874e-18
  69.2000000       2.46025e-18       2.46025e-18
  69.3000000       2.50177e-18       2.50177e-18
  69.4000000       2.54328e-18       2.54328e-18
  69.5000000       2.58479e-18       2.58479e-18
  69.6000000       2.62630e-18       2.62630e-18
  69.7000000       2.66781e-18       2.66781e-18
  69.8000000       2.70932e-18       2.70932e-18
  69.9000000       2.75083e-18       2.75083e-18
  70.0000000       2.79235e-18       2.79235e-18
  70.1000000       2.83386e-18       2.83386e-18
  70.2000000       2.87537e-18       2.87537e-18
  70.3000000       2.89947e-18       2.89947e-18
  70.4000000       2.81913e-18       2.81913e-18
  70.5000000       2.72138e-18       2.72138e-18
  70.6000000       2.62362e-18       2.62362e-18
  70.7000000       2.52587e-18       2.52587e-18
  70.8000000       2.42812e-18       2.42812e-18
  70.9000000       2.33037e-18       2.33037e-18
  71.0000000       2.23262e-18       2.23262e-18
  71.1000000       2.13486e-18       2.13486e-18
  71.2000000       2.03711e-18       2.03711e-18
  71.3000000       1.93936e-18       1.93936e-18
  71.4000000       1.84161e-18       1.84161e-18
  71.5000000       1.74386e-18       1.74386e-18
  71.6000000       1.64610e-18       1.64610e-18
  71.7000000       1.54835e-18       1.54835e-18
  71.8000000       1.45060e-18       1.45060e-18
  71.9000000       1.35285e-18       1.35285e-18
  72.0000000       1.25510e-18       1.25510e-18
  72.1000000       1.15734e-18       1.15734e-18
  72.2000000       1.05959e-18       1.05959e-18
  72.3000000       9.61839e-19       9.61839e-19
  72.4000000       8.64087e-19       8.64087e-19
  72.5000000       7.66335e-19       7.66335e-19
  72.6000000       6.68583e-19       6.68583e-19
  72.7000000       5.70830e-19       5.70830e-19
  72.8000000       4.73078e-19       4.73078e-19
  72.9000000       3.75326e-19       3.75326e-19
  73.0000000       3.31841e-19       3.31841e-19
  73.1000000       6.13956e-19       6.13956e-19
  73.2000000       9.50339e-19       9.50339e-19
  73.3000000       1.28672e-18       1.28672e-18
  73.4000000       1.62310e-18       1.62310e-18
  73.5000000       1.95949e-18       1.95949e-18
  73.6000000       2.29587e-18       2.29587e-18
  73.7000000       2.63225e-18       2.63225e-18
  73.8000000       2.96863e-18       2.96863e-18
  73.9000000       3.30501e-18       3.30501e-18
  74.0000000       3.64140e-18       3.64140e-18
  74.1000000       3.97778e-18       3.97778e-18
  74.2000000       4.31416e-18       4.31416e-18
  74.3000000       4.65054e-18       4.65054e-18
  74.4000000       6.30628e-18       6.30628e-18
  74.5000000       1.58782e-17       1.58782e-17
  74.6000000       2.67694e-17       2.67694e-17
  74.7000000       3.76607e-17       3.76607e-17
  74.8000000       4.56752e-17       4.56752e-17
  74.9000000       3.64293e-17       3.64293e-17
  75.0000000       2.43066e-17       2.43066e-17
  75.1000000       1.21839e-17       1.21839e-17
  75.2000000       1.61303e-18       1.61303e-18
  75.3000000       3.53437e-19       3.53437e-19
  75.4000000       6.45713e-19       6.45713e-19
  75.5000000       9.37989e-19       9.37989e-19
  75.6000000       1.23027e-18       1.23027e-18
  75.7000000       1.52254e-18       1.52254e-18
  75.8000000       1.81482e-18       1.81482e-18
  75.9000000       2.10709e-18       2.10709e-18
  76.0000000       2.34884e-18       2.34884e-18
  76.1000000       2.28740e-18       2.28740e-18
  76.2000000       2.17543e-18       2.17543e-18
  76.3000000       2.06346e-18       2.06346e-18
  76.4000000       1.95149e-18       1.95149e-18
  76.5000000       1.83952e-18       1.83952e-18
  76.6000000       1.72755e-18       1.72755e-18
  76.7000000       1.61558e-18       1.61558e-18
  76.8000000       1.50361e-18       1.50361e-18
  76.9000000       1.39163e-18       1.39163e-18
  77.0000000       1.27966e-18       1.27966e-18
  77.1000000       1.16769e-18       1.16769e-18
  77.2000000       1.05572e-18       1.05572e-18
  77.3000000       9.43752e-19       9.43752e-19
  77.4000000       8.31782e-19       8.31782e-19
  77.5000000       7.19811e-19       7.19811e-19
  77.6000000       6.07840e-19       6.07840e-19
  77.7000000       4.95870e-19       4.95870e-19
  77.8000000       3.83899e-19       3.83899e-19
  77.9000000       2.71929e-19       2.71929e-19
  78.0000000       1.77556e-19       1.77556e-19
  78.1000000       1.88774e-19       1.88774e-19
  78.2000000       2.17590e-19       2.17590e-19
  78.3000000       2.46406e-19       2.46406e-19
  78.4000000       2.75222e-19       2.75222e-19
  78.5000000       3.04038e-19       3.04038e-19
  78.6000000       3.32854e-19       3.32854e-19
  78.7000000       3.61670e-19       3.61670e-19
  78.8000000       6.97008e-19       6.97008e-19
  78.9000000       2.87148e-18       2.87148e-18
  79.0000000       5.35248e-18       5.35248e-18
  79.1000000       7.83347e-18       7.83347e-18
  79.2000000       1.03145e-17       1.03145e-17
  79.3000000       1.27955e-17       1.27955e-17
  79.4000000       1.52765e-17       1.52765e-17
  79.5000000       1.77575e-17       1.77575e-17
  79.6000000       2.02384e-17       2.02384e-17
  79.7000000       2.27194e-17       2.27194e-17
  79.8000000       2.52004e-17       2.52004e-17
  79.9000000       2.76814e-17       2.76814e-17
  80.0000000       3.01624e-17       3.01624e-17
  80.1000000       3.26434e-17       3.26434e-17
  80.2000000       3.51244e-17       3.51244e-17
  80.3000000       3.76054e-17       3.76054e-17
  80.4000000       4.00864e-17       4.00864e-17
  80.5000000       4.25674e-17       4.25674e-17
  80.6000000       4.50484e-17       4.50484e-17
  80.7000000       4.75294e-17       4.75294e-17
  80.8000000       4.88181e-17       4.88181e-17
  80.9000000       4.29534e-17       4.29534e-17
  81.0000000       3.58965e-17       3.58965e-17
  81.1000000       2.88395e-17       2.88395e-17
  81.2000000       2.17825e-17       2.17825e-17
  81.3000000       1.47255e-17       1.47255e-17
  81.4000000       7.66857e-18       7.66857e-18
  81.5000000       1.48986e-18       1.48986e-18
  81.6000000       5.80652e-19       5.80652e-19
  81.7000000       5.49701e-19       5.49701e-19
  81.8000000       5.18749e-19       5.18749e-19
  81.9000000       4.87798e-19       4.87798e-19
  82.0000000       4.56846e-19       4.56846e-19
  82.1000000       4.25894e-19       4.25894e-19
  82.2000000       3.94943e-19       3.94943e-19
  82.3000000       3.63991e-19       3.63991e-19
  82.4000000       3.33039e-19       3.33039e-19
  82.5000000       3.02088e-19       3.02088e-19
  82.6000000       2.71136e-19       2.71136e-19
  82.7000000       2.40185e-19       2.40185e-19
  82.8000000       2.09233e-19       2.09233e-19
  82.9000000       1.78281e-19       1.78281e-19
  83.0000000       1.47330e-19       1.47330e-19
  83.1000000       1.16378e-19       1.16378e-19
  83.2000000       8.54265e-20       8.54265e-20
  83.3000000       5.44749e-20       5.44749e-20
  83.4000000       2.76862e-20       2.76862e-20
  83.5000000       2.58756e-20       2.58756e-20
  83.6000000       2.82279e-20       2.82279e-20
  83.7000000       3.05802e-20       3.05802e-20
  83.8000000       3.29325e-20       3.29325e-20
  83.9000000       3.52848e-20       3.52848e-20
  84.0000000       3.76372e-20       3.76372e-20
  84.1000000       3.99895e-20       3.99895e-20
  84.2000000       4.23418e-20       4.23418e-20
  84.3000000       4.46941e-20       4.46941e-20
  84.4000000       4.70465e-20       4.70465e-20
  84.5000000       4.93988e-20       4.93988e-20
  84.6000000       5.17511e-20       5.17511e-20
  84.7000000       5.41034e-20       5.41034e-20
  84.8000000       5.64558e-20       5.64558e-20
  84.9000000       5.88081e-20       5.88081e-20
  85.0000000       6.11604e-20       6.11604e-20
  85.1000000       6.35127e-20       6.35127e-20
  85.2000000       6.58651e-20       6.58651e-20
  85.3000000       6.82174e-20       6.82174e-20
  85.4000000       7.05697e-20       7.05697e-20
  85.5000000       7.29220e-20       7.29220e-20
  85.6000000       7.52743e-20       7.52743e-20
  85.7000000       7.76267e-20       7.76267e-20
  85.8000000       7.99790e-20       7.99790e-20
  85.9000000       8.23313e-20       8.23313e-20
  86.0000000       8.53880e-20       8.53880e-20
  86.1000000       9.26705e-20       9.26705e-20
  86.2000000       1.00657e-19       1.00657e-19
  86.3000000       1.08644e-19       1.08644e-19
  86.4000000       1.16631e-19       1.16631e-19
  86.5000000       1.24618e-19       1.24618e-19
  86.6000000       1.32605e-19       1.32605e-19
  86.7000000       1.40592e-19       1.40592e-19
  86.8000000       1.48578e-19       1.48578e-19
  86.9000000       1.56565e-19       1.56565e-19
  87.0000000       1.64552e-19       1.64552e-19
  87.1000000       1.72539e-19       1.72539e-19
  87.2000000       1.80526e-19       1.80526e-19
  87.3000000       1.88513e-19       1.88513e-19
  87.4000000       1.96500e-19       1.96500e-19
  87.5000000       2.04486e-19       2.04486e-19
  87.6000000       2.12473e-19       2.12473e-19
  87.7000000       2.20460e-19       2.20460e-19
  87.8000000       2.28447e-19       2.28447e-19
  87.9000000       2.36434e-19       2.36434e-19
  88.0000000       2.44421e-19       2.44421e-19
  88.1000000       2.52408e-19       2.52408e-19
  88.2000000       2.60394e-19       2.60394e-19
  88.3000000       2.68381e-19       2.68381e-19
  88.4000000       2.76368e-19       2.76368e-19
  88.5000000       2.84355e-19       2.84355e-19
  88.6000000       2.92342e-19       2.92342e-19
  88.7000000       3.00329e-19       3.00329e-19
  88.8000000       3.08316e-19       3.08316e-19
  88.9000000       3.16302e-19       3.16302e-19
  89.0000000       3.24289e-19       3.24289e-19
  89.1000000       3.32276e-19       3.32276e-19
  89.2000000       3.40263e-19       3.40263e-19
  89.3000000       3.48250e-19       3.48250e-19
  89.4000000       3.56237e-19       3.56237e-19
  89.5000000       3.64223e-19       3.64223e-19
  89.6000000       3.72210e-19       3.72210e-19
  89.7000000       3.80197e-19       3.80197e-19
  89.8000000       3.88184e-19       3.88184e-19
  89.9000000       3.96171e-19       3.96171e-19
  90.0000000       4.04158e-19       4.04158e-19
  90.1000000       4.12145e-19       4.12145e-19
  90.2000000       4.20131e-19       4.20131e-19
  90.3000000       4.28118e-19       4.28118e-19
  90.4000000       4.36105e-19       4.36105e-19
  90.5000000       4.44092e-19       4.44092e-19
  90.6000000       4.52079e-19       4.52079e-19
  90.7000000       4.60066e-19       4.60066e-19
  90.8000000       4.68053e-19       4.68053e-19
  90.9000000       4.76039e-19       4.76039e-19
  91.0000000       4.84026e-19       4.84026e-19
  91.1000000       4.92013e-19       4.92013e-19
  91.2000000       4.99002e-19       4.99002e-19
  91.3000000       5.00000e-19       5.00000e-19
  91.4000000       5.00000e-19       5.00000e-19
  91.5000000       5.00000e-19       5.00000e-19
  91.6000000       5.00000e-19       5.00000e-19
  91.7000000       5.00000e-19       5.00000e-19
  91.8000000       5.00000e-19       5.00000e-19
  91.9000000       5.00000e-19       5.00000e-19
  92.0000000       5.00000e-19       5.00000e-19
  92.1000000       5.00000e-19       5.00000e-19
  92.2000000       5.00000e-19       5.00000e-19
  92.3000000       5.00000e-19       5.00000e-19
  92.4000000       5.00000e-19       5.00000e-19
  92.5000000       5.00000e-19       5.00000e-19
  92.6000000       5.00000e-19       5.00000e-19
  92.7000000       5.00000e-19       5.00000e-19
  92.8000000       5.00000e-19       5.00000e-19
  92.9000000       5.00000e-19       5.00000e-19
  93.0000000       5.00000e-19       5.00000e-19
  93.1000000       5.00000e-19       5.00000e-19
  93.2000000       5.00000e-19       5.00000e-19
  93.3000000       5.00000e-19       5.00000e-19
  93.4000000       5.00000e-19       5.00000e-19
  93.5000000       5.00000e-19       5.00000e-19
  93.6000000       5.00000e-19       5.00000e-19
  93.7000000       5.00000e-19       5.00000e-19
  93.8000000       5.00000e-19       5.00000e-19
  93.9000000       5.00000e-19       5.00000e-19
  94.0000000       5.00000e-19       5.00000e-19
  94.1000000       5.00000e-19       5.00000e-19
  94.2000000       5.00000e-19       5.00000e-19
  94.3000000       5.00000e-19       5.00000e-19
  94.4000000       5.00000e-19       5.00000e-19
  94.5000000       5.00000e-19       5.00000e-19
  94.6000000       5.00000e-19       5.00000e-19
  94.7000000       5.00000e-19       5.00000e-19
  94.8000000       5.00000e-19       5.00000e-19
  94.9000000       5.00000e-19       5.00000e-19
  95.0000000       5.00000e-19       5.00000e-19
  95.1000000       5.00000e-19       5.00000e-19
  95.2000000       5.00000e-19       5.00000e-19
  95.3000000       5.00000e-19       5.00000e-19
  95.4000000       5.00000e-19       5.00000e-19
  95.5000000       5.00000e-19       5.00000e-19
  95.6000000       5.00000e-19       5.00000e-19
  95.7000000       5.00000e-19       5.00000e-19
  95.8000000       5.00000e-19       5.00000e-19
  95.9000000       5.00000e-19       5.00000e-19
  96.0000000       5.00000e-19       5.00000e-19
  96.1000000       5.00000e-19       5.00000e-19
  96.2000000       5.00000e-19       5.00000e-19
  96.3000000       5.00000e-19       5.00000e-19
  96.4000000       5.00000e-19       5.00000e-19
  96.5000000       5.00000e-19       5.00000e-19
  96.6000000       5.00000e-19       5.00000e-19
  96.7000000       5.00000e-19       5.00000e-19
  96.8000000       5.00000e-19       5.00000e-19
  96.9000000       5.00000e-19       5.00000e-19
  97.0000000       5.00000e-19       5.00000e-19
  97.1000000       5.00000e-19       5.00000e-19
  97.2000000       5.00000e-19       5.00000e-19
  97.3000000       5.00000e-19       5.00000e-19
  97.4000000       5.00000e-19       5.00000e-19
  97.5000000       5.00000e-19       5.00000e-19
  97.6000000       5.00000e-19       5.00000e-19
  97.7000000       5.00000e-19       5.00000e-19
  97.8000000       5.00000e-19       5.00000e-19
  97.9000000       5.00000e-19       5.00000e-19
  98.0000000       5.00000e-19       5.00000e-19
  98.1000000       5.00000e-19       5.00000e-19
  98.2000000       5.00000e-19       5.00000e-19
  98.3000000       5.00000e-19       5.00000e-19
  98.4000000       5.00000e-19       5.00000e-19
  98.5000000       5.00000e-19       5.00000e-19
  98.6000000       5.00000e-19       5.00000e-19
  98.7000000       5.00000e-19       5.00000e-19
  98.8000000       5.00000e-19       5.00000e-19
  98.9000000       5.00000e-19       5.00000e-19
  99.0000000       5.00000e-19       5.00000e-19
  99.1000000       5.00000e-19       5.00000e-19
  99.2000000       5.00000e-19       5.00000e-19
  99.3000000       5.00000e-19       5.00000e-19
  99.4000000       5.00000e-19       5.00000e-19
  99.5000000       5.00000e-19       5.00000e-19
  99.6000000       5.00000e-19       5.00000e-19
  99.7000000       5.00000e-19       5.00000e-19
  99.8000000       5.00000e-19       5.00000e-19
  99.9000000       5.00000e-19       5.00000e-19
 100.0000000       5.00000e-19       5.00000e-19
 100.1000000       5.00000e-19       5.00000e-19
 100.2000000       5.00000e-19       5.00000e-19
 100.3000000       5.00000e-19       5.00000e-19
 100.4000000       5.00000e-19       5.00000e-19
 100.5000000       5.00000e-19       5.00000e-19
 100.6000000       5.00000e-19       5.00000e-19
 100.7000000       5.00000e-19       5.00000e-19
 100.8000000       5.00000e-19       5.00000e-19
 100.9000000       5.00000e-19       5.00000e-19
 101.0000000       5.00000e-19       5.00000e-19
 101.1000000       5.00000e-19       5.00000e-19
 101.2000000       5.00000e-19       5.00000e-19
 101.3000000       5.00000e-19       5.00000e-19
 101.4000000       5.00000e-19       5.00000e-19
 101.5000000       5.00000e-19       5.00000e-19
 101.6000000       5.00000e-19       5.00000e-19
 101.7000000       5.00000e-19       5.00000e-19
 101.8000000       5.00000e-19       5.00000e-19
 101.9000000       5.00000e-19       5.00000e-19
 102.0000000       5.00000e-19       5.00000e-19
 102.1000000       5.00000e-19       5.00000e-19
 102.2000000       5.00000e-19       5.00000e-19
 102.3000000       5.00000e-19       5.00000e-19
 102.4000000       5.00000e-19       5.00000e-19
 102.5000000       5.00000e-19       5.00000e-19
 102.6000000       5.00000e-19       5.00000e-19
 102.7000000       5.00000e-19       5.00000e-19
 102.8000000       5.00000e-19       5.00000e-19
 102.9000000       5.00000e-19       5.00000e-19
 103.0000000       5.00000e-19       5.00000e-19
 103.1000000       5.00000e-19       5.00000e-19
 103.2000000       5.00000e-19       5.00000e-19
 103.3000000       5.00000e-19       5.00000e-19
 103.4000000       5.00000e-19       5.00000e-19
 103.5000000       3.46856e-18       3.46856e-18
 103.6000000       4.37363e-18       4.37363e-18
 103.7000000       5.46012e-18       5.46012e-18
 103.8000000       7.07712e-18       7.07712e-18
 103.9000000       9.63585e-18       9.63585e-18
 104.0000000       1.40394e-17       1.40394e-17
 104.1000000       2.44165e-17       2.44165e-17
 104.2000000       4.51997e-17       4.51997e-17
 104.3000000       1.14246e-16       1.14246e-16
 104.4000000       5.47446e-16       5.47446e-16
 104.5000000       7.27543e-16       7.27543e-16
 104.6000000       1.52206e-16       1.52206e-16
 104.7000000       6.36610e-17       6.36610e-17
 104.8000000       5.11470e-17       5.11470e-17
 104.9000000       8.29569e-17       8.29569e-17
 105.0000000       3.42113e-16       3.42113e-16
 105.1000000       4.48387e-16       4.48387e-16
 105.2000000       9.33845e-17       9.33845e-17
 105.3000000       3.49044e-17       3.49044e-17
 105.4000000       1.88839e-17       1.88839e-17
 105.5000000       9.68899e-18       9.68899e-18
 105.6000000       6.50423e-18       6.50423e-18
 105.7000000       4.77449e-18       4.77449e-18
 105.8000000       3.69725e-18       3.69725e-18
 105.9000000       2.98129e-18       2.98129e-18
 106.0000000       2.48142e-18       2.48142e-18
 106.1000000       6.78171e-19       6.78171e-19
 106.2000000       5.00000e-19       5.00000e-19
 106.3000000       5.00000e-19       5.00000e-19
 106.4000000       5.00000e-19       5.00000e-19
 106.5000000       5.00000e-19       5.00000e-19
 106.6000000       5.00000e-19       5.00000e-19
 106.7000000       5.00000e-19       5.00000e-19
 106.8000000       5.00000e-19       5.00000e-19
 106.9000000       5.00000e-19       5.00000e-19
 107.0000000       5.00000e-19       5.00000e-19
 107.1000000       5.00000e-19       5.00000e-19
 107.2000000       5.00000e-19       5.00000e-19
 107.3000000       5.00000e-19       5.00000e-19
 107.4000000       5.00000e-19       5.00000e-19
 107.5000000       5.00000e-19       5.00000e-19
 107.6000000       5.00000e-19       5.00000e-19
 107.7000000       5.00000e-19       5.00000e-19
 107.8000000       5.00000e-19       5.00000e-19
 107.9000000       5.00000e-19       5.00000e-19
 108.0000000       5.00000e-19       5.00000e-19
 108.1000000       5.00000e-19       5.00000e-19
 108.2000000       5.00000e-19       5.00000e-19
 108.3000000       5.00000e-19       5.00000e-19
 108.4000000       5.00000e-19       5.00000e-19
 108.5000000       5.00000e-19       5.00000e-19
 108.6000000       5.00000e-19       5.00000e-19
 108.7000000       5.00000e-19       5.00000e-19
 108.8000000       5.00000e-19       5.00000e-19
 108.9000000       5.00000e-19       5.00000e-19
 109.0000000       5.00000e-19       5.00000e-19
 109.1000000       5.00000e-19       5.00000e-19
 109.2000000       5.00000e-19       5.00000e-19
 109.3000000       5.00000e-19       5.00000e-19
 109.4000000       5.00000e-19       5.00000e-19
 109.5000000       5.00000e-19       5.00000e-19
 109.6000000       5.00000e-19       5.00000e-19
 109.7000000       5.00000e-19       5.00000e-19
 109.8000000       5.00000e-19       5.00000e-19
 109.9000000       7.27705e-19       7.27705e-19
 110.0000000       8.27929e-19       8.27929e-19
 110.1000000       1.38245e-18       1.38245e-18
 110.2000000       1.55051e-18       1.55051e-18
 110.3000000       1.69332e-18       1.69332e-18
 110.4000000       2.30996e-18       2.30996e-18
 110.5000000       2.95971e-18       2.95971e-18
 110.6000000       3.82923e-18       3.82923e-18
 110.7000000       5.91960e-18       5.91960e-18
 110.8000000       8.68085e-18       8.68085e-18
 110.9000000       1.14850e-17       1.14850e-17
 111.0000000       9.34163e-18       9.34163e-18
 111.1000000       6.93770e-18       6.93770e-18
 111.2000000       5.26893e-18       5.26893e-18
 111.3000000       3.91804e-18       3.91804e-18
 111.4000000       2.66677e-18       2.66677e-18
 111.5000000       2.09151e-18       2.09151e-18
 111.6000000       2.24834e-18       2.24834e-18
 111.7000000       1.56838e-18       1.56838e-18
 111.8000000       9.20843e-19       9.20843e-19
 111.9000000       7.88718e-19       7.88718e-19
 112.0000000       1.04075e-18       1.04075e-18
 112.1000000       1.12688e-18       1.12688e-18
 112.2000000       1.11286e-18       1.11286e-18
 112.3000000       1.02985e-18       1.02985e-18
 112.4000000       9.06614e-19       9.06614e-19
 112.5000000       8.07720e-19       8.07720e-19
 112.6000000       7.72102e-19       7.72102e-19
 112.7000000       7.04722e-19       7.04722e-19
 112.8000000       6.46887e-19       6.46887e-19
 112.9000000       6.01061e-19       6.01061e-19
 113.0000000       5.71427e-19       5.71427e-19
 113.1000000       5.21794e-19       5.21794e-19
 113.2000000       4.62740e-19       4.62740e-19
 113.3000000       4.24523e-19       4.24523e-19
 113.4000000       4.03967e-19       4.03967e-19
 113.5000000       3.77136e-19       3.77136e-19
 113.6000000       3.43684e-19       3.43684e-19
 113.7000000       3.20044e-19       3.20044e-19
 113.8000000       3.04084e-19       3.04084e-19
 113.9000000       2.89212e-19       2.89212e-19
 114.0000000       2.74198e-19       2.74198e-19
 114.1000000       2.57897e-19       2.57897e-19
 114.2000000       2.41354e-19       2.41354e-19
 114.3000000       2.26474e-19       2.26474e-19
 114.4000000       2.16321e-19       2.16321e-19
 114.5000000       2.09317e-19       2.09317e-19
 114.6000000       2.02405e-19       2.02405e-19
 114.7000000       1.92609e-19       1.92609e-19
 114.8000000       1.82679e-19       1.82679e-19
 114.9000000       1.69505e-19       1.69505e-19
 115.0000000       1.48227e-19       1.48227e-19
 115.1000000       1.30520e-19       1.30520e-19
 115.2000000       1.16572e-19       1.16572e-19
 115.3000000       1.06600e-19       1.06600e-19
 115.4000000       1.01154e-19       1.01154e-19
 115.5000000       9.89241e-20       9.89241e-20
 115.6000000       9.74330e-20       9.74330e-20
 115.7000000       8.77833e-20       8.77833e-20
 115.8000000       8.37050e-20       8.37050e-20
 115.9000000       8.27856e-20       8.27856e-20
 116.0000000       7.82052e-20       7.82052e-20
 116.1000000       6.98092e-20       6.98092e-20
 116.2000000       5.90383e-20       5.90383e-20
 116.3000000       4.91666e-20       4.91666e-20
 116.4000000       4.56573e-20       4.56573e-20
 116.5000000       4.56573e-20       4.56573e-20
 116.6000000       4.56350e-20       4.56350e-20
 116.7000000       4.24039e-20       4.24039e-20
 116.8000000       3.82795e-20       3.82795e-20
 116.9000000       3.79676e-20       3.79676e-20
 117.0000000       3.46876e-20       3.46876e-20
 117.1000000       2.97398e-20       2.97398e-20
 117.2000000       2.47984e-20       2.47984e-20
 117.3000000       2.28286e-20       2.28286e-20
 117.4000000       2.22396e-20       2.22396e-20
 117.5000000       1.90147e-20       1.90147e-20
 117.6000000       1.78253e-20       1.78253e-20
 117.7000000       1.78253e-20       1.78253e-20
 117.8000000       1.78253e-20       1.78253e-20
 117.9000000       1.78253e-20       1.78253e-20
 118.0000000       1.78253e-20       1.78253e-20
 118.1000000       1.78253e-20       1.78253e-20
 118.2000000       1.78253e-20       1.78253e-20
 118.3000000       1.89517e-20       1.89517e-20
 118.4000000       2.18812e-20       2.18812e-20
 118.5000000       2.02295e-20       2.02295e-20
 118.6000000       2.21509e-20       2.21509e-20
 118.7000000       3.45130e-20       3.45130e-20
 118.8000000       2.92942e-20       2.92942e-20
 118.9000000       2.16307e-20       2.16307e-20
 119.0000000       1.83346e-20       1.83346e-20
 119.1000000       1.78624e-20       1.78624e-20
 119.2000000       2.32178e-20       2.32178e-20
 119.3000000       2.77502e-20       2.77502e-20
 119.4000000       2.00537e-20       2.00537e-20
 119.5000000       2.05219e-20       2.05219e-20
 119.6000000       2.16256e-20       2.16256e-20
 119.7000000       1.84564e-20       1.84564e-20
 119.8000000       1.78253e-20       1.78253e-20
 119.9000000       1.78253e-20       1.78253e-20
 120.0000000       1.78253e-20       1.78253e-20
 120.1000000       1.78253e-20       1.78253e-20
 120.2000000       1.78253e-20       1.78253e-20
 120.3000000       1.78253e-20       1.78253e-20
 120.4000000       1.78253e-20       1.78253e-20
 120.5000000       1.78253e-20       1.78253e-20
 120.6000000       1.78253e-20       1.78253e-20
 120.7000000       1.79778e-20       1.79778e-20
 120.8000000       2.06895e-20       2.06895e-20
 120.9000000       2.14599e-20       2.14599e-20
 121.0000000       1.84539e-20       1.84539e-20
 121.1000000       1.78253e-20       1.78253e-20
 121.2000000       1.96381e-20       1.96381e-20
 121.3000000       2.57463e-20       2.57463e-20
 121.4000000       4.11644e-20       4.11644e-20
 121.5000000       5.29703e-20       5.29703e-20
 121.6000000       5.92130e-20       5.92130e-20
 121.7000000       5.48205e-20       5.48205e-20
 121.8000000       4.58778e-20       4.58778e-20
 121.9000000       4.60130e-20       4.60130e-20
 122.0000000       6.53105e-20       6.53105e-20
 122.1000000       6.32205e-20       6.32205e-20
 122.2000000       6.61140e-20       6.61140e-20
 122.3000000       7.34862e-20       7.34862e-20
 122.4000000       6.51537e-20       6.51537e-20
 122.5000000       5.17746e-20       5.17746e-20
 122.6000000       4.24854e-20       4.24854e-20
 122.7000000       5.66508e-20       5.66508e-20
 122.8000000       5.66488e-20       5.66488e-20
 122.9000000       5.70551e-20       5.70551e-20
 123.0000000       6.72904e-20       6.72904e-20
 123.1000000       7.36682e-20       7.36682e-20
 123.2000000       7.88806e-20       7.88806e-20
 123.3000000       8.47046e-20       8.47046e-20
 123.4000000       9.49957e-20       9.49957e-20
 123.5000000       1.02136e-19       1.02136e-19
 123.6000000       1.09235e-19       1.09235e-19
 123.7000000       1.24721e-19       1.24721e-19
 123.8000000       1.36624e-19       1.36624e-19
 123.9000000       1.44134e-19       1.44134e-19
 124.0000000       1.44864e-19       1.44864e-19
 124.1000000       1.49103e-19       1.49103e-19
 124.2000000       1.49998e-19       1.49998e-19
 124.3000000       1.45471e-19       1.45471e-19
 124.4000000       1.44584e-19       1.44584e-19
 124.5000000       1.52340e-19       1.52340e-19
 124.6000000       1.66131e-19       1.66131e-19
 124.7000000       1.72866e-19       1.72866e-19
 124.8000000       1.78054e-19       1.78054e-19
 124.9000000       1.83853e-19       1.83853e-19
 125.0000000       1.93291e-19       1.93291e-19
 125.1000000       1.94871e-19       1.94871e-19
 125.2000000       1.95362e-19       1.95362e-19
 125.3000000       2.14743e-19       2.14743e-19
 125.4000000       2.16375e-19       2.16375e-19
 125.5000000       2.15327e-19       2.15327e-19
 125.6000000       2.20713e-19       2.20713e-19
 125.7000000       2.25749e-19       2.25749e-19
 125.8000000       2.31317e-19       2.31317e-19
 125.9000000       2.37153e-19       2.37153e-19
 126.0000000       2.42685e-19       2.42685e-19
 126.1000000       2.61570e-19       2.61570e-19
 126.2000000       2.68429e-19       2.68429e-19
 126.3000000       2.64820e-19       2.64820e-19
 126.4000000       2.88810e-19       2.88810e-19
 126.5000000       2.96772e-19       2.96772e-19
 126.6000000       3.04129e-19       3.04129e-19
 126.7000000       3.23346e-19       3.23346e-19
 126.8000000       3.36364e-19       3.36364e-19
 126.9000000       3.45206e-19       3.45206e-19
 127.0000000       3.51076e-19       3.51076e-19
 127.1000000       3.56254e-19       3.56254e-19
 127.2000000       3.68897e-19       3.68897e-19
 127.3000000       3.81910e-19       3.81910e-19
 127.4000000       3.87159e-19       3.87159e-19
 127.5000000       3.88090e-19       3.88090e-19
 127.6000000       3.90772e-19       3.90772e-19
 127.7000000       3.97513e-19       3.97513e-19
 127.8000000       4.13282e-19       4.13282e-19
 127.9000000       4.09923e-19       4.09923e-19
 128.0000000       4.10061e-19       4.10061e-19
 128.1000000       4.26759e-19       4.26759e-19
 128.2000000       4.45123e-19       4.45123e-19
 128.3000000       4.62197e-19       4.62197e-19
 128.4000000       4.73829e-19       4.73829e-19
 128.5000000       4.79247e-19       4.79247e-19
 128.6000000       4.89105e-19       4.89105e-19
 128.7000000       5.05648e-19       5.05648e-19
 128.8000000       5.23466e-19       5.23466e-19
 128.9000000       5.26136e-19       5.26136e-19
 129.0000000       5.52742e-19       5.52742e-19
 129.1000000       5.64282e-19       5.64282e-19
 129.2000000       5.59631e-19       5.59631e-19
 129.3000000       5.71078e-19       5.71078e-19
 129.4000000       5.81260e-19       5.81260e-19
 129.5000000       5.91780e-19       5.91780e-19
 129.6000000       6.05138e-19       6.05138e-19
 129.7000000       6.24813e-19       6.24813e-19
 129.8000000       6.12570e-19       6.12570e-19
 129.9000000       6.10087e-19       6.10087e-19
 130.0000000       6.24373e-19       6.24373e-19
 130.1000000       6.30586e-19       6.30586e-19
 130.2000000       6.31626e-19       6.31626e-19
 130.3000000       6.46755e-19       6.46755e-19
 130.4000000       6.73738e-19       6.73738e-19
 130.5000000       6.98184e-19       6.98184e-19
 130.6000000       7.17089e-19       7.17089e-19
 130.7000000       7.18214e-19       7.18214e-19
 130.8000000       7.35403e-19       7.35403e-19
 130.9000000       7.57454e-19       7.57454e-19
 131.0000000       7.66293e-19       7.66293e-19
 131.1000000       7.63656e-19       7.63656e-19
 131.2000000       7.65993e-19       7.65993e-19
 131.3000000       7.76612e-19       7.76612e-19
 131.4000000       7.92177e-19       7.92177e-19
 131.5000000       8.02652e-19       8.02652e-19
 131.6000000       8.24960e-19       8.24960e-19
 131.7000000       8.58781e-19       8.58781e-19
 131.8000000       8.59879e-19       8.59879e-19
 131.9000000       8.59879e-19       8.59879e-19
 132.0000000       7.64833e-19       7.64833e-19
 132.1000000       5.30190e-19       5.30190e-19
