0          References for Cross Section of CCl4      Total   
Cross section:                                                                  
Lambda = 0.61-625.80 A                                                          
   Synthesized from cross sections of constituent atoms C + 4* Cl               
   Barfield, W. D., Koontz, G. D., Huebner W. F. (1972)                         
   J. Quant. Spectr. Rad. Trans. 12, 1409                                       
                                                                                
0          References for Cross Section of CCl4      CCl3/Cl 
Branching ratio:                                                                
Lambda = 1700.-2400. A                                                          
   Baulch, D. L., Cox, R. A., Crutzen, P. J., Hampson, Jr., R. F.,Kerr, J. A., T
   J. Phys. Chem. Ref. Data 11, 327                                             
                                                                                
0 Branching ratio for CCl4     Total        2 branches
 Lambda  Total   CCl3/Cl  CCl2/2Cl
    0.6 1.61E-21 1.61E-22 1.45E-21
    1.1 1.35E-20 1.35E-21 1.21E-20
    2.4 8.92E-20 8.94E-21 8.03E-20
    6.2 1.06E-19 1.07E-20 9.53E-20
   12.6 7.26E-19 7.36E-20 6.52E-19
   24.6 3.98E-18 4.09E-19 3.57E-18
   62.1 1.51E-18 1.62E-19 1.35E-18
  121.7 4.22E-18 4.82E-19 3.74E-18
  248.6 5.66E-18 7.31E-19 4.93E-18
  625.8 1.45E-16 2.52E-17 1.20E-16
 1600.0 1.80E-18 5.19E-19 1.28E-18
 1650.0 4.49E-18 1.32E-18 3.17E-18
 1700.0 6.46E-18 1.94E-18 4.52E-18
 1740.0 9.95E-18 3.22E-18 6.73E-18
 1760.0 1.01E-17 3.39E-18 6.71E-18
 1780.0 9.76E-18 3.40E-18 6.36E-18
 1800.0 7.72E-18 2.78E-18 4.94E-18
 1820.0 5.89E-18 2.24E-18 3.65E-18
 1840.0 4.50E-18 1.80E-18 2.70E-18
 1860.0 3.18E-18 1.34E-18 1.84E-18
 1880.0 2.18E-18 9.59E-19 1.22E-18
 1900.0 1.44E-18 6.62E-19 7.78E-19
 1920.0 9.89E-19 4.89E-19 5.00E-19
 1940.0 7.44E-19 3.93E-19 3.51E-19
 1960.0 6.82E-19 3.83E-19 2.99E-19
 1980.0 6.60E-19 3.93E-19 2.67E-19
 2000.0 6.48E-19 4.08E-19 2.40E-19
 2020.0 6.22E-19 4.38E-19 1.84E-19
 2040.0 6.04E-19 4.70E-19 1.34E-19
 2060.0 5.65E-19 4.82E-19 8.34E-20
 2080.0 5.20E-19 4.82E-19 3.82E-20
 2090.0 4.93E-19 4.93E-19 0.00E+00
 2100.0 4.66E-19 4.66E-19 0.00E+00
 2120.0 3.97E-19 3.97E-19 0.00E+00
 2140.0 3.33E-19 3.33E-19 0.00E+00
 2160.0 2.72E-19 2.72E-19 0.00E+00
 2180.0 2.18E-19 2.18E-19 0.00E+00
 2200.0 1.70E-19 1.70E-19 0.00E+00
 2220.0 1.30E-19 1.30E-19 0.00E+00
 2240.0 9.61E-20 9.61E-20 0.00E+00
 2260.0 7.19E-20 7.19E-20 0.00E+00
 2280.0 5.49E-20 5.49E-20 0.00E+00
 2300.0 4.07E-20 4.07E-20 0.00E+00
 2320.0 3.01E-20 3.01E-20 0.00E+00
 2340.0 2.16E-20 2.16E-20 0.00E+00
 2360.0 1.51E-20 1.51E-20 0.00E+00
 2380.0 1.13E-20 1.13E-20 0.00E+00
 2400.0 7.84E-21 7.84E-21 0.00E+00
 2420.0 5.79E-21 5.79E-21 0.00E+00
 2440.0 4.14E-21 4.14E-21 0.00E+00
 2460.0 3.14E-21 3.14E-21 0.00E+00
 2480.0 2.40E-21 2.40E-21 0.00E+00
 2500.0 1.83E-21 1.83E-21 0.00E+00
 2550.0 6.61E-22 6.61E-22 0.00E+00
 2600.0 2.53E-22 2.53E-22 0.00E+00
 2650.0 1.26E-22 1.26E-22 0.00E+00
 2700.0 6.10E-23 6.10E-23 0.00E+00
 2750.0 2.40E-23 2.40E-23 0.00E+00
 4070.0 1.00E-24 1.00E-24 0.00E+00
