0          References for Cross Section of CF2Cl2    total   
Cross section:                                                                  
Lambda = 0.61-625.80 A                                                          
   Synthesized from constituent atomic cross sections C + 2*F + 2*Cl            
   Barfield, W. D., Koontz, G. D., Huebner W. F. (1972)                         
   J. Quant. Spectr. Rad. Trans. 12, 1409                                       
                                                                                
0          References for Cross Section of CF2Cl2    CF2Cl/Cl
Branching ratio:                                                                
Lambda = 1700.-2400. A                                                          
   Baulch, D. L., Cox, R. A., Crutzen, P. J., Hampson, Jr., R. F.,Kerr, J. A., T
   J. Phys. Chem. Ref. Data 11, 327                                             
                                                                                
0 Branching ratio for CF2Cl2   total        2 branches
 Lambda  Total   CF2Cl/Cl CF2/2Cl 
    0.6 8.60E-22 8.59E-23 7.74E-22
    1.1 7.23E-21 7.23E-22 6.51E-21
    2.4 4.85E-20 4.87E-21 4.36E-20
    6.2 1.11E-19 1.13E-20 9.97E-20
   12.6 7.69E-19 7.95E-20 6.90E-19
   24.6 2.25E-18 2.40E-19 2.01E-18
   62.1 1.96E-18 2.31E-19 1.73E-18
  121.7 7.49E-18 1.01E-18 6.48E-18
  248.6 1.79E-17 3.07E-18 1.48E-17
  625.8 1.00E-16 2.80E-17 7.20E-17
 1590.0 5.64E-19 3.15E-19 2.49E-19
 1595.0 5.07E-19 2.84E-19 2.23E-19
 1600.0 5.54E-19 3.11E-19 2.43E-19
 1610.0 5.66E-19 3.19E-19 2.47E-19
 1620.0 5.18E-19 2.94E-19 2.24E-19
 1630.0 5.73E-19 3.27E-19 2.46E-19
 1633.0 5.64E-19 3.22E-19 2.42E-19
 1640.0 6.03E-19 3.45E-19 2.58E-19
 1650.0 6.44E-19 3.71E-19 2.73E-19
 1660.0 7.59E-19 4.39E-19 3.20E-19
 1666.0 7.89E-19 4.58E-19 3.31E-19
 1680.0 9.60E-19 5.61E-19 3.99E-19
 1690.0 1.08E-18 6.34E-19 4.46E-19
 1700.0 1.24E-18 7.32E-19 5.08E-19
 1720.0 1.51E-18 9.00E-19 6.10E-19
 1740.0 1.71E-18 1.03E-18 6.81E-19
 1760.0 1.83E-18 1.11E-18 7.17E-19
 1780.0 1.89E-18 1.16E-18 7.30E-19
 1800.0 1.73E-18 1.07E-18 6.57E-19
 1820.0 1.57E-18 9.89E-19 5.81E-19
 1840.0 1.37E-18 8.77E-19 4.93E-19
 1860.0 1.04E-18 6.76E-19 3.64E-19
 1880.0 8.41E-19 5.55E-19 2.86E-19
 1900.0 6.28E-19 4.21E-19 2.07E-19
 1920.0 4.45E-19 3.04E-19 1.41E-19
 1940.0 3.06E-19 2.14E-19 9.24E-20
 1960.0 2.08E-19 1.48E-19 5.99E-20
 1980.0 1.32E-19 9.58E-20 3.62E-20
 2000.0 8.84E-20 6.54E-20 2.30E-20
 2020.0 5.60E-20 4.27E-20 1.33E-20
 2040.0 3.47E-20 2.72E-20 7.50E-21
 2060.0 2.16E-20 1.74E-20 4.19E-21
 2080.0 1.32E-20 1.09E-20 2.27E-21
 2100.0 8.00E-21 6.80E-21 1.20E-21
 2120.0 4.80E-21 4.26E-21 5.44E-22
 2140.0 2.90E-21 2.68E-21 2.22E-22
 2160.0 1.80E-21 1.80E-21 0.00E+00
 2180.0 1.20E-21 1.20E-21 0.00E+00
 2200.0 6.80E-22 6.80E-22 0.00E+00
 2250.0 2.20E-22 2.20E-22 0.00E+00
 2300.0 5.50E-23 5.50E-23 0.00E+00
 2350.0 1.60E-23 1.60E-23 0.00E+00
 2400.0 2.90E-24 2.90E-24 0.00E+00
 3460.0 1.00E-25 1.00E-25 0.00E+00
