0          References for Cross Section of CH3O2NO2  total   
Cross section:                                                                  
Lambda = 1.00-1850. A                                                           
   Synthesized from cross sections of H2CO and HNO3                             
Lambda = 2000.-3100. A                                                          
   Baulch, D. L., Cox, R. A., Crutzen, P. J., Hampson, Jr., R. F.,Kerr, J. A., T
   J. Phys. Chem. Ref. Data 11, 327                                             
                                                                                
0          References for Cross Section of CH3O2NO2  ..O2/NO2
Branching ratio unknown.  Assumed 0.5                                           
                                                                                
0 Branching ratio for CH3O2NO2 total        2 branches
 Lambda  Total   ..O2/NO2 CH3O/NO3
    1.0 6.00E-22 3.00E-22 3.00E-22
   23.5 7.60E-19 3.80E-19 3.80E-19
  625.0 8.40E-17 4.20E-17 4.20E-17
  915.0 9.10E-17 4.55E-17 4.55E-17
 1100.0 2.93E-17 1.47E-17 1.47E-17
 1200.0 1.77E-17 8.85E-18 8.85E-18
 1300.0 3.00E-17 1.50E-17 1.50E-17
 1400.0 2.94E-17 1.47E-17 1.47E-17
 1500.0 8.70E-17 4.35E-17 4.35E-17
 1550.0 1.47E-17 7.35E-18 7.35E-18
 1700.0 1.09E-17 5.45E-18 5.45E-18
 1800.0 1.83E-17 9.15E-18 9.15E-18
 1850.0 1.46E-17 7.30E-18 7.30E-18
 2000.0 5.00E-18 2.50E-18 2.50E-18
 2050.0 3.60E-18 1.80E-18 1.80E-18
 2100.0 2.40E-18 1.20E-18 1.20E-18
 2150.0 1.50E-18 7.50E-19 7.50E-19
 2200.0 1.05E-18 5.25E-19 5.25E-19
 2250.0 8.00E-19 4.00E-19 4.00E-19
 2300.0 6.80E-19 3.40E-19 3.40E-19
 2350.0 6.00E-19 3.00E-19 3.00E-19
 2400.0 5.30E-19 2.65E-19 2.65E-19
 2450.0 4.60E-19 2.30E-19 2.30E-19
 2500.0 3.90E-19 1.95E-19 1.95E-19
 2550.0 3.20E-19 1.60E-19 1.60E-19
 2600.0 2.60E-19 1.30E-19 1.30E-19
 2650.0 2.00E-19 1.00E-19 1.00E-19
 2700.0 1.60E-19 8.00E-20 8.00E-20
 2750.0 1.30E-19 6.50E-20 6.50E-20
 2800.0 1.05E-19 5.25E-20 5.25E-20
 2850.0 8.40E-20 4.20E-20 4.20E-20
 2900.0 7.00E-20 3.50E-20 3.50E-20
 2950.0 6.00E-20 3.00E-20 3.00E-20
 3000.0 5.00E-20 2.50E-20 2.50E-20
 3050.0 4.00E-20 2.00E-20 2.00E-20
 3100.0 3.00E-20 1.50E-20 1.50E-20
 5000.0 1.00E-21 5.00E-22 5.00E-22
14930.0 1.00E-35 1.00E-35 0.00E+00
