0          References for Cross Section of HF        Total   
Cross section:                                                                  
Lambda = 0.6-121.7 A                                                            
   Synthesized from constituents.                                               
   Barfield, W. D., Koontz, G. D., Huebner, W. F. (1972)                        
   J. Quant. Spectr. Rad. Trans. 12, 1409                                       
Lambda = 206.64-774.91 A                                                        
   Carnovale, F., Brion, C. E. (1983)                                           
   Chem. Phys. 74, 253.                                                         
Lamb/a = 1480.-1610. A                                                          
   Safary, E., Romand, j., Vodar, B. (1951)                                     
   J. Chem. Phys. 19, 379                                                       
                                                                                
0          References for Cross Section of HF        HF+     
Branching ratios:                                                               
   Carnovale, F., Brion, C. E. (1983)                                           
   Chem. Phys. 74, 253.                                                         
                                                                                
0          References for Cross Section of HF        H+F     
Branching ratios:                                                               
   Carnovale, F., Brion, C. E. (1983)                                           
   Chem. Phys. 74, 253.                                                         
                                                                                
0          References for Cross Section of HF        H/F     
Branching ratios:                                                               
   Carnovale, F., Brion, C. E. (1983)                                           
   Chem. Phys. 74, 253.                                                         
                                                                                
0 Branching ratio for HF       Total        4 branches
 Lambda  Total   HF+      H+F      H/F      F+H     
    0.6 2.50E-23 1.65E-23 5.63E-24 0.00E+00 2.87E-24
    1.1 2.40E-22 1.58E-22 5.40E-23 0.00E+00 2.76E-23
    2.4 1.90E-21 1.25E-21 4.27E-22 0.00E+00 2.18E-22
    6.2 2.80E-20 1.85E-20 6.30E-21 0.00E+00 3.22E-21
   12.6 1.90E-19 1.25E-19 4.27E-20 0.00E+00 2.18E-20
   16.9 4.00E-19 2.64E-19 9.00E-20 0.00E+00 4.60E-20
   17.6 4.80E-19 3.17E-19 1.08E-19 0.00E+00 5.52E-20
   18.3 2.70E-20 1.78E-20 6.08E-21 0.00E+00 3.10E-21
   24.6 5.80E-20 3.83E-20 1.30E-20 0.00E+00 6.66E-21
   62.1 5.80E-19 3.83E-19 1.30E-19 0.00E+00 6.65E-20
  121.7 2.60E-18 1.72E-18 5.85E-19 0.00E+00 2.97E-19
  206.6 7.46E-18 4.93E-18 1.68E-18 0.00E+00 8.50E-19
  210.1 7.68E-18 5.03E-18 1.80E-18 0.00E+00 8.52E-19
  213.8 7.46E-18 4.93E-18 1.71E-18 0.00E+00 8.21E-19
  217.5 7.46E-18 4.98E-18 1.66E-18 0.00E+00 8.21E-19
  221.4 8.12E-18 5.44E-18 1.84E-18 0.00E+00 8.36E-19
  225.4 8.67E-18 5.74E-18 2.05E-18 0.00E+00 8.76E-19
  229.6 8.34E-18 5.75E-18 1.83E-18 0.00E+00 7.51E-19
  233.9 8.23E-18 5.54E-18 1.97E-18 0.00E+00 7.24E-19
  238.4 8.67E-18 5.92E-18 2.02E-18 0.00E+00 7.28E-19
  243.1 9.22E-18 6.28E-18 2.19E-18 0.00E+00 7.56E-19
  248.0 9.33E-18 6.25E-18 2.27E-18 0.00E+00 8.12E-19
  253.0 9.33E-18 6.38E-18 2.23E-18 0.00E+00 7.19E-19
  258.3 9.66E-18 6.72E-18 2.24E-18 0.00E+00 6.96E-19
  263.8 9.55E-18 6.60E-18 2.31E-18 0.00E+00 6.40E-19
  269.5 9.88E-18 6.83E-18 2.39E-18 0.00E+00 6.62E-19
  275.5 1.02E-17 7.09E-18 2.47E-18 0.00E+00 6.43E-19
  281.8 1.01E-17 7.09E-18 2.41E-18 0.00E+00 5.96E-19
  288.3 1.03E-17 7.22E-18 2.51E-18 0.00E+00 5.67E-19
  295.2 1.02E-17 7.21E-18 2.48E-18 0.00E+00 5.10E-19
  302.4 1.10E-17 7.82E-18 2.65E-18 0.00E+00 5.28E-19
  310.0 1.08E-17 7.78E-18 2.59E-18 0.00E+00 4.32E-19
  317.9 1.11E-17 7.94E-18 2.74E-18 0.00E+00 4.22E-19
  326.3 1.11E-17 8.13E-18 2.64E-18 0.00E+00 3.33E-19
  335.1 1.10E-17 7.99E-18 2.72E-18 0.00E+00 2.97E-19
  344.4 1.14E-17 8.28E-18 2.88E-18 0.00E+00 2.39E-19
  354.2 1.20E-17 8.66E-18 3.07E-18 0.00E+00 2.64E-19
  364.7 1.17E-17 8.48E-18 3.07E-18 0.00E+00 1.52E-19
  375.7 1.24E-17 9.09E-18 3.26E-18 0.00E+00 4.96E-20
  387.4 1.25E-17 9.16E-18 3.33E-18 0.00E+00 1.25E-20
  399.9 1.24E-17 9.00E-18 3.40E-18 0.00E+00 0.00E+00
  413.3 1.32E-17 9.52E-18 3.68E-18 0.00E+00 0.00E+00
  427.5 1.31E-17 9.41E-18 3.68E-18 0.00E+00 1.31E-20
  442.8 1.37E-17 9.81E-18 3.89E-18 0.00E+00 0.00E+00
  459.2 1.38E-17 9.80E-18 4.00E-18 0.00E+00 0.00E+00
  476.9 1.40E-17 9.87E-18 4.09E-18 0.00E+00 4.20E-20
  495.9 1.53E-17 1.07E-17 4.54E-18 0.00E+00 1.53E-20
  516.6 1.65E-17 1.17E-17 4.82E-18 0.00E+00 0.00E+00
  539.1 1.75E-17 1.22E-17 5.18E-18 0.00E+00 1.05E-19
  563.6 1.84E-17 1.32E-17 5.06E-18 0.00E+00 1.10E-19
  590.4 1.88E-17 1.51E-17 3.70E-18 0.00E+00 3.76E-20
  619.9 1.45E-17 1.36E-17 8.27E-19 0.00E+00 2.90E-20
  652.5 1.11E-17 1.10E-17 4.44E-20 0.00E+00 1.11E-20
  688.8 1.06E-17 1.06E-17 0.00E+00 0.00E+00 0.00E+00
  729.3 1.08E-17 1.08E-17 0.00E+00 0.00E+00 0.00E+00
  774.9 2.63E-18 0.00E+00 0.00E+00 0.00E+00 2.63E-18
  800.0 1.00E-18 0.00E+00 0.00E+00 1.00E-18 0.00E+00
 1480.0 1.72E-21 0.00E+00 0.00E+00 1.72E-21 0.00E+00
 1550.0 7.64E-22 0.00E+00 0.00E+00 7.64E-22 0.00E+00
 1610.0 1.53E-22 0.00E+00 0.00E+00 1.53E-22 0.00E+00
 2110.0 1.00E-26 0.00E+00 0.00E+00 1.00E-26 0.00E+00
