0          References for Cross Section of HO2NO2    total   
Cross section:                                                                  
Lambda = 1.00-1900. A                                                           
   Synthesized from cross sections of HO2 and NO2                               
Lambda = 1900.-3300. A                                                          
   Molina, L. T., Molina, M. J. (1980)                                          
   Ultraviolet Absorption Cross Sections of HO2NO2 Vapor                        
   Rport No. FAA-eE-80-07                                                       
                                                                                
0          References for Cross Section of HO2NO2    HO/NO3  
 Branching ratio:                                                               
    Guessed                                                                     
                                                                                
0 Branching ratio for HO2NO2   total        2 branches
 Lambda  Total   HO/NO3   HO2/NO2 
    1.0 5.70E-22 2.85E-22 2.85E-22
    6.0 6.60E-20 3.30E-20 3.30E-20
   22.6 3.00E-18 1.50E-18 1.50E-18
   23.6 5.50E-19 2.75E-19 2.75E-19
  200.0 2.00E-17 1.00E-17 1.00E-17
  600.0 7.30E-17 3.65E-17 3.65E-17
  900.0 6.90E-17 3.45E-17 3.45E-17
 1200.0 1.77E-17 8.85E-18 8.85E-18
 1300.0 2.43E-17 1.21E-17 1.21E-17
 1400.0 1.81E-17 9.05E-18 9.05E-18
 1500.0 1.55E-17 7.75E-18 7.75E-18
 1600.0 1.99E-17 9.95E-18 9.95E-18
 1650.0 2.12E-17 1.06E-17 1.06E-17
 1700.0 2.14E-17 1.07E-17 1.07E-17
 1750.0 1.35E-17 6.75E-18 6.75E-18
 1800.0 8.20E-18 4.10E-18 4.10E-18
 1850.0 1.30E-18 6.50E-19 6.50E-19
 1900.0 1.01E-17 5.05E-18 5.05E-18
 1950.0 8.16E-18 4.08E-18 4.08E-18
 2000.0 5.63E-18 2.82E-18 2.82E-18
 2050.0 3.67E-18 1.83E-18 1.83E-18
 2100.0 2.41E-18 1.20E-18 1.20E-18
 2150.0 1.64E-18 8.20E-19 8.20E-19
 2200.0 1.20E-18 6.00E-19 6.00E-19
 2250.0 9.52E-19 4.76E-19 4.76E-19
 2300.0 8.08E-19 4.04E-19 4.04E-19
 2350.0 6.98E-19 3.49E-19 3.49E-19
 2400.0 5.91E-19 2.95E-19 2.95E-19
 2450.0 4.97E-19 2.49E-19 2.49E-19
 2500.0 4.18E-19 2.09E-19 2.09E-19
 2550.0 3.51E-19 1.76E-19 1.76E-19
 2600.0 2.78E-19 1.39E-19 1.39E-19
 2650.0 2.24E-19 1.12E-19 1.12E-19
 2700.0 1.78E-19 8.90E-20 8.90E-20
 2750.0 1.34E-19 6.70E-20 6.70E-20
 2800.0 9.30E-20 4.65E-20 4.65E-20
 2850.0 6.30E-20 3.15E-20 3.15E-20
 2900.0 4.00E-20 2.00E-20 2.00E-20
 2950.0 2.60E-20 1.30E-20 1.30E-20
 3000.0 1.60E-20 8.00E-21 8.00E-21
 3050.0 1.10E-20 5.50E-21 5.50E-21
 3100.0 7.00E-21 3.50E-21 3.50E-21
 3150.0 4.00E-21 2.00E-21 2.00E-21
 3200.0 3.00E-21 1.50E-21 1.50E-21
 3250.0 2.00E-21 1.00E-21 1.00E-21
 3300.0 1.00E-21 5.00E-22 5.00E-22
 3400.0 1.00E-22 5.00E-23 5.00E-23
 3500.0 3.70E-23 1.85E-23 1.85E-23
 3600.0 1.60E-23 8.00E-24 8.00E-24
 7300.0 1.00E-30 0.00E+00 1.00E-30
13400.0 1.00E-35 0.00E+00 1.00E-35
