0          References for Cross Section of OClO      Total   
Cross section:                                                                  
Lambda = 1.-1450. A                                                             
   Assumed to be the same as ClNO                                               
Lambda = 1470.-1850. A                                                          
   Basco, N., Morse, R. D. (1974)                                               
   Proc. R. Soc. Lond., a 336, 495                                              
Lambda = 2980.-4225. A                                                          
   Birks, J. W., Shoemaker, B., Leck T. J., Borders, R. A., Hart, lL J. (1977)  
   J. Chem. Phys. 66, 4591                                                      
Lambda = 4404.-4758. A                                                          
   Coon, J. B., Dewames, R. E., Loyd, C. M. (1962)                              
   J. Mol. Spectr. 8, 285                                                       
                                                                                
0          References for Cross Section of OClO      ClO/O   
                                                                                
0 Branching ratio for OClO     Total        2 branches
 Lambda  Total   ClO/O    ClO/O1D 
    1.0 3.47E-21 0.00E+00 3.47E-21
    5.0 2.56E-20 0.00E+00 2.56E-20
   12.0 3.52E-19 0.00E+00 3.52E-19
   26.0 1.50E-18 0.00E+00 1.50E-18
   45.0 3.17E-18 0.00E+00 3.17E-18
   60.0 7.95E-19 0.00E+00 7.95E-19
  120.0 3.75E-18 0.00E+00 3.75E-18
  200.0 8.76E-18 0.00E+00 8.76E-18
  250.0 1.19E-17 0.00E+00 1.19E-17
  300.0 1.45E-17 0.00E+00 1.45E-17
  350.0 1.72E-17 0.00E+00 1.72E-17
  400.0 2.02E-17 0.00E+00 2.02E-17
  450.0 2.62E-17 0.00E+00 2.62E-17
  500.0 3.53E-17 0.00E+00 3.53E-17
  550.0 4.35E-17 0.00E+00 4.35E-17
  622.5 5.56E-17 0.00E+00 5.56E-17
  841.5 6.32E-17 0.00E+00 6.32E-17
  877.9 6.99E-17 0.00E+00 6.99E-17
 1150.0 3.74E-17 0.00E+00 3.74E-17
 1200.0 3.41E-17 0.00E+00 3.41E-17
 1250.0 3.25E-17 0.00E+00 3.25E-17
 1300.0 2.07E-17 0.00E+00 2.07E-17
 1350.0 2.64E-17 0.00E+00 2.64E-17
 1400.0 3.98E-17 0.00E+00 3.98E-17
 1450.0 3.00E-17 0.00E+00 3.00E-17
 1470.0 9.55E-19 0.00E+00 9.55E-19
 1480.0 1.53E-18 0.00E+00 1.53E-18
 1490.0 2.29E-18 0.00E+00 2.29E-18
 1500.0 3.82E-18 0.00E+00 3.82E-18
 1510.0 4.97E-18 0.00E+00 4.97E-18
 1516.0 9.17E-18 0.00E+00 9.17E-18
 1520.0 4.58E-18 0.00E+00 4.58E-18
 1527.0 9.74E-18 0.00E+00 9.74E-18
 1530.0 4.39E-18 0.00E+00 4.39E-18
 1540.0 1.15E-17 0.00E+00 1.15E-17
 1550.0 3.82E-18 0.00E+00 3.82E-18
 1560.0 3.63E-18 0.00E+00 3.63E-18
 1570.0 5.16E-18 0.00E+00 5.16E-18
 1580.0 3.82E-18 0.00E+00 3.82E-18
 1590.0 3.44E-18 0.00E+00 3.44E-18
 1598.0 1.01E-17 0.00E+00 1.01E-17
 1600.0 7.64E-18 0.00E+00 7.64E-18
 1610.0 3.25E-18 0.00E+00 3.25E-18
 1620.0 3.25E-18 0.00E+00 3.25E-18
 1627.0 1.43E-17 0.00E+00 1.43E-17
 1630.0 7.64E-18 0.00E+00 7.64E-18
 1640.0 2.67E-18 0.00E+00 2.67E-18
 1650.0 2.10E-18 0.00E+00 2.10E-18
 1667.0 1.34E-18 0.00E+00 1.34E-18
 1720.0 6.69E-19 0.00E+00 6.69E-19
 1730.0 6.88E-19 0.00E+00 6.88E-19
 1740.0 7.07E-19 0.00E+00 7.07E-19
 1750.0 7.26E-19 0.00E+00 7.26E-19
 1760.0 9.17E-19 0.00E+00 9.17E-19
 1770.0 5.92E-19 0.00E+00 5.92E-19
 1780.0 6.11E-19 0.00E+00 6.11E-19
 1790.0 1.28E-18 0.00E+00 1.28E-18
 1794.0 2.06E-18 0.00E+00 2.06E-18
 1800.0 3.82E-19 0.00E+00 3.82E-19
 1810.0 2.67E-19 0.00E+00 2.67E-19
 1820.0 4.20E-19 0.00E+00 4.20E-19
 1829.0 3.57E-18 0.00E+00 3.57E-18
 1830.0 3.44E-18 0.00E+00 3.44E-18
 1840.0 1.34E-19 0.00E+00 1.34E-19
 1850.0 1.91E-20 0.00E+00 1.91E-20
 2759.0 8.40E-20 0.00E+00 8.40E-20
 2760.0 8.40E-20 8.40E-20 0.00E+00
 2980.0 1.00E-19 1.00E-19 0.00E+00
 3010.0 1.40E-18 1.40E-18 0.00E+00
 3040.0 1.00E-19 1.00E-19 0.00E+00
 3060.0 2.90E-18 2.90E-18 0.00E+00
 3090.0 1.00E-19 1.00E-19 0.00E+00
 3110.0 4.50E-19 4.50E-19 0.00E+00
 3150.0 1.00E-19 1.00E-19 0.00E+00
 3170.0 6.60E-18 6.60E-18 0.00E+00
 3200.0 1.00E-19 1.00E-19 0.00E+00
 3220.0 8.70E-18 8.70E-18 0.00E+00
 3270.0 4.00E-19 4.00E-19 0.00E+00
 3295.0 1.12E-17 1.12E-17 0.00E+00
 3330.0 5.00E-19 5.00E-19 0.00E+00
 3360.0 1.31E-17 1.31E-17 0.00E+00
 3400.0 6.00E-19 6.00E-19 0.00E+00
 3440.0 1.45E-17 1.45E-17 0.00E+00
 3480.0 7.00E-19 7.00E-19 0.00E+00
 3485.0 2.10E-18 2.10E-18 0.00E+00
 3495.0 5.00E-18 5.00E-18 0.00E+00
 3515.0 1.50E-17 1.50E-17 0.00E+00
 3550.0 1.00E-18 1.00E-18 0.00E+00
 3560.0 3.00E-18 3.00E-18 0.00E+00
 3580.0 6.00E-18 6.00E-18 0.00E+00
 3595.0 1.45E-17 1.45E-17 0.00E+00
 3640.0 1.20E-18 1.20E-18 0.00E+00
 3650.0 3.00E-18 3.00E-18 0.00E+00
 3665.0 6.30E-18 6.30E-18 0.00E+00
 3680.0 1.35E-17 1.35E-17 0.00E+00
 3730.0 7.00E-19 7.00E-19 0.00E+00
 3740.0 3.30E-18 3.30E-18 0.00E+00
 3748.0 2.00E-18 2.00E-18 0.00E+00
 3753.0 5.70E-18 5.70E-18 0.00E+00
 3760.0 3.30E-18 3.30E-18 0.00E+00
 3775.0 1.15E-17 1.15E-17 0.00E+00
 3810.0 1.20E-18 1.20E-18 0.00E+00
 3820.0 4.00E-19 4.00E-19 0.00E+00
 3830.0 3.00E-18 3.00E-18 0.00E+00
 3838.0 1.80E-18 1.80E-18 0.00E+00
 3845.0 4.50E-18 4.50E-18 0.00E+00
 3856.0 2.00E-18 2.00E-18 0.00E+00
 3872.0 9.50E-18 9.50E-18 0.00E+00
 3915.0 9.00E-19 9.00E-19 0.00E+00
 3925.0 2.00E-19 2.00E-19 0.00E+00
 3935.0 3.00E-18 3.00E-18 0.00E+00
 3945.0 1.40E-18 1.40E-18 0.00E+00
 3955.0 3.30E-18 3.30E-18 0.00E+00
 3965.0 9.00E-19 9.00E-19 0.00E+00
 3975.0 7.50E-18 7.50E-18 0.00E+00
 4000.0 1.00E-19 1.00E-19 0.00E+00
 4010.0 4.00E-19 4.00E-19 0.00E+00
 4020.0 1.00E-19 1.00E-19 0.00E+00
 4030.0 2.00E-18 2.00E-18 0.00E+00
 4045.0 8.00E-19 8.00E-19 0.00E+00
 4055.0 1.50E-18 1.50E-18 0.00E+00
 4065.0 2.00E-19 2.00E-19 0.00E+00
 4075.0 5.00E-18 5.00E-18 0.00E+00
 4110.0 1.00E-19 1.00E-19 0.00E+00
 4120.0 2.00E-19 2.00E-19 0.00E+00
 4130.0 1.00E-19 1.00E-19 0.00E+00
 4150.0 1.10E-18 1.10E-18 0.00E+00
 4160.0 3.00E-19 3.00E-19 0.00E+00
 4180.0 2.00E-19 2.00E-19 0.00E+00
 4200.0 3.00E-18 3.00E-18 0.00E+00
 4225.0 1.00E-19 1.00E-19 0.00E+00
 4404.1 2.65E-19 2.65E-19 0.00E+00
 4459.2 3.40E-19 3.40E-19 0.00E+00
 4543.4 5.77E-20 5.77E-20 0.00E+00
 4603.1 7.37E-20 7.37E-20 0.00E+00
 4693.6 8.02E-21 8.02E-21 0.00E+00
 4758.2 9.40E-21 9.40E-21 0.00E+00
 4960.0 1.00E-35 1.00E-35 0.00E+00
