0          References for Cross Section of tCO       Total   
tCO is equivalent to CO(a^3Pi)                                                  
                                                                                
0          References for Cross Section of tCO       CO+     
tCO is equivalent to CO(a^3Pi)                                                  
Branching ratio assumed to be the same as that for the ground state.            
                                                                                
0          References for Cross Section of tCO       C+O     
tCO is equivalent to CO(a^3Pi)                                                  
Branching ratio assumed to be the same as that for the ground state.            
                                                                                
0          References for Cross Section of tCO       O+C     
tCO is equivalent to CO(a^3Pi)                                                  
Branching ratio assumed to be the same as that for the ground state.            
                                                                                
0 Branching ratio for tCO      Total        4 branches
 Lambda  Total   CO+      C+O      O+C      C/O     
    1.0 2.00E-22 0.00E+00 1.00E-22 1.00E-22 0.00E+00
    2.0 2.00E-21 4.86E-24 9.97E-22 9.97E-22 3.90E-25
    4.0 7.00E-21 5.12E-23 3.47E-21 3.47E-21 4.11E-24
    7.5 5.00E-20 7.93E-22 2.46E-20 2.46E-20 6.37E-23
   12.6 2.00E-19 5.63E-21 9.70E-20 9.69E-20 4.52E-22
   19.2 4.00E-19 1.77E-20 1.91E-19 1.90E-19 1.42E-21
   27.3 1.00E-18 6.38E-20 4.66E-19 4.65E-19 5.12E-21
   36.6 7.00E-20 6.06E-21 3.18E-20 3.17E-20 4.87E-22
   52.8 2.00E-19 2.52E-20 8.66E-20 8.62E-20 2.02E-21
   75.1 4.00E-19 7.20E-20 1.62E-19 1.61E-19 5.78E-21
   93.7 1.10E-18 2.48E-19 4.18E-19 4.15E-19 1.99E-20
  104.5 1.43E-18 3.60E-19 5.23E-19 5.18E-19 2.89E-20
  115.5 1.78E-18 4.95E-19 6.26E-19 6.19E-19 3.98E-20
  126.6 2.18E-18 6.65E-19 7.35E-19 7.26E-19 5.34E-20
  137.8 2.58E-18 8.57E-19 8.32E-19 8.21E-19 6.88E-20
  149.2 3.00E-18 1.08E-18 9.23E-19 9.09E-19 8.67E-20
  160.8 3.45E-18 1.34E-18 1.01E-18 9.93E-19 1.08E-19
  172.2 3.88E-18 1.61E-18 1.08E-18 1.06E-18 1.30E-19
  183.9 4.42E-18 1.96E-18 1.16E-18 1.14E-18 1.58E-19
  195.7 4.96E-18 2.35E-18 1.23E-18 1.20E-18 1.88E-19
  207.6 5.50E-18 2.76E-18 1.28E-18 1.24E-18 2.22E-19
  219.7 6.20E-18 3.29E-18 1.34E-18 1.30E-18 2.64E-19
  231.9 6.82E-18 3.82E-18 1.37E-18 1.32E-18 3.07E-19
  244.2 7.51E-18 4.44E-18 1.39E-18 1.33E-18 3.56E-19
  256.8 8.20E-18 5.09E-18 1.38E-18 1.32E-18 4.09E-19
  269.3 8.90E-18 5.80E-18 1.35E-18 1.28E-18 4.66E-19
  282.0 9.55E-18 6.52E-18 1.30E-18 1.21E-18 5.23E-19
  294.8 1.00E-17 7.14E-18 1.19E-18 1.10E-18 5.73E-19
  307.9 1.05E-17 7.83E-18 1.07E-18 9.71E-19 6.28E-19
  321.0 1.08E-17 8.40E-18 9.19E-19 8.11E-19 6.74E-19
  334.3 1.12E-17 9.07E-18 7.61E-19 6.43E-19 7.28E-19
  347.7 1.16E-17 9.77E-18 5.86E-19 4.59E-19 7.84E-19
  361.3 1.21E-17 1.05E-17 4.72E-19 3.29E-19 8.36E-19
  391.2 1.29E-17 1.13E-17 4.99E-19 2.95E-19 8.27E-19
  403.0 1.32E-17 1.16E-17 5.09E-19 2.79E-19 8.20E-19
  423.3 1.36E-17 1.20E-17 5.22E-19 2.48E-19 7.98E-19
  440.3 1.40E-17 1.25E-17 5.34E-19 2.21E-19 7.82E-19
  457.6 1.46E-17 1.31E-17 5.54E-19 1.94E-19 7.73E-19
  467.6 1.49E-17 1.34E-17 5.52E-19 1.70E-19 7.63E-19
  480.6 1.55E-17 1.41E-17 5.22E-19 1.24E-19 7.56E-19
  504.2 1.65E-17 1.53E-17 4.57E-19 3.15E-20 7.32E-19
  511.3 1.68E-17 1.56E-17 4.66E-19 3.21E-20 7.28E-19
  520.5 1.73E-17 1.61E-17 4.81E-19 3.31E-20 7.27E-19
  553.6 1.88E-17 1.75E-17 5.25E-19 3.62E-20 7.01E-19
  562.4 1.92E-17 1.79E-17 5.37E-19 3.70E-20 6.91E-19
  570.2 1.94E-17 1.81E-17 5.41E-19 3.75E-20 6.76E-19
  574.6 1.96E-17 1.84E-17 5.40E-19 3.79E-20 6.67E-19
  587.4 2.00E-17 1.88E-17 5.31E-19 3.88E-20 6.34E-19
  590.4 2.01E-17 1.89E-17 5.29E-19 3.90E-20 6.26E-19
  594.9 2.02E-17 1.90E-17 5.21E-19 3.92E-20 6.15E-19
  600.5 2.04E-17 1.92E-17 5.09E-19 3.96E-20 6.04E-19
  610.7 2.06E-17 1.95E-17 4.82E-19 4.00E-20 5.79E-19
  617.1 2.07E-17 1.96E-17 4.64E-19 4.03E-20 5.63E-19
  624.0 2.08E-17 1.98E-17 4.45E-19 4.05E-20 5.44E-19
  636.3 2.09E-17 1.99E-17 4.09E-19 4.07E-20 5.10E-19
  645.0 2.09E-17 2.00E-17 3.83E-19 3.83E-20 4.84E-19
  652.3 2.10E-17 2.01E-17 3.67E-19 3.11E-20 4.69E-19
  659.7 2.10E-17 2.02E-17 3.48E-19 2.34E-20 4.50E-19
  674.2 2.10E-17 2.03E-17 3.13E-19 0.00E+00 4.23E-19
  683.9 2.11E-17 2.03E-17 2.90E-19 0.00E+00 4.87E-19
  693.5 2.12E-17 2.04E-17 2.67E-19 0.00E+00 5.53E-19
  706.3 2.13E-17 2.04E-17 2.37E-19 0.00E+00 6.31E-19
  728.0 2.16E-17 2.09E-17 1.79E-19 0.00E+00 5.41E-19
  739.4 2.17E-17 2.09E-17 1.21E-19 0.00E+00 6.44E-19
  747.1 2.19E-17 2.11E-17 8.04E-20 0.00E+00 7.19E-19
  751.8 2.19E-17 2.11E-17 5.58E-20 0.00E+00 7.61E-19
  759.4 2.20E-17 2.12E-17 0.00E+00 0.00E+00 8.30E-19
  765.0 2.20E-17 2.12E-17 0.00E+00 0.00E+00 8.19E-19
  776.4 2.21E-17 2.13E-17 0.00E+00 0.00E+00 8.02E-19
  814.3 2.26E-17 2.19E-17 0.00E+00 0.00E+00 7.48E-19
  825.4 1.80E-17 1.74E-17 0.00E+00 0.00E+00 5.82E-19
  840.8 2.22E-17 2.15E-17 0.00E+00 0.00E+00 6.95E-19
  844.3 2.29E-17 2.22E-17 0.00E+00 0.00E+00 7.11E-19
  845.1 1.84E-17 1.78E-17 0.00E+00 0.00E+00 5.71E-19
  861.9 2.27E-17 2.21E-17 0.00E+00 0.00E+00 5.93E-19
  865.1 2.17E-17 2.04E-17 0.00E+00 0.00E+00 1.29E-18
  866.7 2.17E-17 2.01E-17 0.00E+00 0.00E+00 1.63E-18
  875.2 1.70E-17 1.62E-17 0.00E+00 0.00E+00 8.09E-19
  879.2 2.27E-17 2.19E-17 0.00E+00 0.00E+00 7.81E-19
  885.3 1.82E-17 1.70E-17 0.00E+00 0.00E+00 1.16E-18
  894.8 2.27E-17 2.21E-17 0.00E+00 0.00E+00 6.28E-19
  895.8 2.26E-17 2.21E-17 0.00E+00 0.00E+00 5.04E-19
  897.4 2.21E-17 2.16E-17 0.00E+00 0.00E+00 4.57E-19
  899.7 1.70E-17 1.67E-17 0.00E+00 0.00E+00 3.06E-19
  905.3 2.21E-17 2.17E-17 0.00E+00 0.00E+00 3.98E-19
  905.9 1.86E-17 1.83E-17 0.00E+00 0.00E+00 3.35E-19
  923.5 2.32E-17 1.72E-17 0.00E+00 0.00E+00 6.05E-18
  924.6 2.49E-17 1.82E-17 0.00E+00 0.00E+00 6.75E-18
  929.2 2.63E-17 1.81E-17 0.00E+00 0.00E+00 8.18E-18
  931.7 2.20E-17 1.64E-17 0.00E+00 0.00E+00 5.56E-18
  933.0 1.88E-17 1.52E-17 0.00E+00 0.00E+00 3.63E-18
  938.5 2.59E-17 1.87E-17 0.00E+00 0.00E+00 7.18E-18
  942.5 2.52E-17 1.80E-17 0.00E+00 0.00E+00 7.25E-18
  947.8 1.84E-17 1.60E-17 0.00E+00 0.00E+00 2.41E-18
  955.3 2.45E-17 1.89E-17 0.00E+00 0.00E+00 5.64E-18
  957.2 2.71E-17 1.89E-17 0.00E+00 0.00E+00 8.19E-18
  958.5 2.01E-17 1.25E-17 0.00E+00 0.00E+00 7.57E-18
  960.6 1.96E-17 1.67E-17 0.00E+00 0.00E+00 2.93E-18
  964.5 2.43E-17 1.81E-17 0.00E+00 0.00E+00 6.22E-18
  969.2 1.84E-17 1.57E-17 0.00E+00 0.00E+00 2.74E-18
  977.2 2.85E-17 2.03E-17 0.00E+00 0.00E+00 8.21E-18
  979.4 2.57E-17 1.75E-17 0.00E+00 0.00E+00 8.22E-18
  986.6 2.05E-17 1.60E-17 0.00E+00 0.00E+00 4.52E-18
  992.0 3.61E-17 2.18E-17 0.00E+00 0.00E+00 1.43E-17
  995.8 3.62E-17 1.86E-17 0.00E+00 0.00E+00 1.76E-17
 1001.9 2.14E-17 1.33E-17 0.00E+00 0.00E+00 8.15E-18
 1004.1 1.89E-17 1.40E-17 0.00E+00 0.00E+00 4.91E-18
 1013.0 1.98E-17 1.66E-17 0.00E+00 0.00E+00 3.20E-18
 1015.2 3.18E-17 2.28E-17 0.00E+00 0.00E+00 8.96E-18
 1019.0 3.19E-17 1.77E-17 0.00E+00 0.00E+00 1.42E-17
 1028.6 2.14E-17 1.54E-17 0.00E+00 0.00E+00 5.97E-18
 1037.6 2.81E-17 1.95E-17 0.00E+00 0.00E+00 8.61E-18
 1041.0 2.12E-17 1.56E-17 0.00E+00 0.00E+00 5.65E-18
 1058.0 2.27E-17 1.53E-17 0.00E+00 0.00E+00 7.41E-18
 1069.5 2.53E-17 1.74E-17 0.00E+00 0.00E+00 7.91E-18
 1072.9 2.18E-17 1.63E-17 0.00E+00 0.00E+00 5.49E-18
 1076.4 2.37E-17 1.83E-17 0.00E+00 0.00E+00 5.36E-18
 1081.0 2.25E-17 1.66E-17 0.00E+00 0.00E+00 5.91E-18
 1085.7 2.68E-17 1.87E-17 0.00E+00 0.00E+00 8.13E-18
 1089.2 2.37E-17 1.70E-17 0.00E+00 0.00E+00 6.71E-18
 1096.2 3.09E-17 2.21E-17 0.00E+00 0.00E+00 8.81E-18
 1097.3 2.34E-17 1.66E-17 0.00E+00 0.00E+00 6.84E-18
 1102.0 2.52E-17 1.95E-17 0.00E+00 0.00E+00 5.70E-18
 1106.7 3.27E-17 2.25E-17 0.00E+00 0.00E+00 1.02E-17
 1111.5 2.64E-17 1.61E-17 0.00E+00 0.00E+00 1.03E-17
 1113.8 3.01E-17 1.75E-17 0.00E+00 0.00E+00 1.26E-17
 1118.3 4.92E-17 2.98E-17 0.00E+00 0.00E+00 1.94E-17
 1120.9 2.68E-17 1.62E-17 0.00E+00 0.00E+00 1.06E-17
 1122.1 2.83E-17 1.60E-17 0.00E+00 0.00E+00 1.23E-17
 1126.9 2.57E-17 1.45E-17 0.00E+00 0.00E+00 1.12E-17
 1128.5 2.14E-17 1.26E-17 0.00E+00 0.00E+00 8.83E-18
 1132.9 2.81E-17 1.65E-17 0.00E+00 0.00E+00 1.16E-17
 1134.1 2.71E-17 1.51E-17 0.00E+00 0.00E+00 1.20E-17
 1135.7 3.16E-17 1.67E-17 0.00E+00 0.00E+00 1.49E-17
 1137.7 3.03E-17 1.52E-17 0.00E+00 0.00E+00 1.51E-17
 1145.6 2.41E-17 1.38E-17 0.00E+00 0.00E+00 1.03E-17
 1148.0 2.14E-17 1.25E-17 0.00E+00 0.00E+00 8.94E-18
 1150.9 2.49E-17 1.44E-17 0.00E+00 0.00E+00 1.05E-17
 1153.1 2.16E-17 1.26E-17 0.00E+00 0.00E+00 8.98E-18
 1155.8 3.20E-17 1.74E-17 0.00E+00 0.00E+00 1.46E-17
 1163.1 2.05E-17 1.04E-17 0.00E+00 0.00E+00 1.01E-17
 1164.8 2.16E-17 1.14E-17 0.00E+00 0.00E+00 1.02E-17
 1167.2 1.99E-17 1.04E-17 0.00E+00 0.00E+00 9.46E-18
 1169.7 3.27E-17 1.73E-17 0.00E+00 0.00E+00 1.54E-17
 1172.4 2.19E-17 1.10E-17 0.00E+00 0.00E+00 1.09E-17
 1174.6 3.16E-17 1.62E-17 0.00E+00 0.00E+00 1.54E-17
 1175.3 2.82E-17 1.38E-17 0.00E+00 0.00E+00 1.44E-17
 1176.3 2.83E-17 1.30E-17 0.00E+00 0.00E+00 1.53E-17
 1179.5 2.04E-17 9.89E-18 0.00E+00 0.00E+00 1.05E-17
 1181.5 2.23E-17 1.10E-17 0.00E+00 0.00E+00 1.13E-17
 1184.0 2.10E-17 1.18E-17 0.00E+00 0.00E+00 9.17E-18
 1187.7 2.00E-17 1.00E-17 0.00E+00 0.00E+00 9.99E-18
 1189.4 3.35E-17 1.86E-17 0.00E+00 0.00E+00 1.49E-17
 1191.6 2.86E-17 1.30E-17 0.00E+00 0.00E+00 1.56E-17
 1194.4 3.23E-17 1.32E-17 0.00E+00 0.00E+00 1.91E-17
 1197.6 2.76E-17 1.10E-17 0.00E+00 0.00E+00 1.66E-17
 1198.1 2.30E-17 9.15E-18 0.00E+00 0.00E+00 1.39E-17
 1198.9 2.68E-17 1.07E-17 0.00E+00 0.00E+00 1.61E-17
 1199.9 2.69E-17 1.35E-17 0.00E+00 0.00E+00 1.34E-17
 1202.1 1.60E-17 1.02E-17 0.00E+00 0.00E+00 5.80E-18
 1202.4 1.70E-17 1.07E-17 0.00E+00 0.00E+00 6.33E-18
 1203.1 1.71E-17 1.02E-17 0.00E+00 0.00E+00 6.89E-18
 1204.1 1.39E-17 7.94E-18 0.00E+00 0.00E+00 5.96E-18
 1206.4 1.54E-17 1.13E-17 0.00E+00 0.00E+00 4.13E-18
 1208.9 2.42E-17 1.36E-17 0.00E+00 0.00E+00 1.06E-17
 1209.6 2.34E-17 1.15E-17 0.00E+00 0.00E+00 1.19E-17
 1210.9 3.48E-17 1.35E-17 0.00E+00 0.00E+00 2.13E-17
 1211.6 4.24E-17 2.86E-17 0.00E+00 0.00E+00 1.38E-17
 1212.4 4.59E-17 2.07E-17 0.00E+00 0.00E+00 2.52E-17
 1214.2 2.04E-17 1.02E-17 0.00E+00 0.00E+00 1.02E-17
 1217.7 2.79E-17 1.32E-17 0.00E+00 0.00E+00 1.47E-17
 1218.9 2.80E-17 1.24E-17 0.00E+00 0.00E+00 1.56E-17
 1220.2 2.60E-17 1.09E-17 0.00E+00 0.00E+00 1.51E-17
 1221.0 2.62E-17 1.07E-17 0.00E+00 0.00E+00 1.55E-17
 1226.5 1.43E-17 8.93E-18 0.00E+00 0.00E+00 5.37E-18
 1229.3 2.12E-17 1.44E-17 0.00E+00 0.00E+00 6.83E-18
 1230.6 1.79E-17 1.06E-17 0.00E+00 0.00E+00 7.26E-18
 1232.9 3.47E-17 2.14E-17 0.00E+00 0.00E+00 1.33E-17
 1234.4 2.68E-17 1.30E-17 0.00E+00 0.00E+00 1.38E-17
 1235.2 2.91E-17 1.29E-17 0.00E+00 0.00E+00 1.62E-17
 1237.2 2.35E-17 1.03E-17 0.00E+00 0.00E+00 1.32E-17
 1238.0 2.52E-17 1.13E-17 0.00E+00 0.00E+00 1.39E-17
 1238.3 2.76E-17 1.25E-17 0.00E+00 0.00E+00 1.51E-17
 1239.8 3.07E-17 1.61E-17 0.00E+00 0.00E+00 1.46E-17
 1242.8 1.86E-17 8.44E-18 0.00E+00 0.00E+00 1.02E-17
 1247.0 1.19E-17 8.17E-18 0.00E+00 0.00E+00 3.73E-18
 1250.8 3.13E-17 2.18E-17 0.00E+00 0.00E+00 9.47E-18
 1252.1 3.90E-17 2.70E-17 0.00E+00 0.00E+00 1.20E-17
 1253.4 1.66E-17 1.13E-17 0.00E+00 0.00E+00 5.26E-18
 1256.5 3.87E-17 2.28E-17 0.00E+00 0.00E+00 1.59E-17
 1257.5 3.69E-17 1.93E-17 0.00E+00 0.00E+00 1.76E-17
 1259.3 3.75E-17 1.48E-17 0.00E+00 0.00E+00 2.27E-17
 1263.5 1.82E-17 8.28E-18 0.00E+00 0.00E+00 9.92E-18
 1265.0 2.10E-17 1.09E-17 0.00E+00 0.00E+00 1.01E-17
 1267.9 1.25E-17 7.26E-18 0.00E+00 0.00E+00 5.24E-18
 1272.1 1.61E-17 1.09E-17 0.00E+00 0.00E+00 5.18E-18
 1275.5 5.22E-17 2.95E-17 0.00E+00 0.00E+00 2.27E-17
 1278.6 2.01E-17 9.66E-18 0.00E+00 0.00E+00 1.04E-17
 1279.7 2.42E-17 1.46E-17 0.00E+00 0.00E+00 9.60E-18
 1282.0 3.72E-17 2.19E-17 0.00E+00 0.00E+00 1.53E-17
 1286.5 1.56E-17 7.76E-18 0.00E+00 0.00E+00 7.84E-18
 1288.6 2.04E-17 1.16E-17 0.00E+00 0.00E+00 8.84E-18
 1291.5 1.42E-17 7.57E-18 0.00E+00 0.00E+00 6.63E-18
 1292.8 1.65E-17 1.03E-17 0.00E+00 0.00E+00 6.25E-18
 1293.8 1.71E-17 1.16E-17 0.00E+00 0.00E+00 5.50E-18
 1296.0 5.21E-17 3.13E-17 0.00E+00 0.00E+00 2.08E-17
 1297.3 4.66E-17 2.53E-17 0.00E+00 0.00E+00 2.13E-17
 1299.2 5.62E-17 2.36E-17 0.00E+00 0.00E+00 3.26E-17
 1301.8 2.50E-17 7.50E-18 0.00E+00 0.00E+00 1.75E-17
 1303.7 2.29E-17 1.26E-17 0.00E+00 0.00E+00 1.03E-17
 1306.3 2.50E-17 1.56E-17 0.00E+00 0.00E+00 9.42E-18
 1312.5 1.55E-17 1.00E-17 0.00E+00 0.00E+00 5.48E-18
 1317.0 1.95E-17 1.24E-17 0.00E+00 0.00E+00 7.07E-18
 1318.6 3.44E-17 1.95E-17 0.00E+00 0.00E+00 1.49E-17
 1321.0 2.79E-17 1.17E-17 0.00E+00 0.00E+00 1.62E-17
 1323.4 7.56E-17 3.85E-17 0.00E+00 0.00E+00 3.71E-17
 1327.2 2.46E-17 1.01E-17 0.00E+00 0.00E+00 1.45E-17
 1331.8 1.79E-17 1.07E-17 0.00E+00 0.00E+00 7.23E-18
 1334.0 2.11E-17 1.31E-17 0.00E+00 0.00E+00 7.95E-18
 1339.4 1.30E-17 9.10E-18 0.00E+00 0.00E+00 3.90E-18
 1343.2 4.28E-17 3.09E-17 0.00E+00 0.00E+00 1.19E-17
 1348.6 2.08E-17 1.27E-17 0.00E+00 0.00E+00 8.11E-18
 1350.3 2.23E-17 1.46E-17 0.00E+00 0.00E+00 7.69E-18
 1353.0 5.77E-17 3.23E-17 0.00E+00 0.00E+00 2.54E-17
 1354.4 2.57E-17 1.01E-17 0.00E+00 0.00E+00 1.56E-17
 1357.9 2.46E-17 1.51E-17 0.00E+00 0.00E+00 9.47E-18
 1361.2 1.69E-17 1.23E-17 0.00E+00 0.00E+00 4.61E-18
 1362.6 1.88E-17 1.34E-17 0.00E+00 0.00E+00 5.37E-18
 1366.7 1.38E-17 1.06E-17 0.00E+00 0.00E+00 3.18E-18
 1370.9 3.24E-17 2.39E-17 0.00E+00 0.00E+00 8.53E-18
 1373.4 2.27E-17 1.03E-17 0.00E+00 0.00E+00 1.24E-17
 1376.1 2.76E-17 1.84E-17 0.00E+00 0.00E+00 9.19E-18
 1377.8 2.39E-17 1.65E-17 0.00E+00 0.00E+00 7.40E-18
 1380.0 3.63E-17 2.84E-17 0.00E+00 0.00E+00 7.88E-18
 1383.4 1.57E-17 9.89E-18 0.00E+00 0.00E+00 5.81E-18
 1385.9 2.12E-17 1.87E-17 0.00E+00 0.00E+00 2.46E-18
 1388.4 1.71E-17 1.18E-17 0.00E+00 0.00E+00 5.26E-18
 1392.9 2.16E-17 1.68E-17 0.00E+00 0.00E+00 4.80E-18
 1395.9 1.60E-17 1.34E-17 0.00E+00 0.00E+00 2.64E-18
 1396.5 1.81E-17 1.55E-17 0.00E+00 0.00E+00 2.62E-18
 1398.8 1.90E-17 1.74E-17 0.00E+00 0.00E+00 1.60E-18
 1400.7 1.86E-17 1.69E-17 0.00E+00 0.00E+00 1.72E-18
 1403.5 3.38E-17 3.15E-17 0.00E+00 0.00E+00 2.30E-18
 1410.0 2.38E-17 1.95E-17 0.00E+00 0.00E+00 4.34E-18
 1414.3 1.34E-17 1.23E-17 0.00E+00 0.00E+00 1.13E-18
 1417.7 1.71E-17 1.62E-17 0.00E+00 0.00E+00 8.57E-19
 1422.8 1.49E-17 1.26E-17 0.00E+00 0.00E+00 2.31E-18
 1425.6 2.44E-17 2.17E-17 0.00E+00 0.00E+00 2.75E-18
 1428.5 1.75E-17 1.53E-17 0.00E+00 0.00E+00 2.23E-18
 1430.5 2.15E-17 1.97E-17 0.00E+00 0.00E+00 1.76E-18
 1432.2 2.20E-17 2.03E-17 0.00E+00 0.00E+00 1.74E-18
 1433.7 1.90E-17 1.73E-17 0.00E+00 0.00E+00 1.71E-18
 1437.1 3.13E-17 2.96E-17 0.00E+00 0.00E+00 1.74E-18
 1438.5 2.98E-17 2.65E-17 0.00E+00 0.00E+00 3.34E-18
 1440.0 2.73E-17 2.27E-17 0.00E+00 0.00E+00 4.64E-18
 1445.7 2.84E-17 2.07E-17 0.00E+00 0.00E+00 7.66E-18
 1448.3 2.61E-17 1.69E-17 0.00E+00 0.00E+00 9.17E-18
 1449.5 2.61E-17 1.70E-17 0.00E+00 0.00E+00 9.08E-18
 1450.6 2.57E-17 1.71E-17 0.00E+00 0.00E+00 8.59E-18
 1453.3 2.53E-17 1.72E-17 0.00E+00 0.00E+00 8.08E-18
 1455.0 2.72E-17 1.93E-17 0.00E+00 0.00E+00 7.95E-18
 1460.8 2.09E-17 1.47E-17 0.00E+00 0.00E+00 6.21E-18
 1463.7 2.70E-17 1.76E-17 0.00E+00 0.00E+00 9.38E-18
 1466.0 2.09E-17 1.52E-17 0.00E+00 0.00E+00 5.71E-18
 1466.9 2.01E-17 1.53E-17 0.00E+00 0.00E+00 4.81E-18
 1469.0 1.86E-17 1.61E-17 0.00E+00 0.00E+00 2.49E-18
 1471.9 2.53E-17 2.24E-17 0.00E+00 0.00E+00 2.88E-18
 1472.5 2.57E-17 2.21E-17 0.00E+00 0.00E+00 3.63E-18
 1475.4 3.43E-17 2.19E-17 0.00E+00 0.00E+00 1.24E-17
 1480.7 3.05E-17 2.13E-17 0.00E+00 0.00E+00 9.24E-18
 1482.2 3.54E-17 2.24E-17 0.00E+00 0.00E+00 1.30E-17
 1485.4 3.20E-17 1.98E-17 0.00E+00 0.00E+00 1.22E-17
 1488.1 3.79E-17 2.45E-17 0.00E+00 0.00E+00 1.34E-17
 1491.0 4.09E-17 2.14E-17 0.00E+00 0.00E+00 1.95E-17
 1492.5 4.25E-17 2.33E-17 0.00E+00 0.00E+00 1.92E-17
 1494.6 3.58E-17 2.02E-17 0.00E+00 0.00E+00 1.56E-17
 1498.5 2.64E-17 1.79E-17 0.00E+00 0.00E+00 8.51E-18
 1501.4 4.17E-17 2.59E-17 0.00E+00 0.00E+00 1.58E-17
 1503.5 3.63E-17 2.53E-17 0.00E+00 0.00E+00 1.10E-17
 1505.9 5.02E-17 3.70E-17 0.00E+00 0.00E+00 1.32E-17
 1508.3 2.66E-17 1.83E-17 0.00E+00 0.00E+00 8.31E-18
 1511.9 2.36E-17 1.65E-17 0.00E+00 0.00E+00 7.15E-18
 1513.4 2.44E-17 1.58E-17 0.00E+00 0.00E+00 8.56E-18
 1516.4 2.24E-17 1.45E-17 0.00E+00 0.00E+00 7.88E-18
 1519.4 2.62E-17 2.09E-17 0.00E+00 0.00E+00 5.28E-18
 1522.4 2.53E-17 1.54E-17 0.00E+00 0.00E+00 9.94E-18
 1523.9 3.91E-17 2.18E-17 0.00E+00 0.00E+00 1.73E-17
 1526.3 3.39E-17 1.79E-17 0.00E+00 0.00E+00 1.60E-17
 1531.5 4.47E-17 2.63E-17 0.00E+00 0.00E+00 1.84E-17
 1534.2 4.46E-17 3.11E-17 0.00E+00 0.00E+00 1.35E-17
 1535.1 5.69E-17 3.96E-17 0.00E+00 0.00E+00 1.73E-17
 1543.6 2.67E-17 1.50E-17 0.00E+00 0.00E+00 1.17E-17
 1545.2 3.35E-17 1.89E-17 0.00E+00 0.00E+00 1.46E-17
 1547.3 2.34E-17 1.46E-17 0.00E+00 0.00E+00 8.77E-18
 1552.8 2.77E-17 0.00E+00 0.00E+00 0.00E+00 2.77E-17
 1558.9 6.44E-17 0.00E+00 0.00E+00 0.00E+00 6.44E-17
 1562.0 5.92E-17 0.00E+00 0.00E+00 0.00E+00 5.92E-17
 1562.9 6.59E-17 0.00E+00 0.00E+00 0.00E+00 6.59E-17
 1571.3 2.29E-17 0.00E+00 0.00E+00 0.00E+00 2.29E-17
 1574.4 3.83E-17 0.00E+00 0.00E+00 0.00E+00 3.83E-17
 1577.5 2.90E-17 0.00E+00 0.00E+00 0.00E+00 2.90E-17
 1582.8 8.56E-17 0.00E+00 0.00E+00 0.00E+00 8.56E-17
 1589.3 2.27E-17 0.00E+00 0.00E+00 0.00E+00 2.27E-17
 1590.6 1.54E-17 0.00E+00 0.00E+00 0.00E+00 1.54E-17
 1593.7 3.76E-17 0.00E+00 0.00E+00 0.00E+00 3.76E-17
 1597.2 2.38E-17 0.00E+00 0.00E+00 0.00E+00 2.38E-17
 1599.4 3.24E-17 0.00E+00 0.00E+00 0.00E+00 3.24E-17
 1603.1 3.52E-17 0.00E+00 0.00E+00 0.00E+00 3.52E-17
 1606.3 2.21E-17 0.00E+00 0.00E+00 0.00E+00 2.21E-17
 1608.8 7.15E-17 0.00E+00 0.00E+00 0.00E+00 7.15E-17
 1611.3 3.46E-17 0.00E+00 0.00E+00 0.00E+00 3.46E-17
 1612.6 4.39E-17 0.00E+00 0.00E+00 0.00E+00 4.39E-17
 1615.5 3.72E-17 0.00E+00 0.00E+00 0.00E+00 3.72E-17
 1619.3 5.65E-17 0.00E+00 0.00E+00 0.00E+00 5.65E-17
 1620.9 5.51E-17 0.00E+00 0.00E+00 0.00E+00 5.51E-17
 1621.8 6.44E-17 0.00E+00 0.00E+00 0.00E+00 6.44E-17
 1625.6 1.71E-17 0.00E+00 0.00E+00 0.00E+00 1.71E-17
 1631.7 2.87E-17 0.00E+00 0.00E+00 0.00E+00 2.87E-17
 1635.9 6.44E-17 0.00E+00 0.00E+00 0.00E+00 6.44E-17
 1640.7 1.86E-17 0.00E+00 0.00E+00 0.00E+00 1.86E-17
 1642.6 4.35E-17 0.00E+00 0.00E+00 0.00E+00 4.35E-17
 1645.5 1.49E-17 0.00E+00 0.00E+00 0.00E+00 1.49E-17
 1648.8 6.62E-17 0.00E+00 0.00E+00 0.00E+00 6.62E-17
 1660.7 1.71E-17 0.00E+00 0.00E+00 0.00E+00 1.71E-17
 1663.3 6.17E-18 0.00E+00 0.00E+00 0.00E+00 6.17E-18
 1665.0 2.73E-17 0.00E+00 0.00E+00 0.00E+00 2.73E-17
 1666.9 2.49E-17 0.00E+00 0.00E+00 0.00E+00 2.49E-17
 1668.2 2.85E-17 0.00E+00 0.00E+00 0.00E+00 2.85E-17
 1668.9 1.37E-17 0.00E+00 0.00E+00 0.00E+00 1.37E-17
 1670.5 3.63E-17 0.00E+00 0.00E+00 0.00E+00 3.63E-17
 1670.8 9.40E-18 0.00E+00 0.00E+00 0.00E+00 9.40E-18
 1672.5 3.46E-17 0.00E+00 0.00E+00 0.00E+00 3.46E-17
 1680.3 1.25E-17 0.00E+00 0.00E+00 0.00E+00 1.25E-17
 1686.3 2.00E-17 0.00E+00 0.00E+00 0.00E+00 2.00E-17
 1691.2 3.35E-17 0.00E+00 0.00E+00 0.00E+00 3.35E-17
 1706.1 2.15E-17 0.00E+00 0.00E+00 0.00E+00 2.15E-17
 1709.1 2.92E-17 0.00E+00 0.00E+00 0.00E+00 2.92E-17
 1713.8 1.56E-17 0.00E+00 0.00E+00 0.00E+00 1.56E-17
 1736.3 1.20E-17 0.00E+00 0.00E+00 0.00E+00 1.20E-17
 1747.2 1.67E-17 0.00E+00 0.00E+00 0.00E+00 1.67E-17
 1750.6 3.50E-17 0.00E+00 0.00E+00 0.00E+00 3.50E-17
 1752.0 3.70E-17 0.00E+00 0.00E+00 0.00E+00 3.70E-17
 1768.8 5.58E-18 0.00E+00 0.00E+00 0.00E+00 5.58E-18
 1788.5 4.91E-18 0.00E+00 0.00E+00 0.00E+00 4.91E-18
 1794.7 2.79E-17 0.00E+00 0.00E+00 0.00E+00 2.79E-17
 1801.7 4.09E-18 0.00E+00 0.00E+00 0.00E+00 4.09E-18
 1808.7 2.94E-17 0.00E+00 0.00E+00 0.00E+00 2.94E-17
 1814.0 1.09E-17 0.00E+00 0.00E+00 0.00E+00 1.09E-17
 1830.6 3.54E-18 0.00E+00 0.00E+00 0.00E+00 3.54E-18
 1835.3 3.52E-18 0.00E+00 0.00E+00 0.00E+00 3.52E-18
 1851.3 2.80E-19 0.00E+00 0.00E+00 0.00E+00 2.80E-19
 1853.2 2.57E-17 0.00E+00 0.00E+00 0.00E+00 2.57E-17
 1858.5 2.03E-17 0.00E+00 0.00E+00 0.00E+00 2.03E-17
 1873.0 4.47E-18 0.00E+00 0.00E+00 0.00E+00 4.47E-18
 1897.9 2.45E-18 0.00E+00 0.00E+00 0.00E+00 2.45E-18
 1904.1 1.20E-18 0.00E+00 0.00E+00 0.00E+00 1.20E-18
 1920.0 2.03E-18 0.00E+00 0.00E+00 0.00E+00 2.03E-18
 2034.4 1.50E-20 0.00E+00 0.00E+00 0.00E+00 1.50E-20
 2081.8 1.50E-20 0.00E+00 0.00E+00 0.00E+00 1.50E-20
 2083.4 1.00E-35 0.00E+00 0.00E+00 0.00E+00 1.00E-35
 2431.8 1.00E-35 0.00E+00 0.00E+00 0.00E+00 1.00E-35
